/*--------------------------------*- C++ -*----------------------------------*\
| =========                 |                                                 |
| \\      /  F ield         | OpenFOAM: The Open Source CFD Toolbox           |
|  \\    /   O peration     | Version:  2.2.0                                 |
|   \\  /    A nd           | Web:      www.OpenFOAM.org                      |
|    \\/     M anipulation  |                                                 |
\*---------------------------------------------------------------------------*/
FoamFile
{
    version     2.0;
    format      ascii;
    class       volScalarField;
    location    "2.3";
    object      Theta;
}
// * * * * * * * * * * * * * * * * * * * * * * * * * * * * * * * * * * * * * //

dimensions      [0 2 -2 0 0 0 0];

internalField   nonuniform List<scalar> 
1600
(
2.14428
1.95065
1.88767
1.82961
1.78054
1.73818
1.70049
1.66648
1.6354
1.60677
1.5802
1.55541
1.53216
1.51027
1.48959
1.46999
1.45134
1.43415
1.41281
1.41629
2.14433
1.95066
1.88768
1.82961
1.78054
1.73818
1.70049
1.66648
1.6354
1.60677
1.5802
1.55541
1.53216
1.51027
1.48959
1.46999
1.45134
1.43415
1.41281
1.41629
2.14432
1.95066
1.88768
1.82961
1.78054
1.73818
1.70049
1.66648
1.6354
1.60677
1.5802
1.55541
1.53216
1.51027
1.48959
1.46999
1.45134
1.43415
1.41281
1.41629
2.14432
1.95066
1.88768
1.82961
1.78054
1.73818
1.7005
1.66648
1.6354
1.60677
1.5802
1.55541
1.53216
1.51027
1.48959
1.46999
1.45134
1.43415
1.41281
1.41629
2.14432
1.95066
1.88768
1.82961
1.78054
1.73818
1.7005
1.66648
1.6354
1.60677
1.5802
1.55541
1.53216
1.51027
1.48959
1.46999
1.45134
1.43415
1.41281
1.41629
2.14432
1.95066
1.88768
1.82961
1.78054
1.73818
1.7005
1.66648
1.6354
1.60677
1.5802
1.55541
1.53216
1.51027
1.48959
1.46999
1.45134
1.43415
1.41281
1.41629
2.14432
1.95066
1.88768
1.82961
1.78054
1.73818
1.7005
1.66648
1.6354
1.60677
1.5802
1.55541
1.53216
1.51027
1.48959
1.46999
1.45134
1.43415
1.41281
1.41629
2.14432
1.95066
1.88768
1.82961
1.78054
1.73818
1.7005
1.66648
1.6354
1.60677
1.5802
1.55541
1.53216
1.51027
1.48959
1.46999
1.45134
1.43415
1.41281
1.41629
2.14432
1.95066
1.88768
1.82961
1.78054
1.73818
1.7005
1.66648
1.6354
1.60677
1.5802
1.55541
1.53216
1.51027
1.48959
1.46999
1.45134
1.43415
1.41281
1.41629
2.14432
1.95066
1.88768
1.82961
1.78054
1.73818
1.7005
1.66648
1.6354
1.60677
1.5802
1.55541
1.53216
1.51027
1.48959
1.46999
1.45134
1.43415
1.41281
1.41629
2.14432
1.95066
1.88768
1.82961
1.78054
1.73818
1.7005
1.66648
1.6354
1.60677
1.5802
1.55541
1.53216
1.51027
1.48959
1.46999
1.45134
1.43415
1.41281
1.41629
2.14432
1.95066
1.88768
1.82961
1.78054
1.73818
1.7005
1.66648
1.6354
1.60677
1.5802
1.55541
1.53216
1.51027
1.48959
1.46999
1.45134
1.43415
1.41281
1.41629
2.14432
1.95066
1.88768
1.82961
1.78054
1.73818
1.7005
1.66648
1.6354
1.60677
1.5802
1.55541
1.53216
1.51027
1.48959
1.46999
1.45134
1.43415
1.41281
1.41629
2.14432
1.95066
1.88768
1.82961
1.78054
1.73818
1.7005
1.66648
1.6354
1.60677
1.5802
1.55541
1.53216
1.51027
1.48959
1.46999
1.45134
1.43415
1.41281
1.41629
2.14432
1.95066
1.88768
1.82961
1.78054
1.73818
1.7005
1.66648
1.6354
1.60677
1.5802
1.55541
1.53216
1.51027
1.48959
1.46999
1.45134
1.43415
1.41281
1.41629
2.14432
1.95066
1.88768
1.82961
1.78054
1.73818
1.7005
1.66648
1.6354
1.60677
1.5802
1.55541
1.53216
1.51027
1.48959
1.46999
1.45134
1.43415
1.41281
1.41629
2.14432
1.95066
1.88768
1.82961
1.78054
1.73818
1.70049
1.66648
1.6354
1.60677
1.5802
1.55541
1.53216
1.51027
1.48959
1.46999
1.45134
1.43415
1.41281
1.41629
2.14432
1.95066
1.88768
1.82961
1.78054
1.73818
1.70049
1.66648
1.6354
1.60677
1.5802
1.55541
1.53216
1.51027
1.48959
1.46999
1.45134
1.43415
1.41281
1.41629
2.14433
1.95065
1.88767
1.82961
1.78054
1.73818
1.70049
1.66648
1.6354
1.60677
1.5802
1.55541
1.53216
1.51027
1.48959
1.46999
1.45134
1.43415
1.41281
1.41629
2.14428
1.95065
1.88767
1.82961
1.78053
1.73818
1.70049
1.66648
1.6354
1.60677
1.5802
1.55541
1.53216
1.51027
1.48959
1.46999
1.45134
1.43415
1.41281
1.41629
2.14428
1.95065
1.88767
1.82961
1.78053
1.73818
1.70049
1.66648
1.6354
1.60677
1.5802
1.55541
1.53216
1.51027
1.48959
1.46999
1.45134
1.43415
1.41281
1.41629
2.14433
1.95065
1.88767
1.82961
1.78054
1.73818
1.70049
1.66648
1.6354
1.60677
1.5802
1.55541
1.53216
1.51027
1.48959
1.46999
1.45134
1.43415
1.41281
1.41629
2.14432
1.95066
1.88768
1.82961
1.78054
1.73818
1.70049
1.66648
1.6354
1.60677
1.5802
1.55541
1.53216
1.51027
1.48959
1.46999
1.45134
1.43415
1.41281
1.41629
2.14432
1.95066
1.88768
1.82961
1.78054
1.73818
1.70049
1.66648
1.6354
1.60677
1.5802
1.55541
1.53216
1.51027
1.48959
1.46999
1.45134
1.43415
1.41281
1.41629
2.14432
1.95066
1.88768
1.82961
1.78054
1.73818
1.70049
1.66648
1.6354
1.60677
1.5802
1.55541
1.53216
1.51027
1.48959
1.46999
1.45134
1.43415
1.41281
1.41629
2.14432
1.95066
1.88768
1.82961
1.78054
1.73818
1.7005
1.66648
1.6354
1.60677
1.5802
1.55541
1.53216
1.51027
1.48959
1.46999
1.45134
1.43415
1.41281
1.41629
2.14432
1.95066
1.88768
1.82961
1.78054
1.73818
1.7005
1.66648
1.6354
1.60677
1.5802
1.55541
1.53216
1.51027
1.48959
1.46999
1.45134
1.43415
1.41281
1.41629
2.14432
1.95066
1.88768
1.82961
1.78054
1.73818
1.7005
1.66648
1.6354
1.60677
1.5802
1.55541
1.53216
1.51027
1.48959
1.46999
1.45134
1.43415
1.41281
1.41629
2.14432
1.95066
1.88768
1.82961
1.78054
1.73818
1.7005
1.66648
1.6354
1.60677
1.5802
1.55541
1.53216
1.51027
1.48959
1.46999
1.45134
1.43415
1.41281
1.41629
2.14432
1.95066
1.88768
1.82961
1.78054
1.73818
1.7005
1.66648
1.6354
1.60677
1.5802
1.55541
1.53216
1.51027
1.48959
1.46999
1.45134
1.43415
1.41281
1.41629
2.14432
1.95066
1.88768
1.82961
1.78054
1.73818
1.7005
1.66648
1.6354
1.60677
1.5802
1.55541
1.53216
1.51027
1.48959
1.46999
1.45134
1.43415
1.41281
1.41629
2.14432
1.95066
1.88768
1.82961
1.78054
1.73818
1.7005
1.66648
1.6354
1.60677
1.5802
1.55541
1.53216
1.51027
1.48959
1.46999
1.45134
1.43415
1.41281
1.41629
2.14432
1.95066
1.88768
1.82961
1.78054
1.73818
1.7005
1.66648
1.6354
1.60677
1.5802
1.55541
1.53216
1.51027
1.48959
1.46999
1.45134
1.43415
1.41281
1.41629
2.14432
1.95066
1.88768
1.82961
1.78054
1.73818
1.7005
1.66648
1.6354
1.60677
1.5802
1.55541
1.53216
1.51027
1.48959
1.46999
1.45134
1.43415
1.41281
1.41629
2.14432
1.95066
1.88768
1.82961
1.78054
1.73818
1.70049
1.66648
1.6354
1.60677
1.5802
1.55541
1.53216
1.51027
1.48959
1.46999
1.45134
1.43415
1.41281
1.41629
2.14432
1.95066
1.88768
1.82961
1.78054
1.73818
1.70049
1.66648
1.6354
1.60677
1.5802
1.55541
1.53216
1.51027
1.48959
1.46999
1.45134
1.43415
1.41281
1.41629
2.14432
1.95066
1.88768
1.82961
1.78054
1.73818
1.70049
1.66648
1.6354
1.60677
1.5802
1.55541
1.53216
1.51027
1.48959
1.46999
1.45134
1.43415
1.41281
1.41629
2.14432
1.95066
1.88768
1.82961
1.78053
1.73818
1.70049
1.66648
1.6354
1.60677
1.5802
1.55541
1.53216
1.51027
1.48959
1.46999
1.45134
1.43415
1.41281
1.41629
2.14433
1.95065
1.88767
1.82961
1.78053
1.73818
1.70049
1.66648
1.6354
1.60677
1.5802
1.55541
1.53216
1.51027
1.48959
1.46999
1.45134
1.43415
1.41281
1.41629
2.14428
1.95065
1.88767
1.82961
1.78053
1.73818
1.70049
1.66648
1.6354
1.60677
1.5802
1.55541
1.53216
1.51027
1.48959
1.46999
1.45134
1.43415
1.41281
1.41629
2.14428
1.95065
1.88767
1.82961
1.78053
1.73818
1.70049
1.66648
1.6354
1.60677
1.5802
1.55541
1.53216
1.51027
1.48959
1.46999
1.45134
1.43415
1.41281
1.41629
2.14433
1.95065
1.88767
1.82961
1.78053
1.73818
1.70049
1.66648
1.6354
1.60677
1.5802
1.55541
1.53216
1.51027
1.48959
1.46999
1.45134
1.43415
1.41281
1.41629
2.14432
1.95066
1.88768
1.82961
1.78053
1.73818
1.70049
1.66648
1.6354
1.60677
1.5802
1.55541
1.53216
1.51027
1.48959
1.46999
1.45134
1.43415
1.41281
1.41629
2.14432
1.95066
1.88768
1.82961
1.78054
1.73818
1.70049
1.66648
1.6354
1.60677
1.5802
1.55541
1.53216
1.51027
1.48959
1.46999
1.45134
1.43415
1.41281
1.41629
2.14432
1.95066
1.88768
1.82961
1.78054
1.73818
1.70049
1.66648
1.6354
1.60677
1.5802
1.55541
1.53216
1.51027
1.48959
1.46999
1.45134
1.43415
1.41281
1.41629
2.14432
1.95066
1.88768
1.82961
1.78054
1.73818
1.70049
1.66648
1.6354
1.60677
1.5802
1.55541
1.53216
1.51027
1.48959
1.46999
1.45134
1.43415
1.41281
1.41629
2.14432
1.95066
1.88768
1.82961
1.78054
1.73818
1.70049
1.66648
1.6354
1.60677
1.5802
1.55541
1.53216
1.51027
1.48959
1.46999
1.45134
1.43415
1.41281
1.41629
2.14432
1.95066
1.88768
1.82961
1.78054
1.73818
1.70049
1.66648
1.6354
1.60677
1.5802
1.55541
1.53216
1.51027
1.48959
1.46999
1.45134
1.43415
1.41281
1.41629
2.14432
1.95066
1.88768
1.82961
1.78054
1.73818
1.70049
1.66648
1.6354
1.60677
1.5802
1.55541
1.53216
1.51027
1.48959
1.46999
1.45134
1.43415
1.41281
1.41629
2.14432
1.95066
1.88768
1.82961
1.78054
1.73818
1.7005
1.66648
1.6354
1.60677
1.5802
1.55541
1.53216
1.51027
1.48959
1.46999
1.45134
1.43415
1.41281
1.41629
2.14432
1.95066
1.88768
1.82961
1.78054
1.73818
1.7005
1.66648
1.6354
1.60677
1.5802
1.55541
1.53216
1.51027
1.48959
1.46999
1.45134
1.43415
1.41281
1.41629
2.14432
1.95066
1.88768
1.82961
1.78054
1.73818
1.7005
1.66648
1.6354
1.60677
1.5802
1.55541
1.53216
1.51027
1.48959
1.46999
1.45134
1.43415
1.41281
1.41629
2.14432
1.95066
1.88768
1.82961
1.78054
1.73818
1.7005
1.66648
1.6354
1.60677
1.5802
1.55541
1.53216
1.51027
1.48959
1.46999
1.45134
1.43415
1.41281
1.41629
2.14432
1.95066
1.88768
1.82961
1.78054
1.73818
1.7005
1.66648
1.6354
1.60677
1.5802
1.55541
1.53216
1.51027
1.48959
1.46999
1.45134
1.43415
1.41281
1.41629
2.14432
1.95066
1.88768
1.82961
1.78054
1.73818
1.70049
1.66648
1.6354
1.60677
1.5802
1.55541
1.53216
1.51027
1.48959
1.46999
1.45134
1.43415
1.41281
1.41629
2.14432
1.95066
1.88768
1.82961
1.78054
1.73818
1.70049
1.66648
1.6354
1.60677
1.5802
1.55541
1.53216
1.51027
1.48959
1.46999
1.45134
1.43415
1.41281
1.41629
2.14432
1.95066
1.88768
1.82961
1.78054
1.73818
1.70049
1.66648
1.6354
1.60677
1.5802
1.55541
1.53216
1.51027
1.48959
1.46999
1.45134
1.43415
1.41281
1.41629
2.14432
1.95066
1.88768
1.82961
1.78054
1.73818
1.70049
1.66648
1.6354
1.60677
1.5802
1.55541
1.53216
1.51027
1.48959
1.46999
1.45134
1.43415
1.41281
1.41629
2.14433
1.95065
1.88767
1.82961
1.78053
1.73818
1.70049
1.66648
1.6354
1.60677
1.5802
1.55541
1.53216
1.51027
1.48959
1.46999
1.45134
1.43415
1.41281
1.4163
2.14428
1.95065
1.88767
1.82961
1.78053
1.73818
1.70049
1.66648
1.6354
1.60677
1.5802
1.55541
1.53216
1.51027
1.48959
1.46999
1.45134
1.43415
1.41281
1.41629
2.14428
2.14433
2.14433
2.14432
2.14432
2.14432
2.14432
2.14432
2.14432
2.14432
2.14432
2.14432
2.14432
2.14432
2.14432
2.14432
2.14432
2.14432
2.14433
2.14428
1.95065
1.95065
1.95066
1.95066
1.95066
1.95066
1.95066
1.95066
1.95066
1.95066
1.95066
1.95066
1.95066
1.95066
1.95066
1.95066
1.95066
1.95066
1.95065
1.95065
1.88767
1.88768
1.88768
1.88768
1.88768
1.88768
1.88768
1.88768
1.88768
1.88768
1.88768
1.88768
1.88768
1.88768
1.88768
1.88768
1.88768
1.88768
1.88767
1.88767
1.82961
1.82961
1.82961
1.82961
1.82961
1.82961
1.82961
1.82961
1.82961
1.82961
1.82961
1.82961
1.82961
1.82961
1.82961
1.82961
1.82961
1.82961
1.82961
1.82961
1.78054
1.78054
1.78054
1.78054
1.78054
1.78054
1.78054
1.78054
1.78054
1.78054
1.78054
1.78054
1.78054
1.78054
1.78054
1.78054
1.78054
1.78054
1.78053
1.78053
1.73818
1.73818
1.73818
1.73818
1.73818
1.73818
1.73818
1.73818
1.73818
1.73818
1.73818
1.73818
1.73818
1.73818
1.73818
1.73818
1.73818
1.73818
1.73818
1.73818
1.70049
1.70049
1.70049
1.70049
1.7005
1.7005
1.7005
1.7005
1.7005
1.7005
1.7005
1.7005
1.7005
1.7005
1.7005
1.70049
1.70049
1.70049
1.70049
1.70049
1.66648
1.66648
1.66648
1.66648
1.66648
1.66648
1.66648
1.66648
1.66648
1.66648
1.66648
1.66648
1.66648
1.66648
1.66648
1.66648
1.66648
1.66648
1.66648
1.66648
1.6354
1.6354
1.6354
1.6354
1.6354
1.6354
1.6354
1.6354
1.6354
1.6354
1.6354
1.6354
1.6354
1.6354
1.6354
1.6354
1.6354
1.6354
1.6354
1.6354
1.60677
1.60677
1.60677
1.60677
1.60677
1.60677
1.60677
1.60677
1.60677
1.60677
1.60677
1.60677
1.60677
1.60677
1.60677
1.60677
1.60677
1.60677
1.60677
1.60677
1.5802
1.5802
1.5802
1.5802
1.5802
1.5802
1.5802
1.5802
1.5802
1.5802
1.5802
1.5802
1.5802
1.5802
1.5802
1.5802
1.5802
1.5802
1.5802
1.5802
1.55541
1.55541
1.55541
1.55541
1.55541
1.55541
1.55541
1.55541
1.55541
1.55541
1.55541
1.55541
1.55541
1.55541
1.55541
1.55541
1.55541
1.55541
1.55541
1.55541
1.53216
1.53216
1.53216
1.53216
1.53216
1.53216
1.53216
1.53216
1.53216
1.53216
1.53216
1.53216
1.53216
1.53216
1.53216
1.53216
1.53216
1.53216
1.53216
1.53216
1.51027
1.51027
1.51027
1.51027
1.51027
1.51027
1.51027
1.51027
1.51027
1.51027
1.51027
1.51027
1.51027
1.51027
1.51027
1.51027
1.51027
1.51027
1.51027
1.51027
1.48959
1.48959
1.48959
1.48959
1.48959
1.48959
1.48959
1.48959
1.48959
1.48959
1.48959
1.48959
1.48959
1.48959
1.48959
1.48959
1.48959
1.48959
1.48959
1.48959
1.46999
1.46999
1.46999
1.46999
1.46999
1.46999
1.46999
1.46999
1.46999
1.46999
1.46999
1.46999
1.46999
1.46999
1.46999
1.46999
1.46999
1.46999
1.46999
1.46999
1.45134
1.45134
1.45134
1.45134
1.45134
1.45134
1.45134
1.45134
1.45134
1.45134
1.45134
1.45134
1.45134
1.45134
1.45134
1.45134
1.45134
1.45134
1.45134
1.45134
1.43415
1.43415
1.43415
1.43415
1.43415
1.43415
1.43415
1.43415
1.43415
1.43415
1.43415
1.43415
1.43415
1.43415
1.43415
1.43415
1.43415
1.43415
1.43415
1.43415
1.41281
1.41281
1.41281
1.41281
1.41281
1.41281
1.41281
1.41281
1.41281
1.41281
1.41281
1.41281
1.41281
1.41281
1.41281
1.41281
1.41281
1.41281
1.41281
1.41281
1.41629
1.41629
1.41629
1.41629
1.41629
1.41629
1.41629
1.41629
1.41629
1.41629
1.41629
1.41629
1.41629
1.41629
1.41629
1.41629
1.41629
1.4163
1.41629
1.41629
)
;

boundaryField
{
    up
    {
        type            myTemperature;
        value           nonuniform List<scalar> 
80
(
1.38779
1.38779
1.38779
1.38779
1.38779
1.38779
1.38779
1.38779
1.38779
1.38779
1.38779
1.38779
1.38779
1.38779
1.38779
1.38779
1.38779
1.38779
1.38779
1.38779
1.38779
1.38779
1.38779
1.38779
1.38779
1.38779
1.38779
1.38779
1.38779
1.38779
1.38779
1.38779
1.38779
1.38779
1.38779
1.38779
1.38779
1.38779
1.38779
1.38779
1.38779
1.38779
1.38779
1.38779
1.38779
1.38779
1.38779
1.38779
1.38779
1.38779
1.38779
1.38779
1.38779
1.38779
1.38779
1.38779
1.38779
1.38779
1.38779
1.38779
1.38779
1.38779
1.38779
1.38779
1.38779
1.38779
1.38779
1.38779
1.38779
1.38779
1.38779
1.38779
1.38779
1.38779
1.38779
1.38779
1.38779
1.38779
1.38779
1.38779
)
;
    }
    hole
    {
        type            myTemperature;
        value           nonuniform List<scalar> 
80
(
2.01608
2.01608
2.01609
2.01609
2.01609
2.01609
2.01609
2.01609
2.01609
2.01609
2.01609
2.01609
2.01609
2.01609
2.01609
2.01609
2.01609
2.01609
2.01608
2.01608
2.01608
2.01608
2.01609
2.01609
2.01609
2.01609
2.01609
2.01609
2.01609
2.01609
2.01609
2.01609
2.01609
2.01609
2.01609
2.01609
2.01609
2.01608
2.01608
2.01608
2.01608
2.01608
2.01608
2.01609
2.01609
2.01609
2.01609
2.01609
2.01609
2.01609
2.01609
2.01609
2.01609
2.01609
2.01609
2.01609
2.01609
2.01609
2.01608
2.01608
2.01608
2.01608
2.01609
2.01609
2.01609
2.01609
2.01609
2.01609
2.01609
2.01609
2.01609
2.01609
2.01609
2.01609
2.01609
2.01609
2.01609
2.01609
2.01608
2.01608
)
;
    }
    frontAndBack
    {
        type            empty;
    }
}


// ************************************************************************* //
