/*--------------------------------*- C++ -*----------------------------------*\
| =========                 |                                                 |
| \\      /  F ield         | OpenFOAM: The Open Source CFD Toolbox           |
|  \\    /   O peration     | Version:  2.2.0                                 |
|   \\  /    A nd           | Web:      www.OpenFOAM.org                      |
|    \\/     M anipulation  |                                                 |
\*---------------------------------------------------------------------------*/
FoamFile
{
    version     2.0;
    format      ascii;
    class       volScalarField;
    location    "6";
    object      Theta;
}
// * * * * * * * * * * * * * * * * * * * * * * * * * * * * * * * * * * * * * //

dimensions      [0 2 -2 0 0 0 0];

internalField   nonuniform List<scalar> 
7920
(
3.00908
2.84542
3.17354
3.2786
3.48604
3.72814
3.78704
4.63036
2.99365
2.80135
3.11794
3.19799
3.38452
3.5577
3.67638
4.03746
2.97363
2.75365
3.06557
3.12928
3.30397
3.44852
3.59314
3.78898
2.95003
2.69713
3.0041
3.04953
3.2078
3.32803
3.46159
3.56794
2.92739
2.64702
2.9543
2.98877
3.13892
3.24944
3.37675
3.45383
2.91298
2.61523
2.92395
2.95255
3.0987
3.20467
3.32742
3.3926
2.91405
2.61533
2.92436
2.95282
3.09896
3.20487
3.32759
3.39271
2.93024
2.64725
2.95538
2.98948
3.13961
3.25
3.3772
3.45415
2.95399
2.69742
3.00561
3.05052
3.20876
3.32881
3.4622
3.56842
2.97783
2.7539
3.06717
3.13031
3.30499
3.44938
3.5938
3.78962
2.99751
2.80154
3.11937
3.19887
3.38537
3.55841
3.67682
4.03806
3.01112
2.84563
3.17435
3.27911
3.4865
3.72856
3.78728
4.63099
2.38263
2.34599
2.43249
2.46707
2.5306
2.60395
2.65083
2.86393
2.38407
2.34658
2.42695
2.45553
2.51269
2.56504
2.63295
2.6891
2.38561
2.34974
2.42285
2.4463
2.49599
2.53633
2.59729
2.61038
2.38975
2.35763
2.423
2.4424
2.48554
2.51839
2.57177
2.56847
2.39543
2.3686
2.4264
2.44281
2.48058
2.50848
2.55397
2.54524
2.39905
2.37696
2.42938
2.44423
2.47887
2.50434
2.54536
2.53634
2.39702
2.37696
2.42865
2.44383
2.47846
2.50402
2.54509
2.53618
2.39034
2.36863
2.42455
2.44178
2.47953
2.50764
2.55326
2.54476
2.38349
2.35769
2.42069
2.44111
2.48419
2.51729
2.57083
2.56775
2.37987
2.34986
2.42069
2.44508
2.49469
2.53521
2.59633
2.60942
2.3794
2.3467
2.42517
2.45453
2.51161
2.56409
2.63223
2.68819
2.37968
2.34606
2.43132
2.46637
2.52983
2.60323
2.65027
2.86305
2.18608
2.18229
2.21381
2.23225
2.2615
2.29238
2.33067
2.37722
2.18936
2.18298
2.21175
2.22647
2.25159
2.27347
2.31514
2.30415
2.1937
2.18522
2.21084
2.22198
2.24236
2.2587
2.29024
2.27457
2.20053
2.19085
2.21374
2.22229
2.23945
2.25304
2.27924
2.26768
2.20876
2.19816
2.21846
2.22474
2.23915
2.25043
2.27177
2.26329
2.21484
2.20364
2.22227
2.22718
2.24002
2.25013
2.26901
2.26306
2.21497
2.20363
2.22233
2.22721
2.24005
2.25015
2.26903
2.26308
2.209
2.19814
2.21856
2.22479
2.23921
2.25047
2.27181
2.26333
2.20059
2.19085
2.2138
2.22232
2.2395
2.25308
2.27928
2.26772
2.19348
2.18524
2.21082
2.22197
2.24237
2.25872
2.29027
2.27456
2.18903
2.18301
2.21168
2.22646
2.25159
2.27348
2.31521
2.30412
2.18606
2.18229
2.21385
2.23227
2.26153
2.2924
2.33075
2.37714
2.09737
2.09661
2.10977
2.1184
2.13168
2.14515
2.16722
2.17704
2.0993
2.0972
2.10916
2.11603
2.12721
2.13676
2.15856
2.14513
2.10187
2.09862
2.10926
2.11443
2.12333
2.1305
2.14608
2.13436
2.10583
2.10188
2.11157
2.11567
2.1233
2.12958
2.14243
2.13555
2.11057
2.10588
2.11469
2.1178
2.1243
2.1297
2.1402
2.13616
2.11413
2.10881
2.1171
2.11957
2.12545
2.13041
2.13979
2.13755
2.11444
2.10877
2.1172
2.11961
2.12549
2.13044
2.13981
2.13756
2.11127
2.10579
2.11492
2.11788
2.12439
2.12977
2.14025
2.13618
2.10655
2.10176
2.11181
2.11575
2.1234
2.12965
2.14248
2.13558
2.10234
2.0985
2.10942
2.11447
2.1234
2.13055
2.14613
2.13438
2.09954
2.0971
2.10925
2.11603
2.12725
2.13679
2.15859
2.14513
2.09764
2.09652
2.10988
2.11843
2.13173
2.14519
2.16727
2.17705
2.04899
2.04745
2.05348
2.05705
2.06277
2.06837
2.07876
2.08026
2.04998
2.04773
2.0532
2.05589
2.06056
2.06435
2.07408
2.06556
2.05128
2.04844
2.05331
2.0552
2.05879
2.06152
2.06812
2.06118
2.05327
2.05004
2.05452
2.05592
2.05894
2.0613
2.06658
2.06242
2.05564
2.05198
2.05611
2.05705
2.05958
2.06156
2.06576
2.06318
2.05743
2.05339
2.05734
2.05798
2.06023
2.06201
2.06571
2.06407
2.05762
2.05337
2.0574
2.058
2.06026
2.06203
2.06573
2.06407
2.05608
2.05193
2.05626
2.05711
2.05965
2.06161
2.06581
2.0632
2.05374
2.04996
2.05468
2.05598
2.05902
2.06135
2.06664
2.06244
2.05161
2.04836
2.05343
2.05524
2.05885
2.06157
2.06817
2.06121
2.05017
2.04765
2.05327
2.05591
2.06059
2.06438
2.07411
2.06559
2.04918
2.04738
2.05356
2.05707
2.06282
2.06842
2.0788
2.08031
2.02352
2.02253
2.02547
2.02714
2.02984
2.03249
2.03745
2.03794
2.02399
2.02267
2.02535
2.02661
2.02881
2.03065
2.03516
2.03131
2.02462
2.02303
2.02544
2.02634
2.02806
2.02942
2.03251
2.0295
2.02556
2.02379
2.02603
2.02671
2.02818
2.02938
2.03188
2.03019
2.02668
2.0247
2.0268
2.02728
2.02853
2.02956
2.03159
2.03064
2.02753
2.02537
2.02739
2.02772
2.02885
2.0298
2.03161
2.03109
2.02763
2.02536
2.02742
2.02774
2.02887
2.02981
2.03162
2.03109
2.02692
2.02468
2.02688
2.02731
2.02856
2.02959
2.03161
2.03065
2.02581
2.02375
2.02612
2.02675
2.02822
2.02941
2.03191
2.0302
2.02479
2.02298
2.0255
2.02636
2.02809
2.02945
2.03254
2.02952
2.0241
2.02263
2.02539
2.02662
2.02883
2.03067
2.03518
2.03132
2.02362
2.0225
2.02551
2.02715
2.02986
2.03252
2.03748
2.03797
2.01063
2.00998
2.01132
2.01201
2.01317
2.01431
2.01643
2.01659
2.01085
2.01004
2.01127
2.01178
2.01272
2.01351
2.01538
2.01374
2.01113
2.0102
2.01132
2.01168
2.01241
2.01299
2.01427
2.013
2.01155
2.01054
2.01159
2.01185
2.01247
2.01298
2.01401
2.01329
2.01205
2.01094
2.01193
2.0121
2.01263
2.01307
2.0139
2.0135
2.01244
2.01124
2.01219
2.0123
2.01278
2.01317
2.01392
2.01369
2.01248
2.01123
2.01221
2.01231
2.01279
2.01318
2.01392
2.01369
2.01217
2.01094
2.01197
2.01212
2.01265
2.01308
2.01391
2.0135
2.01168
2.01052
2.01163
2.01187
2.01249
2.01299
2.01402
2.0133
2.01122
2.01018
2.01135
2.01169
2.01242
2.01301
2.01429
2.01301
2.0109
2.01002
2.01129
2.01179
2.01273
2.01352
2.0154
2.01375
2.01068
2.00996
2.01134
2.01202
2.01318
2.01432
2.01645
2.01661
2.0045
2.00415
2.00474
2.00502
2.00551
2.00599
2.00686
2.00695
2.0046
2.00418
2.00472
2.00493
2.00532
2.00566
2.00642
2.00581
2.00471
2.00425
2.00475
2.0049
2.00521
2.00546
2.00599
2.00552
2.00489
2.00439
2.00486
2.00497
2.00523
2.00546
2.00588
2.00564
2.0051
2.00456
2.005
2.00508
2.00531
2.0055
2.00585
2.00572
2.00526
2.00468
2.00511
2.00516
2.00537
2.00555
2.00586
2.0058
2.00529
2.00468
2.00512
2.00517
2.00537
2.00555
2.00586
2.0058
2.00516
2.00455
2.00502
2.00509
2.00531
2.00551
2.00585
2.00572
2.00495
2.00438
2.00488
2.00498
2.00525
2.00547
2.00589
2.00564
2.00476
2.00424
2.00476
2.0049
2.00521
2.00547
2.00599
2.00553
2.00462
2.00417
2.00473
2.00494
2.00533
2.00567
2.00642
2.00581
2.00453
2.00414
2.00475
2.00503
2.00551
2.00599
2.00687
2.00696
2.0017
2.00154
2.00177
2.00187
2.00205
2.00223
2.00255
2.00259
2.00174
2.00155
2.00176
2.00184
2.00199
2.00212
2.00239
2.00219
2.00179
2.00158
2.00178
2.00183
2.00195
2.00205
2.00224
2.00209
2.00185
2.00163
2.00182
2.00186
2.00196
2.00205
2.0022
2.00213
2.00193
2.0017
2.00187
2.0019
2.00199
2.00207
2.00219
2.00216
2.00199
2.00174
2.00191
2.00193
2.00201
2.00208
2.0022
2.00219
2.002
2.00174
2.00192
2.00194
2.00201
2.00208
2.0022
2.00219
2.00196
2.00169
2.00188
2.00191
2.00199
2.00207
2.0022
2.00216
2.00188
2.00163
2.00183
2.00187
2.00197
2.00205
2.00221
2.00213
2.00181
2.00158
2.00178
2.00184
2.00195
2.00205
2.00224
2.0021
2.00175
2.00155
2.00177
2.00184
2.00199
2.00212
2.00239
2.00219
2.00172
2.00154
2.00177
2.00188
2.00206
2.00224
2.00255
2.0026
2.00035
2.00032
2.00036
2.00038
2.00041
2.00044
2.0005
2.00051
2.00036
2.00032
2.00036
2.00037
2.0004
2.00043
2.00047
2.00045
2.00037
2.00033
2.00036
2.00037
2.0004
2.00042
2.00045
2.00043
2.00038
2.00034
2.00037
2.00038
2.0004
2.00042
2.00044
2.00044
2.0004
2.00035
2.00038
2.00039
2.00041
2.00042
2.00044
2.00045
2.00041
2.00036
2.00039
2.0004
2.00041
2.00043
2.00045
2.00045
2.00042
2.00036
2.00039
2.0004
2.00041
2.00043
2.00045
2.00045
2.00041
2.00035
2.00039
2.00039
2.00041
2.00042
2.00045
2.00045
2.0004
2.00034
2.00037
2.00038
2.0004
2.00042
2.00045
2.00044
2.00038
2.00032
2.00036
2.00038
2.0004
2.00042
2.00045
2.00044
2.00037
2.00032
2.00036
2.00037
2.0004
2.00043
2.00047
2.00045
2.00036
2.00031
2.00036
2.00038
2.00041
2.00044
2.0005
2.00051
1.99929
1.99943
1.9993
1.99928
1.99921
1.99915
1.99902
1.99902
1.99927
1.99943
1.9993
1.9993
1.99924
1.99921
1.99909
1.99923
1.99925
1.99942
1.9993
1.99931
1.99927
1.99925
1.99917
1.9993
1.99922
1.9994
1.99929
1.9993
1.99927
1.99926
1.9992
1.99928
1.99919
1.99938
1.99927
1.99929
1.99926
1.99925
1.99921
1.99927
1.99917
1.99936
1.99925
1.99928
1.99926
1.99925
1.99922
1.99926
1.99918
1.99936
1.99925
1.99928
1.99926
1.99925
1.99922
1.99926
1.99921
1.99938
1.99927
1.99929
1.99927
1.99926
1.99921
1.99927
1.99924
1.9994
1.99929
1.99931
1.99927
1.99926
1.9992
1.99928
1.99927
1.99942
1.99931
1.99931
1.99927
1.99925
1.99918
1.9993
1.99928
1.99942
1.9993
1.9993
1.99924
1.99921
1.99909
1.99924
1.9993
1.99942
1.9993
1.99928
1.99921
1.99915
1.99902
1.99902
1.99716
1.99756
1.99695
1.99679
1.99637
1.99599
1.99531
1.99508
1.9971
1.99755
1.99697
1.99686
1.9965
1.99621
1.99558
1.99591
1.99702
1.99752
1.99695
1.9969
1.99659
1.99636
1.99589
1.99615
1.99689
1.99744
1.99688
1.99686
1.99658
1.99637
1.99598
1.99609
1.99676
1.99733
1.9968
1.9968
1.99655
1.99636
1.99602
1.99605
1.99668
1.99726
1.99674
1.99675
1.99651
1.99634
1.99602
1.996
1.9967
1.99725
1.99674
1.99675
1.99652
1.99634
1.99603
1.996
1.99681
1.99733
1.99681
1.9968
1.99655
1.99636
1.99602
1.99605
1.99694
1.99743
1.9969
1.99686
1.99659
1.99638
1.99598
1.99609
1.99705
1.99751
1.99697
1.9969
1.9966
1.99637
1.9959
1.99615
1.99712
1.99754
1.99697
1.99686
1.9965
1.99622
1.99558
1.99592
1.99718
1.99755
1.99696
1.99679
1.99637
1.99599
1.99531
1.99508
1.99074
1.9939
1.99146
1.99173
1.99074
1.99013
1.98874
1.98853
1.99056
1.99387
1.9915
1.99192
1.99109
1.99076
1.98941
1.99099
1.99029
1.99378
1.99147
1.99202
1.99137
1.99121
1.99035
1.99176
1.9899
1.99354
1.99126
1.99191
1.99135
1.99126
1.99062
1.99162
1.98949
1.99324
1.99101
1.99174
1.99126
1.99123
1.99076
1.99152
1.98923
1.99302
1.99083
1.9916
1.99117
1.99117
1.99079
1.99139
1.98929
1.99302
1.99085
1.99161
1.99118
1.99117
1.99079
1.9914
1.98963
1.99323
1.99106
1.99176
1.99128
1.99125
1.99078
1.99153
1.99005
1.99352
1.99132
1.99194
1.99138
1.99128
1.99063
1.99163
1.9904
1.99376
1.99151
1.99204
1.99139
1.99123
1.99037
1.99178
1.99063
1.99385
1.99153
1.99192
1.99111
1.99078
1.98943
1.991
1.9908
1.99389
1.99149
1.99174
1.99076
1.99015
1.98875
1.98854
1.96146
1.97505
1.9591
1.95869
1.95035
1.94393
1.93438
1.92612
1.96095
1.97482
1.95929
1.95939
1.95171
1.94647
1.93688
1.9367
1.9602
1.97431
1.95924
1.95983
1.95284
1.94834
1.94047
1.94056
1.95908
1.97324
1.95855
1.95946
1.95291
1.94873
1.94173
1.94081
1.95781
1.97194
1.95765
1.95883
1.95266
1.94875
1.94252
1.94089
1.95692
1.97098
1.95697
1.95831
1.95235
1.94858
1.94272
1.9406
1.95695
1.97098
1.95698
1.95832
1.95236
1.94859
1.94273
1.9406
1.95788
1.97193
1.95768
1.95884
1.95267
1.94876
1.94253
1.94089
1.95916
1.97323
1.95858
1.95947
1.95293
1.94874
1.94175
1.94082
1.96025
1.9743
1.95926
1.95983
1.95286
1.94835
1.94048
1.94057
1.96097
1.97481
1.95931
1.95939
1.95172
1.94647
1.93689
1.9367
1.96149
1.97504
1.95911
1.9587
1.95036
1.94394
1.93439
1.92613
1.7174
2.00808
1.85739
1.91262
1.88696
1.88835
1.87701
1.87235
1.71703
2.008
1.85788
1.91353
1.88898
1.89075
1.8813
1.88315
1.71654
2.00771
1.85815
1.91424
1.89052
1.89274
1.88523
1.88757
1.71578
2.00694
1.85789
1.91427
1.89111
1.89356
1.88736
1.88867
1.71483
2.00596
1.85737
1.91401
1.89127
1.89395
1.88862
1.88915
1.71408
2.00522
1.8569
1.9137
1.89119
1.89398
1.88909
1.88912
1.71398
2.00523
1.85686
1.91368
1.89117
1.89397
1.88908
1.88912
1.71458
2.00597
1.85728
1.91397
1.89123
1.89391
1.88859
1.88913
1.71552
2.00696
1.85779
1.91423
1.89106
1.89352
1.88732
1.88864
1.71636
2.00774
1.85808
1.91421
1.89048
1.89271
1.8852
1.88754
1.71692
2.00803
1.85783
1.91352
1.88895
1.89072
1.88127
1.88313
1.7173
2.00811
1.85735
1.9126
1.88693
1.88832
1.87698
1.87234
3.0308
2.90078
3.2315
3.35311
3.57351
3.82899
3.90262
4.74973
3.02345
2.87475
3.19315
3.29313
3.49492
3.68196
3.82562
4.17146
3.0151
2.85094
3.1613
3.2468
3.43512
3.59061
3.75221
3.92492
3.00717
2.82636
3.12755
3.19759
3.36846
3.49878
3.64357
3.7309
3.0014
2.80953
3.10558
3.16647
3.32703
3.44569
3.57693
3.6381
2.99818
2.79938
3.09261
3.14814
3.30267
3.415
3.53685
3.58827
2.99768
2.79652
3.08966
3.14408
3.29773
3.40898
3.53004
3.57951
2.99977
2.80067
3.09638
3.1538
3.31155
3.42666
3.55533
3.60942
3.00409
2.81098
3.11156
3.17567
3.34183
3.46606
3.60744
3.68092
3.00967
2.82747
3.13626
3.2124
3.39289
3.53737
3.69295
3.83343
3.01469
2.84315
3.16005
3.24874
3.44219
3.61648
3.76278
4.05938
3.01603
2.85638
3.18295
3.28767
3.49389
3.72632
3.79582
4.54668
2.36274
2.31539
2.40636
2.43904
2.50244
2.57741
2.6177
2.85673
2.35781
2.30654
2.39336
2.41997
2.47707
2.53227
2.58665
2.68153
2.35075
2.29809
2.38203
2.40535
2.45872
2.50562
2.56245
2.61416
2.34402
2.28982
2.37083
2.39088
2.4401
2.4803
2.53445
2.55871
2.33902
2.28422
2.36329
2.3814
2.42802
2.46449
2.51601
2.52614
2.33674
2.28193
2.35987
2.37703
2.42228
2.45694
2.50669
2.51068
2.33755
2.28354
2.36128
2.37866
2.42399
2.45888
2.50845
2.51353
2.34153
2.28926
2.36774
2.38664
2.43364
2.47104
2.52217
2.53672
2.34843
2.29856
2.37847
2.39982
2.44952
2.49128
2.54364
2.57705
2.35761
2.31166
2.39446
2.42035
2.47525
2.52644
2.58154
2.65723
2.36779
2.32437
2.4087
2.4374
2.49432
2.55324
2.59577
2.72672
2.3774
2.34107
2.43038
2.46775
2.53398
2.61922
2.65254
2.96103
2.16546
2.16185
2.19426
2.21366
2.24374
2.27771
2.31197
2.3845
2.1631
2.15692
2.18691
2.20284
2.22867
2.2542
2.28679
2.30946
2.15969
2.15256
2.181
2.19522
2.2189
2.24165
2.27161
2.28818
2.15651
2.14866
2.17566
2.1884
2.21022
2.23064
2.25859
2.27016
2.15429
2.14618
2.17222
2.18408
2.20475
2.22375
2.2504
2.25868
2.15355
2.14545
2.17095
2.18239
2.20248
2.22079
2.2467
2.25354
2.15457
2.14675
2.17217
2.18369
2.2038
2.22223
2.24788
2.25582
2.15743
2.15017
2.17605
2.18819
2.20901
2.22856
2.25449
2.26706
2.16202
2.15546
2.18217
2.19532
2.21727
2.23861
2.26447
2.28482
2.16799
2.16277
2.19119
2.20642
2.23087
2.25636
2.28386
2.32136
2.17468
2.16981
2.19917
2.21528
2.24039
2.26778
2.28981
2.34252
2.18148
2.17981
2.21277
2.23379
2.26533
2.3055
2.33401
2.45838
2.08403
2.08349
2.09631
2.105
2.11808
2.13259
2.15191
2.17578
2.08292
2.08116
2.09279
2.09981
2.11068
2.12143
2.13792
2.14215
2.08133
2.07922
2.09015
2.09643
2.10629
2.11605
2.13031
2.13508
2.07994
2.07766
2.08803
2.09378
2.10294
2.11196
2.12513
2.12969
2.07908
2.07681
2.08682
2.09228
2.10106
2.10963
2.12221
2.12628
2.07897
2.07681
2.08664
2.09201
2.10064
2.10905
2.12136
2.12535
2.07974
2.07776
2.08762
2.09308
2.10179
2.11035
2.12257
2.1274
2.08145
2.0797
2.08981
2.09559
2.10464
2.11375
2.1261
2.13321
2.08402
2.08253
2.09307
2.09929
2.10887
2.11878
2.13111
2.14162
2.08731
2.08631
2.09769
2.10484
2.11558
2.12731
2.14066
2.15832
2.09097
2.08999
2.10187
2.10937
2.12043
2.1327
2.14403
2.16609
2.09475
2.09528
2.10915
2.1192
2.13381
2.15227
2.16959
2.22269
2.04149
2.0403
2.04604
2.04965
2.05526
2.06131
2.07043
2.0786
2.04099
2.03921
2.04437
2.04717
2.05169
2.05602
2.06338
2.06314
2.04027
2.03832
2.04315
2.0456
2.04963
2.05352
2.05962
2.06029
2.03969
2.03766
2.04225
2.04446
2.04819
2.0518
2.05732
2.05839
2.03938
2.03735
2.0418
2.04389
2.04745
2.0509
2.05612
2.05725
2.03944
2.03746
2.04185
2.04391
2.04742
2.05081
2.05592
2.05718
2.03993
2.03801
2.04243
2.04454
2.0481
2.05158
2.05665
2.05838
2.04086
2.03903
2.04358
2.04583
2.04955
2.05328
2.05841
2.06119
2.0422
2.04046
2.04522
2.04767
2.05165
2.05573
2.06089
2.06512
2.04387
2.04233
2.04749
2.05036
2.05486
2.05974
2.06545
2.07266
2.04573
2.04418
2.04959
2.05263
2.05732
2.0624
2.0674
2.07603
2.04765
2.04678
2.05316
2.05741
2.06383
2.07179
2.08016
2.10252
2.01966
2.01892
2.02165
2.02332
2.02594
2.02875
2.03313
2.03651
2.01945
2.01843
2.02091
2.02221
2.02432
2.02636
2.02986
2.02961
2.01914
2.01804
2.02037
2.02151
2.02339
2.02524
2.02812
2.02841
2.01889
2.01777
2.01999
2.02103
2.02279
2.02452
2.02714
2.02771
2.01878
2.01766
2.01983
2.02082
2.02252
2.02418
2.02667
2.02733
2.01885
2.01775
2.0199
2.02088
2.02256
2.02422
2.02665
2.02741
2.01912
2.01804
2.02021
2.02122
2.02293
2.02463
2.02705
2.02804
2.01958
2.01854
2.02077
2.02185
2.02363
2.02545
2.02791
2.02937
2.02024
2.01923
2.02157
2.02273
2.02463
2.02661
2.0291
2.03119
2.02105
2.02011
2.02263
2.02398
2.02612
2.02844
2.0312
2.03454
2.02195
2.02099
2.02364
2.02508
2.02732
2.02973
2.03225
2.03612
2.02287
2.0222
2.02529
2.02728
2.03031
2.034
2.03817
2.04804
2.00881
2.0083
2.00953
2.01022
2.01134
2.01253
2.01442
2.01575
2.00872
2.0081
2.00921
2.00975
2.01064
2.01151
2.01299
2.01282
2.00859
2.00793
2.00898
2.00944
2.01024
2.01102
2.01223
2.0123
2.00849
2.00782
2.00883
2.00925
2.00999
2.01072
2.01182
2.01203
2.00845
2.00778
2.00877
2.00917
2.00988
2.01059
2.01162
2.01189
2.00849
2.00783
2.00881
2.00921
2.00992
2.01062
2.01164
2.01195
2.00862
2.00797
2.00896
2.00937
2.01009
2.01081
2.01183
2.01225
2.00884
2.0082
2.00922
2.00965
2.01041
2.01118
2.01222
2.01284
2.00914
2.00851
2.00958
2.01005
2.01087
2.01171
2.01277
2.01364
2.00951
2.0089
2.01005
2.0106
2.01152
2.0125
2.01368
2.01507
2.00992
2.0093
2.01051
2.01111
2.01207
2.0131
2.01421
2.0158
2.01034
2.00982
2.01123
2.01206
2.01336
2.01493
2.01677
2.02087
2.00371
2.00343
2.00397
2.00425
2.00471
2.00521
2.00599
2.00653
2.00367
2.00335
2.00384
2.00406
2.00444
2.0048
2.00541
2.00537
2.00362
2.00329
2.00375
2.00394
2.00428
2.00461
2.00511
2.00516
2.00358
2.00325
2.00369
2.00386
2.00418
2.00449
2.00495
2.00506
2.00357
2.00323
2.00367
2.00384
2.00414
2.00444
2.00487
2.00501
2.00359
2.00326
2.00369
2.00386
2.00416
2.00446
2.00488
2.00504
2.00365
2.00331
2.00375
2.00392
2.00423
2.00454
2.00497
2.00517
2.00374
2.00341
2.00386
2.00405
2.00437
2.0047
2.00513
2.00541
2.00387
2.00354
2.00401
2.00421
2.00456
2.00492
2.00536
2.00574
2.00403
2.0037
2.00421
2.00444
2.00482
2.00524
2.00574
2.00631
2.0042
2.00387
2.0044
2.00465
2.00506
2.0055
2.00598
2.00663
2.00438
2.00408
2.0047
2.00503
2.00558
2.00622
2.007
2.00863
2.0014
2.00127
2.00148
2.00158
2.00175
2.00193
2.00222
2.00241
2.00139
2.00124
2.00143
2.00151
2.00165
2.00179
2.00201
2.00201
2.00137
2.00122
2.0014
2.00147
2.0016
2.00172
2.00191
2.00194
2.00136
2.00121
2.00138
2.00144
2.00156
2.00168
2.00185
2.0019
2.00135
2.0012
2.00137
2.00144
2.00155
2.00166
2.00183
2.00189
2.00136
2.00121
2.00138
2.00144
2.00156
2.00167
2.00183
2.0019
2.00138
2.00123
2.00141
2.00147
2.00159
2.0017
2.00186
2.00195
2.00142
2.00127
2.00145
2.00151
2.00164
2.00176
2.00192
2.00203
2.00147
2.00132
2.0015
2.00158
2.00171
2.00184
2.00201
2.00215
2.00152
2.00138
2.00157
2.00166
2.0018
2.00196
2.00214
2.00235
2.00159
2.00144
2.00165
2.00174
2.00189
2.00206
2.00224
2.00248
2.00166
2.00152
2.00175
2.00187
2.00207
2.00231
2.0026
2.00317
2.00029
2.00026
2.00029
2.00032
2.00035
2.00038
2.00043
2.00046
2.00029
2.00026
2.00029
2.00031
2.00033
2.00036
2.0004
2.0004
2.00029
2.00025
2.00028
2.0003
2.00032
2.00035
2.00038
2.00039
2.00028
2.00025
2.00028
2.00029
2.00032
2.00034
2.00037
2.00039
2.00028
2.00025
2.00028
2.00029
2.00031
2.00034
2.00037
2.00038
2.00028
2.00025
2.00028
2.0003
2.00032
2.00034
2.00037
2.00039
2.00029
2.00026
2.00029
2.0003
2.00032
2.00035
2.00038
2.0004
2.00029
2.00026
2.00029
2.00031
2.00033
2.00036
2.00039
2.00041
2.0003
2.00027
2.0003
2.00032
2.00035
2.00037
2.0004
2.00043
2.00031
2.00028
2.00032
2.00034
2.00036
2.00039
2.00043
2.00046
2.00033
2.0003
2.00033
2.00035
2.00038
2.00041
2.00045
2.00049
2.00034
2.00031
2.00035
2.00037
2.00041
2.00045
2.00051
2.00059
1.99941
1.99952
1.99941
1.99939
1.99932
1.99926
1.99914
1.99906
1.99942
1.99954
1.99943
1.99943
1.99937
1.99933
1.99924
1.99928
1.99943
1.99955
1.99945
1.99945
1.9994
1.99937
1.9993
1.99932
1.99944
1.99956
1.99946
1.99946
1.99942
1.99939
1.99933
1.99935
1.99944
1.99956
1.99947
1.99947
1.99943
1.9994
1.99935
1.99936
1.99944
1.99956
1.99946
1.99947
1.99943
1.9994
1.99935
1.99936
1.99943
1.99955
1.99945
1.99946
1.99942
1.99939
1.99934
1.99934
1.99941
1.99954
1.99944
1.99944
1.9994
1.99936
1.99931
1.9993
1.99938
1.99952
1.99941
1.99941
1.99937
1.99933
1.99928
1.99924
1.99936
1.99949
1.99938
1.99937
1.99932
1.99927
1.99921
1.99914
1.99933
1.99947
1.99935
1.99934
1.99928
1.99923
1.99918
1.99909
1.9993
1.99943
1.9993
1.99927
1.99919
1.9991
1.999
1.99871
1.99764
1.99794
1.99739
1.99722
1.99681
1.99641
1.9958
1.99525
1.99768
1.998
1.99748
1.99736
1.99701
1.9967
1.9962
1.99611
1.99772
1.99805
1.99755
1.99744
1.99712
1.99684
1.9964
1.99627
1.99775
1.99808
1.99759
1.9975
1.9972
1.99693
1.99652
1.99636
1.99775
1.99809
1.99761
1.99753
1.99723
1.99697
1.99658
1.99641
1.99774
1.99809
1.9976
1.99752
1.99723
1.99696
1.99658
1.99641
1.9977
1.99806
1.99756
1.99748
1.99718
1.99692
1.99654
1.99633
1.99763
1.998
1.9975
1.99741
1.9971
1.99682
1.99644
1.99618
1.99754
1.99793
1.9974
1.9973
1.99698
1.99669
1.9963
1.99597
1.99744
1.99783
1.99728
1.99716
1.99681
1.99647
1.99605
1.99556
1.99732
1.99773
1.99716
1.99703
1.99667
1.99632
1.99593
1.99537
1.99722
1.99759
1.99696
1.99677
1.99631
1.9958
1.99523
1.9939
1.99215
1.99501
1.99271
1.99293
1.99196
1.99126
1.99007
1.9888
1.99227
1.99519
1.99299
1.99333
1.99254
1.99211
1.99116
1.99139
1.9924
1.99533
1.99318
1.99358
1.99286
1.9925
1.99173
1.9919
1.99249
1.99543
1.99332
1.99376
1.9931
1.99279
1.99211
1.99226
1.99253
1.99548
1.99339
1.99385
1.99321
1.99293
1.99231
1.99246
1.99249
1.99547
1.99337
1.99384
1.99321
1.99294
1.99234
1.99247
1.99238
1.99538
1.99326
1.99373
1.99309
1.99281
1.99222
1.99227
1.99218
1.99522
1.99307
1.99352
1.99285
1.99253
1.99193
1.99181
1.99192
1.99499
1.99279
1.99322
1.99251
1.99213
1.99153
1.99116
1.9916
1.99469
1.99242
1.99278
1.99199
1.99147
1.99078
1.98987
1.99126
1.9944
1.99208
1.99242
1.99161
1.99107
1.99054
1.98931
1.99094
1.99399
1.9915
1.99166
1.99056
1.98956
1.98853
1.98492
1.96488
1.97897
1.96287
1.96256
1.95426
1.94759
1.93883
1.92678
1.96517
1.97966
1.9639
1.96409
1.95649
1.95093
1.94294
1.93776
1.96551
1.98022
1.96463
1.96506
1.95777
1.95254
1.9451
1.94044
1.96579
1.98068
1.96522
1.96585
1.95879
1.95382
1.94677
1.9425
1.96593
1.98092
1.96554
1.96628
1.95935
1.95453
1.9477
1.94369
1.96589
1.98092
1.96557
1.96635
1.95948
1.95472
1.948
1.94406
1.96566
1.98065
1.96529
1.96605
1.95915
1.95435
1.94765
1.94348
1.96521
1.98008
1.96467
1.96532
1.95832
1.95335
1.94658
1.94172
1.96458
1.97926
1.96377
1.96425
1.95709
1.95187
1.94507
1.93911
1.96379
1.97814
1.96247
1.96263
1.95509
1.94928
1.94212
1.93371
1.96292
1.97706
1.96132
1.96133
1.9537
1.94768
1.94124
1.93082
1.96205
1.97548
1.95924
1.95846
1.94974
1.94186
1.93378
1.91294
1.71994
2.01154
1.86039
1.91568
1.88994
1.89097
1.88031
1.8718
1.72014
2.01223
1.86152
1.91723
1.89259
1.89393
1.88583
1.88287
1.72044
2.01284
1.86236
1.91828
1.89412
1.89555
1.88831
1.88621
1.7207
2.01334
1.86307
1.9192
1.89541
1.89704
1.89068
1.88893
1.72086
2.01364
1.86351
1.91976
1.89618
1.89793
1.89199
1.89038
1.72088
2.01368
1.86362
1.91992
1.89642
1.89824
1.89251
1.89095
1.72074
2.01343
1.86339
1.91967
1.89616
1.89795
1.89225
1.89047
1.72042
2.0129
1.86282
1.91899
1.89535
1.89699
1.89113
1.88874
1.71994
2.01209
1.86192
1.91792
1.89407
1.8955
1.8894
1.88613
1.71932
2.011
1.86062
1.91631
1.89198
1.89294
1.88601
1.88059
1.71864
2.00994
1.85947
1.91503
1.89043
1.89142
1.88477
1.87722
1.71791
2.00846
1.85746
1.91234
1.88631
1.88636
1.87636
1.86031
3.03106
2.90127
3.23195
3.35359
3.57399
3.82903
3.90328
4.74504
3.02423
2.8767
3.19534
3.29604
3.49859
3.68621
3.83237
4.1747
3.0164
2.85413
3.16473
3.25123
3.44043
3.59662
3.76002
3.92983
3.00908
2.83116
3.13274
3.20435
3.37658
3.50829
3.65529
3.7418
3.00403
2.81619
3.11278
3.17586
3.33828
3.45896
3.59275
3.65447
3.00166
2.80834
3.10232
3.16084
3.31791
3.43311
3.5581
3.61166
3.00222
2.80836
3.10253
3.16097
3.31804
3.43321
3.55819
3.61171
3.00564
2.81623
3.11339
3.17624
3.33866
3.45927
3.593
3.65465
3.01165
2.83122
3.13371
3.20494
3.37718
3.50878
3.65567
3.74209
3.01944
2.85416
3.16586
3.2519
3.44112
3.5972
3.76046
3.9303
3.02722
2.8767
3.19639
3.2966
3.49914
3.68665
3.83261
4.17513
3.03252
2.90139
3.23254
3.35388
3.57421
3.82923
3.90337
4.74554
2.36252
2.31526
2.40635
2.4392
2.50275
2.57834
2.61801
2.86166
2.35724
2.30581
2.39283
2.41952
2.47668
2.53235
2.58573
2.68446
2.34977
2.29678
2.38111
2.40457
2.45819
2.50565
2.56223
2.61702
2.34251
2.28767
2.36917
2.38928
2.43873
2.47932
2.5333
2.55959
2.33686
2.28108
2.36077
2.37886
2.42572
2.46252
2.51406
2.52568
2.33376
2.27753
2.35622
2.37323
2.41866
2.45351
2.50338
2.50821
2.33352
2.27751
2.35612
2.37317
2.41859
2.45346
2.50333
2.50818
2.33616
2.28105
2.3605
2.37869
2.42554
2.46237
2.51393
2.52559
2.34134
2.28763
2.36872
2.389
2.43845
2.47909
2.53311
2.55944
2.34837
2.29676
2.38057
2.40426
2.45787
2.50538
2.56201
2.61679
2.35584
2.30582
2.39231
2.41924
2.4764
2.53211
2.58558
2.68421
2.36184
2.31525
2.4061
2.43906
2.50262
2.57822
2.61798
2.86148
2.1653
2.16181
2.19436
2.21395
2.24422
2.27884
2.31253
2.39017
2.16253
2.15647
2.18659
2.20269
2.22864
2.25471
2.28625
2.31353
2.15864
2.15172
2.18042
2.19497
2.21901
2.24249
2.2723
2.29276
2.15485
2.1472
2.17448
2.18755
2.20974
2.2308
2.25877
2.27309
2.15185
2.14394
2.1703
2.18251
2.2036
2.22325
2.2502
2.26066
2.15014
2.14221
2.16804
2.17983
2.20034
2.21925
2.24565
2.25398
2.14994
2.14223
2.16797
2.1798
2.20031
2.21922
2.24562
2.25397
2.15129
2.14398
2.1701
2.18242
2.2035
2.22317
2.25013
2.26061
2.15398
2.14726
2.17418
2.18741
2.20958
2.23068
2.25867
2.27301
2.15765
2.1518
2.18008
2.19481
2.21884
2.24234
2.27219
2.29261
2.16161
2.15654
2.18627
2.20254
2.22848
2.25457
2.28619
2.31335
2.16487
2.16185
2.19423
2.21387
2.24413
2.27875
2.3125
2.38999
2.08392
2.08346
2.09638
2.10521
2.11844
2.13343
2.15237
2.18026
2.08249
2.08078
2.09248
2.0996
2.11053
2.12163
2.13729
2.14512
2.08052
2.07851
2.08958
2.09605
2.10612
2.11634
2.13042
2.13816
2.07866
2.07645
2.08693
2.09284
2.10217
2.11153
2.12459
2.13112
2.0772
2.07498
2.08508
2.09068
2.09959
2.10845
2.12104
2.12652
2.07636
2.0742
2.08409
2.08954
2.09825
2.10684
2.11923
2.124
2.07625
2.07421
2.08405
2.08952
2.09823
2.10682
2.11922
2.124
2.07689
2.075
2.08498
2.09062
2.09953
2.1084
2.121
2.12649
2.0782
2.07648
2.08677
2.09275
2.10208
2.11145
2.12452
2.13106
2.07999
2.07855
2.0894
2.09595
2.10601
2.11624
2.13035
2.13807
2.08197
2.0808
2.0923
2.0995
2.11043
2.12154
2.13724
2.14501
2.08367
2.08346
2.09629
2.10515
2.11838
2.13338
2.15235
2.18017
2.04142
2.04028
2.04608
2.04978
2.05548
2.06183
2.07075
2.08144
2.04071
2.03897
2.04417
2.04704
2.0516
2.05614
2.06302
2.06504
2.03974
2.03787
2.04278
2.04534
2.0495
2.05368
2.05968
2.06222
2.03885
2.03688
2.04154
2.04384
2.04767
2.05148
2.05695
2.05923
2.03815
2.03618
2.04068
2.04285
2.04649
2.0501
2.05534
2.05729
2.03776
2.03582
2.04022
2.04233
2.04589
2.04938
2.05452
2.05622
2.03771
2.03582
2.0402
2.04232
2.04588
2.04937
2.05452
2.05622
2.03801
2.03619
2.04062
2.04282
2.04646
2.05007
2.05531
2.05727
2.03862
2.03689
2.04146
2.0438
2.04762
2.05144
2.05692
2.0592
2.03948
2.03787
2.04269
2.04529
2.04945
2.05363
2.05965
2.06217
2.04044
2.03896
2.04408
2.04698
2.05155
2.05609
2.06299
2.06498
2.04128
2.04028
2.04604
2.04975
2.05546
2.06181
2.07074
2.0814
2.01962
2.0189
2.02167
2.02339
2.02606
2.02902
2.03332
2.03805
2.01929
2.01829
2.02079
2.02213
2.02427
2.02642
2.02967
2.03064
2.01883
2.01778
2.02014
2.02134
2.0233
2.02529
2.02813
2.02941
2.01841
2.01732
2.01957
2.02066
2.02247
2.0243
2.0269
2.02809
2.01808
2.017
2.01918
2.02021
2.02194
2.02368
2.02617
2.02724
2.0179
2.01683
2.01897
2.01997
2.02167
2.02336
2.0258
2.02677
2.01787
2.01683
2.01896
2.01997
2.02166
2.02335
2.0258
2.02677
2.01801
2.017
2.01915
2.02019
2.02192
2.02367
2.02615
2.02723
2.0183
2.01732
2.01954
2.02064
2.02245
2.02428
2.02688
2.02808
2.0187
2.01778
2.0201
2.02131
2.02327
2.02527
2.02811
2.02938
2.01915
2.01828
2.02074
2.02209
2.02424
2.02639
2.02965
2.03061
2.01955
2.0189
2.02165
2.02337
2.02604
2.02901
2.03331
2.03804
2.00879
2.00829
2.00954
2.01025
2.01139
2.01266
2.01451
2.01649
2.00864
2.00803
2.00915
2.00971
2.01062
2.01153
2.01291
2.01332
2.00843
2.0078
2.00887
2.00936
2.01019
2.01103
2.01223
2.01276
2.00824
2.0076
2.00862
2.00906
2.00982
2.0106
2.01169
2.01219
2.0081
2.00745
2.00844
2.00886
2.00959
2.01032
2.01136
2.01181
2.00801
2.00738
2.00835
2.00875
2.00947
2.01018
2.0112
2.01161
2.008
2.00738
2.00834
2.00875
2.00946
2.01018
2.0112
2.01161
2.00806
2.00745
2.00843
2.00885
2.00958
2.01032
2.01136
2.01181
2.00819
2.00759
2.0086
2.00904
2.00981
2.01059
2.01168
2.01218
2.00837
2.00779
2.00884
2.00934
2.01017
2.01102
2.01222
2.01275
2.00857
2.00802
2.00913
2.00969
2.0106
2.01152
2.0129
2.0133
2.00875
2.00829
2.00953
2.01024
2.01139
2.01265
2.01451
2.01648
2.0037
2.00343
2.00397
2.00426
2.00474
2.00526
2.00603
2.00684
2.00364
2.00332
2.00381
2.00404
2.00443
2.00481
2.00538
2.00558
2.00355
2.00323
2.0037
2.0039
2.00425
2.00461
2.0051
2.00535
2.00347
2.00314
2.00359
2.00378
2.0041
2.00443
2.00488
2.00512
2.00341
2.00309
2.00352
2.00369
2.004
2.00432
2.00475
2.00496
2.00337
2.00305
2.00348
2.00365
2.00395
2.00426
2.00468
2.00488
2.00337
2.00305
2.00348
2.00365
2.00395
2.00426
2.00468
2.00488
2.00339
2.00308
2.00351
2.00369
2.004
2.00431
2.00475
2.00496
2.00345
2.00314
2.00358
2.00377
2.00409
2.00443
2.00488
2.00511
2.00352
2.00323
2.00369
2.00389
2.00424
2.0046
2.0051
2.00534
2.00361
2.00332
2.0038
2.00403
2.00442
2.00481
2.00538
2.00557
2.00368
2.00343
2.00396
2.00426
2.00473
2.00526
2.00603
2.00684
2.0014
2.00127
2.00148
2.00158
2.00176
2.00195
2.00224
2.00253
2.00137
2.00123
2.00142
2.00151
2.00165
2.0018
2.00201
2.00209
2.00134
2.0012
2.00138
2.00145
2.00158
2.00172
2.0019
2.002
2.00131
2.00117
2.00134
2.00141
2.00153
2.00166
2.00182
2.00192
2.00129
2.00114
2.00131
2.00138
2.0015
2.00161
2.00178
2.00186
2.00127
2.00113
2.0013
2.00136
2.00148
2.00159
2.00175
2.00183
2.00127
2.00113
2.0013
2.00136
2.00148
2.00159
2.00175
2.00183
2.00128
2.00114
2.00131
2.00138
2.00149
2.00161
2.00177
2.00186
2.0013
2.00117
2.00134
2.00141
2.00153
2.00165
2.00182
2.00192
2.00133
2.0012
2.00137
2.00145
2.00158
2.00172
2.0019
2.002
2.00136
2.00123
2.00142
2.0015
2.00165
2.00179
2.002
2.00208
2.00139
2.00127
2.00148
2.00158
2.00176
2.00195
2.00224
2.00253
2.00029
2.00026
2.00029
2.00032
2.00035
2.00038
2.00043
2.00048
2.00029
2.00025
2.00029
2.0003
2.00033
2.00036
2.00039
2.00041
2.00028
2.00025
2.00028
2.00029
2.00032
2.00034
2.00038
2.0004
2.00028
2.00024
2.00027
2.00029
2.00031
2.00033
2.00036
2.00039
2.00027
2.00024
2.00027
2.00028
2.0003
2.00033
2.00036
2.00038
2.00027
2.00023
2.00026
2.00028
2.0003
2.00032
2.00035
2.00037
2.00026
2.00023
2.00026
2.00028
2.0003
2.00032
2.00035
2.00037
2.00027
2.00024
2.00026
2.00028
2.0003
2.00033
2.00035
2.00038
2.00027
2.00024
2.00027
2.00029
2.00031
2.00033
2.00036
2.00039
2.00027
2.00024
2.00028
2.00029
2.00032
2.00034
2.00038
2.0004
2.00028
2.00025
2.00028
2.0003
2.00033
2.00036
2.00039
2.00041
2.00029
2.00026
2.00029
2.00031
2.00035
2.00038
2.00043
2.00048
1.99942
1.99952
1.99941
1.99939
1.99932
1.99925
1.99914
1.99901
1.99943
1.99954
1.99944
1.99943
1.99937
1.99933
1.99925
1.99925
1.99945
1.99956
1.99946
1.99945
1.99941
1.99937
1.9993
1.99929
1.99946
1.99957
1.99948
1.99947
1.99943
1.9994
1.99934
1.99934
1.99947
1.99958
1.99949
1.99949
1.99945
1.99942
1.99937
1.99937
1.99947
1.99959
1.99949
1.9995
1.99946
1.99943
1.99938
1.99938
1.99947
1.99959
1.99949
1.9995
1.99946
1.99943
1.99938
1.99938
1.99946
1.99958
1.99949
1.99949
1.99945
1.99942
1.99936
1.99937
1.99945
1.99957
1.99947
1.99947
1.99943
1.9994
1.99934
1.99934
1.99944
1.99956
1.99945
1.99945
1.9994
1.99936
1.9993
1.99929
1.99942
1.99954
1.99943
1.99943
1.99937
1.99933
1.99925
1.99925
1.99941
1.99952
1.99941
1.99939
1.99931
1.99924
1.99913
1.999
1.99765
1.99795
1.99739
1.99722
1.9968
1.99638
1.99578
1.99507
1.9977
1.99802
1.9975
1.99737
1.99702
1.9967
1.99622
1.996
1.99776
1.99808
1.99758
1.99746
1.99714
1.99684
1.9964
1.99616
1.99781
1.99813
1.99764
1.99754
1.99724
1.99695
1.99655
1.99632
1.99785
1.99817
1.99769
1.9976
1.9973
1.99703
1.99664
1.99643
1.99786
1.99818
1.99771
1.99762
1.99733
1.99706
1.99668
1.99648
1.99786
1.99818
1.99771
1.99762
1.99733
1.99706
1.99668
1.99648
1.99783
1.99817
1.99768
1.99759
1.9973
1.99702
1.99664
1.99643
1.99779
1.99813
1.99764
1.99754
1.99723
1.99695
1.99655
1.99632
1.99773
1.99808
1.99757
1.99746
1.99713
1.99683
1.9964
1.99615
1.99768
1.99802
1.99749
1.99737
1.99702
1.9967
1.99622
1.996
1.99764
1.99795
1.99738
1.99721
1.9968
1.99638
1.99578
1.99507
1.99217
1.99501
1.99271
1.99291
1.99193
1.99118
1.99002
1.98832
1.99234
1.99523
1.99303
1.99336
1.99256
1.9921
1.99123
1.99109
1.99251
1.9954
1.99325
1.99363
1.99289
1.99249
1.99173
1.99159
1.99266
1.99556
1.99345
1.99387
1.99319
1.99285
1.99219
1.99213
1.99277
1.99567
1.99359
1.99403
1.99338
1.99307
1.99245
1.99247
1.99282
1.99573
1.99366
1.99411
1.99348
1.99319
1.99258
1.99265
1.99281
1.99573
1.99365
1.99411
1.99347
1.99319
1.99258
1.99264
1.99273
1.99567
1.99358
1.99402
1.99337
1.99307
1.99244
1.99246
1.9926
1.99556
1.99343
1.99386
1.99318
1.99284
1.99218
1.99213
1.99244
1.9954
1.99323
1.99361
1.99288
1.99247
1.99172
1.99158
1.99226
1.99522
1.993
1.99334
1.99255
1.99209
1.99122
1.99107
1.99214
1.99501
1.99269
1.9929
1.99192
1.99117
1.99001
1.9883
1.96491
1.97899
1.96285
1.96251
1.95416
1.94736
1.93872
1.9255
1.96529
1.97978
1.964
1.96417
1.95656
1.95091
1.94318
1.93698
1.96574
1.98044
1.9648
1.96519
1.95785
1.95249
1.94511
1.9396
1.96614
1.98105
1.96554
1.96614
1.95904
1.95398
1.94697
1.94215
1.96644
1.98148
1.96604
1.96676
1.9598
1.95491
1.94807
1.94367
1.9666
1.9817
1.9663
1.96708
1.96019
1.95538
1.94864
1.94449
1.96659
1.9817
1.9663
1.96708
1.96018
1.95538
1.94864
1.94448
1.96642
1.98147
1.96603
1.96675
1.95979
1.9549
1.94807
1.94367
1.9661
1.98103
1.96553
1.96613
1.95903
1.95397
1.94696
1.94214
1.96569
1.98042
1.96479
1.96518
1.95783
1.95248
1.94511
1.9396
1.96524
1.97976
1.96399
1.96416
1.95654
1.9509
1.94317
1.93696
1.96489
1.97898
1.96285
1.9625
1.95416
1.94735
1.93871
1.9255
1.71996
2.01155
1.86037
1.91562
1.88983
1.89072
1.88017
1.87055
1.72023
2.01234
1.86158
1.91727
1.8926
1.89383
1.88594
1.88198
1.7206
2.01303
1.86248
1.91835
1.89412
1.89541
1.88821
1.88528
1.72096
2.01368
1.86332
1.91941
1.89555
1.89708
1.89073
1.88842
1.72125
2.01415
1.86391
1.92013
1.89648
1.89815
1.89217
1.89017
1.72141
2.01439
1.86421
1.9205
1.89695
1.89869
1.89291
1.89112
1.72143
2.0144
1.86422
1.9205
1.89695
1.8987
1.89292
1.89112
1.72132
2.01416
1.86393
1.92015
1.8965
1.89816
1.89218
1.89018
1.72107
2.01369
1.86335
1.91944
1.89558
1.8971
1.89075
1.88844
1.72074
2.01305
1.86252
1.91839
1.89415
1.89544
1.88824
1.88531
1.72037
2.01236
1.86163
1.9173
1.89262
1.89385
1.88595
1.882
1.72003
2.01157
1.8604
1.91564
1.88984
1.89073
1.88017
1.8706
3.0149
2.85641
3.18254
3.28751
3.49374
3.72617
3.7958
4.54618
3.01193
2.84323
3.15909
3.24825
3.4417
3.61608
3.76258
4.05899
3.00681
2.82751
3.1352
3.2118
3.39227
3.53684
3.69255
3.83301
3.00165
2.81098
3.11064
3.17514
3.34128
3.4656
3.60707
3.68065
2.99826
2.80068
3.09581
3.15346
3.3112
3.42637
3.55509
3.60926
2.9972
2.79654
3.08949
3.14399
3.29763
3.4089
3.52998
3.57948
2.9988
2.79942
3.09286
3.1483
3.30283
3.41514
3.53696
3.58834
3.00308
2.80959
3.10623
3.16688
3.32745
3.44603
3.57721
3.6383
3.00979
2.82644
3.12856
3.19822
3.36909
3.49931
3.64399
3.73122
3.01818
2.85098
3.16246
3.2475
3.43584
3.59123
3.75269
3.92541
3.0265
2.87477
3.19422
3.29372
3.49551
3.68245
3.82589
4.1719
3.03232
2.90092
3.23213
3.35343
3.57377
3.82924
3.90274
4.75026
2.37646
2.34112
2.42998
2.4675
2.53367
2.61898
2.65215
2.96113
2.36784
2.32437
2.40866
2.43733
2.4942
2.55311
2.59548
2.72674
2.358
2.31171
2.39458
2.4204
2.47528
2.52645
2.58148
2.65732
2.34874
2.29861
2.37858
2.39987
2.44954
2.49127
2.54359
2.57703
2.34156
2.28929
2.36774
2.38664
2.43362
2.471
2.52211
2.53666
2.33726
2.28356
2.36115
2.37858
2.42389
2.45878
2.50834
2.51342
2.33609
2.28191
2.3596
2.37686
2.42209
2.45676
2.50652
2.51053
2.338
2.28418
2.36287
2.38113
2.42774
2.46424
2.51579
2.52595
2.34258
2.28977
2.37026
2.39053
2.43974
2.47999
2.53418
2.55847
2.34914
2.29807
2.3814
2.40499
2.45834
2.50529
2.56218
2.61386
2.35622
2.30656
2.39277
2.41964
2.47673
2.53198
2.58646
2.68122
2.36189
2.31538
2.40604
2.43886
2.50226
2.57725
2.61764
2.85649
2.1822
2.17976
2.21305
2.23394
2.26551
2.30568
2.33413
2.45866
2.17584
2.16972
2.19959
2.21549
2.24062
2.26798
2.28994
2.34276
2.16913
2.16267
2.1916
2.20661
2.23109
2.25655
2.28403
2.32155
2.16299
2.15539
2.18252
2.1955
2.21746
2.23877
2.2646
2.28493
2.15805
2.15012
2.17628
2.1883
2.20914
2.22867
2.25459
2.26712
2.1548
2.14673
2.17227
2.18374
2.20385
2.22228
2.24793
2.25586
2.15337
2.14547
2.1709
2.18237
2.20246
2.22078
2.2467
2.25355
2.15374
2.14622
2.17204
2.18399
2.20466
2.22369
2.25035
2.25866
2.15566
2.14873
2.17537
2.18827
2.21008
2.23053
2.2585
2.2701
2.15871
2.15265
2.18067
2.19506
2.21874
2.24151
2.27151
2.28804
2.16219
2.157
2.1866
2.20269
2.22851
2.25406
2.28673
2.30929
2.16504
2.16189
2.19414
2.21358
2.24366
2.27762
2.31196
2.38431
2.0954
2.09521
2.10939
2.11931
2.13394
2.15239
2.16968
2.2228
2.09183
2.08992
2.10218
2.10953
2.1206
2.13284
2.14414
2.16622
2.0881
2.08622
2.09797
2.10497
2.11573
2.12743
2.14077
2.15841
2.0847
2.08246
2.09331
2.0994
2.109
2.11888
2.1312
2.14168
2.08191
2.07965
2.08998
2.09566
2.10473
2.11382
2.12617
2.13324
2.07997
2.07773
2.0877
2.09312
2.10183
2.11038
2.12261
2.12742
2.07895
2.0768
2.08664
2.09201
2.10064
2.10905
2.12136
2.12536
2.07884
2.07682
2.08674
2.09224
2.10101
2.1096
2.12218
2.12627
2.07953
2.07768
2.08789
2.0937
2.10287
2.1119
2.12508
2.12965
2.08083
2.07924
2.08997
2.09633
2.1062
2.11597
2.13025
2.13499
2.08243
2.08117
2.09262
2.09971
2.11059
2.12135
2.13788
2.14205
2.08381
2.08349
2.09623
2.10495
2.11803
2.13254
2.1519
2.17568
2.04804
2.04674
2.0533
2.05749
2.06392
2.07186
2.08023
2.1026
2.04623
2.04415
2.04977
2.05273
2.05743
2.06249
2.06749
2.07612
2.04432
2.04229
2.04764
2.05044
2.05496
2.05982
2.06553
2.07273
2.04258
2.04043
2.04536
2.04775
2.05173
2.0558
2.06096
2.06517
2.04113
2.03901
2.04368
2.04588
2.04961
2.05333
2.05846
2.06122
2.04008
2.03799
2.04249
2.04457
2.04813
2.05161
2.05668
2.0584
2.03947
2.03745
2.04186
2.04391
2.04743
2.05083
2.05593
2.0572
2.0393
2.03735
2.04178
2.04388
2.04744
2.05089
2.05611
2.05726
2.03952
2.03766
2.0422
2.04443
2.04816
2.05177
2.0573
2.05838
2.04005
2.03832
2.04308
2.04555
2.04958
2.05349
2.05959
2.06026
2.04075
2.0392
2.04429
2.04712
2.05164
2.05598
2.06336
2.0631
2.04138
2.04029
2.046
2.04962
2.05523
2.06129
2.07042
2.07856
2.02307
2.02219
2.02537
2.02732
2.03035
2.03404
2.03821
2.04809
2.02221
2.02099
2.02374
2.02513
2.02738
2.02978
2.0323
2.03617
2.02129
2.0201
2.02271
2.02403
2.02617
2.02848
2.03124
2.03457
2.02045
2.01922
2.02164
2.02277
2.02468
2.02665
2.02914
2.03122
2.01974
2.01853
2.02083
2.02188
2.02367
2.02548
2.02794
2.02939
2.01921
2.01803
2.02024
2.02123
2.02295
2.02464
2.02707
2.02806
2.01888
2.01774
2.01991
2.02089
2.02257
2.02423
2.02666
2.02742
2.01876
2.01766
2.01982
2.02082
2.02251
2.02418
2.02667
2.02733
2.01882
2.01777
2.01997
2.02102
2.02278
2.02451
2.02713
2.02771
2.01903
2.01803
2.02033
2.02148
2.02337
2.02522
2.02811
2.0284
2.01933
2.01842
2.02087
2.02218
2.0243
2.02634
2.02985
2.02959
2.01961
2.01891
2.02164
2.02331
2.02593
2.02874
2.03313
2.0365
2.01044
2.00982
2.01127
2.01208
2.01338
2.01495
2.01679
2.0209
2.01005
2.0093
2.01056
2.01114
2.0121
2.01313
2.01424
2.01583
2.00963
2.0089
2.01009
2.01063
2.01155
2.01253
2.0137
2.01509
2.00925
2.0085
2.00961
2.01008
2.01089
2.01173
2.01279
2.01366
2.00892
2.00819
2.00925
2.00967
2.01043
2.0112
2.01224
2.01285
2.00867
2.00796
2.00898
2.00938
2.0101
2.01082
2.01184
2.01226
2.00852
2.00783
2.00882
2.00921
2.00992
2.01062
2.01164
2.01196
2.00845
2.00778
2.00877
2.00917
2.00988
2.01059
2.01163
2.0119
2.00846
2.00782
2.00882
2.00924
2.00999
2.01072
2.01181
2.01203
2.00854
2.00793
2.00897
2.00943
2.01023
2.01101
2.01222
2.0123
2.00867
2.00809
2.00919
2.00973
2.01063
2.0115
2.01298
2.01281
2.00879
2.0083
2.00952
2.01022
2.01133
2.01252
2.01441
2.01575
2.00442
2.00408
2.00471
2.00505
2.00559
2.00623
2.00701
2.00864
2.00426
2.00387
2.00443
2.00467
2.00508
2.00551
2.00599
2.00664
2.00408
2.0037
2.00423
2.00445
2.00484
2.00525
2.00575
2.00632
2.00392
2.00354
2.00403
2.00422
2.00457
2.00493
2.00537
2.00575
2.00378
2.00341
2.00388
2.00405
2.00438
2.00471
2.00514
2.00541
2.00367
2.00331
2.00376
2.00393
2.00424
2.00455
2.00497
2.00517
2.0036
2.00325
2.00369
2.00386
2.00416
2.00446
2.00489
2.00505
2.00357
2.00323
2.00367
2.00383
2.00414
2.00444
2.00487
2.00501
2.00357
2.00324
2.00369
2.00386
2.00418
2.00449
2.00494
2.00506
2.0036
2.00328
2.00374
2.00394
2.00427
2.0046
2.00511
2.00516
2.00365
2.00335
2.00383
2.00406
2.00443
2.0048
2.00541
2.00537
2.0037
2.00343
2.00396
2.00425
2.00471
2.00521
2.00599
2.00653
2.00168
2.00152
2.00176
2.00188
2.00208
2.00232
2.00261
2.00318
2.00162
2.00144
2.00166
2.00175
2.0019
2.00206
2.00225
2.00248
2.00155
2.00138
2.00158
2.00167
2.00181
2.00196
2.00215
2.00236
2.00149
2.00132
2.00151
2.00158
2.00171
2.00185
2.00201
2.00216
2.00144
2.00127
2.00145
2.00152
2.00164
2.00177
2.00193
2.00204
2.00139
2.00123
2.00141
2.00147
2.00159
2.00171
2.00187
2.00195
2.00137
2.00121
2.00138
2.00144
2.00156
2.00167
2.00183
2.0019
2.00135
2.0012
2.00137
2.00143
2.00155
2.00167
2.00183
2.00189
2.00135
2.0012
2.00138
2.00144
2.00156
2.00168
2.00185
2.0019
2.00136
2.00122
2.0014
2.00147
2.00159
2.00172
2.0019
2.00194
2.00138
2.00124
2.00143
2.00151
2.00165
2.00179
2.00201
2.00201
2.0014
2.00127
2.00148
2.00158
2.00175
2.00193
2.00222
2.00241
2.00035
2.00031
2.00035
2.00038
2.00041
2.00045
2.00051
2.00059
2.00034
2.0003
2.00034
2.00036
2.00038
2.00042
2.00045
2.00049
2.00033
2.00028
2.00032
2.00034
2.00037
2.0004
2.00043
2.00047
2.00032
2.00027
2.00031
2.00032
2.00035
2.00037
2.00041
2.00043
2.0003
2.00026
2.0003
2.00031
2.00033
2.00036
2.00039
2.00041
2.0003
2.00026
2.00029
2.0003
2.00032
2.00035
2.00038
2.0004
2.00029
2.00025
2.00028
2.0003
2.00032
2.00034
2.00037
2.00039
2.00028
2.00025
2.00028
2.00029
2.00031
2.00034
2.00037
2.00038
2.00028
2.00025
2.00028
2.00029
2.00032
2.00034
2.00037
2.00039
2.00028
2.00025
2.00028
2.0003
2.00032
2.00034
2.00038
2.00039
2.00028
2.00025
2.00029
2.0003
2.00033
2.00036
2.00039
2.0004
2.00029
2.00026
2.00029
2.00031
2.00034
2.00038
2.00043
2.00046
1.99932
1.99943
1.9993
1.99928
1.99919
1.9991
1.999
1.99871
1.99935
1.99947
1.99935
1.99935
1.99929
1.99924
1.99918
1.99909
1.99938
1.99949
1.99938
1.99938
1.99932
1.99928
1.99921
1.99914
1.9994
1.99952
1.99942
1.99942
1.99937
1.99933
1.99928
1.99925
1.99942
1.99954
1.99944
1.99944
1.9994
1.99937
1.99932
1.9993
1.99943
1.99955
1.99946
1.99946
1.99942
1.99939
1.99934
1.99934
1.99944
1.99956
1.99947
1.99947
1.99943
1.9994
1.99935
1.99936
1.99944
1.99956
1.99947
1.99947
1.99943
1.9994
1.99935
1.99936
1.99944
1.99956
1.99946
1.99946
1.99942
1.99939
1.99933
1.99935
1.99943
1.99955
1.99945
1.99945
1.9994
1.99937
1.9993
1.99932
1.99942
1.99954
1.99943
1.99942
1.99937
1.99933
1.99924
1.99928
1.99941
1.99952
1.99941
1.99939
1.99932
1.99925
1.99914
1.99905
1.99726
1.99759
1.99698
1.99678
1.99632
1.99581
1.99524
1.99391
1.99738
1.99773
1.99717
1.99704
1.99668
1.99633
1.99594
1.99538
1.99749
1.99782
1.99729
1.99717
1.99682
1.99648
1.99606
1.99557
1.99758
1.99792
1.99741
1.99731
1.99699
1.99669
1.9963
1.99597
1.99766
1.998
1.99751
1.99741
1.99711
1.99683
1.99644
1.99618
1.99772
1.99805
1.99757
1.99748
1.99719
1.99692
1.99654
1.99634
1.99775
1.99808
1.9976
1.99752
1.99723
1.99697
1.99658
1.99641
1.99775
1.99809
1.99761
1.99753
1.99723
1.99697
1.99658
1.99641
1.99773
1.99808
1.99759
1.9975
1.99719
1.99692
1.99652
1.99636
1.9977
1.99805
1.99754
1.99744
1.99712
1.99683
1.9964
1.99626
1.99766
1.998
1.99748
1.99736
1.99701
1.9967
1.9962
1.99611
1.99763
1.99794
1.99739
1.99722
1.99681
1.99641
1.9958
1.99524
1.99105
1.99399
1.99155
1.99168
1.99059
1.98959
1.98856
1.98494
1.9914
1.99441
1.99213
1.99246
1.99165
1.9911
1.99057
1.98933
1.99173
1.99469
1.99246
1.99281
1.99202
1.9915
1.99081
1.98989
1.99203
1.99499
1.99283
1.99324
1.99254
1.99216
1.99155
1.99117
1.99226
1.99522
1.9931
1.99354
1.99287
1.99255
1.99194
1.99182
1.99242
1.99538
1.99328
1.99375
1.99311
1.99282
1.99223
1.99228
1.99251
1.99546
1.99338
1.99385
1.99322
1.99294
1.99234
1.99248
1.99251
1.99548
1.99338
1.99385
1.99321
1.99293
1.99231
1.99246
1.99245
1.99543
1.99331
1.99375
1.99309
1.99278
1.99211
1.99226
1.99234
1.99532
1.99316
1.99357
1.99285
1.99249
1.99173
1.99189
1.99221
1.99518
1.99297
1.99332
1.99253
1.9921
1.99115
1.99138
1.99212
1.995
1.9927
1.99292
1.99195
1.99126
1.99007
1.98878
1.96211
1.97549
1.95927
1.95848
1.94975
1.94188
1.93379
1.91295
1.96301
1.97707
1.96135
1.96136
1.95372
1.9477
1.94126
1.93084
1.96387
1.97816
1.96249
1.96266
1.95512
1.94931
1.94214
1.93373
1.96465
1.97927
1.96379
1.96428
1.95711
1.95189
1.94509
1.93912
1.96526
1.98009
1.96469
1.96534
1.95834
1.95337
1.9466
1.94173
1.96569
1.98065
1.9653
1.96606
1.95916
1.95436
1.94766
1.94348
1.9659
1.98092
1.96557
1.96636
1.95949
1.95473
1.948
1.94406
1.96592
1.98092
1.96554
1.96627
1.95935
1.95453
1.9477
1.94369
1.96576
1.98066
1.96521
1.96583
1.95878
1.95381
1.94676
1.9425
1.96547
1.9802
1.96462
1.96505
1.95776
1.95253
1.94509
1.94043
1.96512
1.97964
1.96389
1.96408
1.95648
1.95092
1.94293
1.93775
1.96485
1.97896
1.96286
1.96255
1.95425
1.94759
1.93883
1.92677
1.71771
2.00845
1.85738
1.91229
1.88626
1.88632
1.87632
1.86025
1.71838
2.00992
1.85938
1.91496
1.89037
1.89136
1.88471
1.87717
1.71908
2.01098
1.86054
1.91624
1.89192
1.89288
1.88595
1.88054
1.71973
2.01207
1.86184
1.91786
1.89401
1.89545
1.88935
1.8861
1.72027
2.01289
1.86276
1.91895
1.89531
1.89696
1.89109
1.88872
1.72065
2.01343
1.86336
1.91964
1.89614
1.89793
1.89223
1.89046
1.72086
2.01369
1.86361
1.91991
1.89642
1.89823
1.8925
1.89094
1.72089
2.01365
1.86351
1.91977
1.89618
1.89794
1.89199
1.89037
1.72078
2.01336
1.86309
1.91922
1.89543
1.89706
1.89069
1.88893
1.72054
2.01286
1.86239
1.91832
1.89414
1.89558
1.88834
1.88623
1.72026
2.01226
1.86156
1.91726
1.89261
1.89395
1.88584
1.88289
1.72
2.01157
1.86042
1.9157
1.88994
1.89097
1.88031
1.87185
3.35517
3.33808
3.48687
3.50631
3.54791
3.55852
3.55841
3.54761
3.50594
3.48648
3.33809
3.3551
3.52896
3.69363
3.75976
3.82682
3.8521
3.8634
3.86333
3.85194
3.8266
3.75957
3.69359
3.52884
3.59722
3.78762
3.89144
3.95105
3.9838
3.9957
3.99567
3.98371
3.95095
3.89138
3.78768
3.59749
3.65872
3.91033
3.99744
4.06366
4.08959
4.09959
4.09958
4.08955
4.06362
3.99745
3.91042
3.65895
3.70244
3.97467
4.0654
4.12826
4.15053
4.15836
4.15836
4.15052
4.12826
4.06544
3.97475
3.70262
3.72364
4.01409
4.10483
4.1685
4.18945
4.19664
4.19664
4.18945
4.1685
4.10485
4.01412
3.72369
3.72881
4.02595
4.12016
4.18759
4.21118
4.21982
4.21982
4.21118
4.18758
4.12014
4.02591
3.72873
3.71923
4.01036
4.11129
4.18532
4.21553
4.22772
4.22772
4.21553
4.18531
4.11125
4.01027
3.71902
3.67776
3.96777
4.07139
4.15727
4.19693
4.21453
4.21454
4.19695
4.15728
4.07135
3.96764
3.67749
3.64104
3.87156
3.99556
4.08002
4.13027
4.15212
4.15214
4.13032
4.08008
3.99557
3.87145
3.64072
3.51383
3.78022
3.87622
3.98086
4.03239
4.05853
4.05857
4.03249
3.981
3.87633
3.78019
3.51388
3.44282
3.53236
3.65511
3.6979
3.74319
3.75811
3.75818
3.74338
3.69814
3.6554
3.53225
3.4428
2.58649
2.66649
2.64056
2.66169
2.66282
2.66478
2.66498
2.66336
2.66232
2.64122
2.66665
2.58687
2.52538
2.71821
2.74986
2.80259
2.82909
2.84384
2.84395
2.82938
2.80298
2.75027
2.71853
2.52602
2.60187
2.75679
2.83184
2.89521
2.93367
2.95311
2.95319
2.93388
2.8955
2.83214
2.75701
2.60204
2.61205
2.79171
2.88537
2.96498
3.01359
3.03814
3.03819
3.01372
2.96516
2.88556
2.79186
2.61222
2.63742
2.81229
2.92165
3.00836
3.06301
3.0904
3.09043
3.0631
3.00849
2.92178
2.81241
2.63752
2.64616
2.82235
2.93821
3.02876
3.08629
3.11508
3.1151
3.08635
3.02884
2.93831
2.82246
2.64628
2.64703
2.82069
2.93642
3.0263
3.08354
3.11216
3.11218
3.08359
3.02637
2.93651
2.8208
2.64718
2.63861
2.80685
2.91594
3.00081
3.05469
3.08162
3.08163
3.05472
3.00086
2.91602
2.80698
2.6388
2.62212
2.7834
2.87686
2.95249
2.99961
3.02329
3.02329
2.99962
2.95252
2.87692
2.78352
2.6223
2.59898
2.73935
2.81593
2.87593
2.91407
2.9331
2.93309
2.91405
2.87592
2.81595
2.73942
2.59916
2.58206
2.71077
2.73961
2.78249
2.8049
2.81731
2.81729
2.80486
2.78244
2.73957
2.7108
2.58202
2.56414
2.57658
2.59723
2.61927
2.6362
2.64464
2.6446
2.63609
2.61914
2.59707
2.57661
2.56413
2.34947
2.39521
2.35002
2.3518
2.3417
2.33855
2.33855
2.3417
2.35179
2.35003
2.39505
2.34941
2.27519
2.39457
2.40292
2.4262
2.4364
2.44237
2.44236
2.43637
2.42616
2.40287
2.3945
2.27524
2.31636
2.40987
2.44782
2.4816
2.50058
2.51027
2.51026
2.50055
2.48156
2.44776
2.40979
2.31624
2.31174
2.42062
2.47511
2.52131
2.54881
2.56252
2.56252
2.54878
2.52127
2.47505
2.42054
2.31164
2.32231
2.42817
2.49418
2.54665
2.57915
2.59523
2.59522
2.57913
2.54662
2.49414
2.42811
2.32222
2.32604
2.43217
2.50335
2.55895
2.59389
2.61114
2.61114
2.59388
2.55893
2.50332
2.43213
2.326
2.32794
2.43187
2.50322
2.55845
2.5933
2.6105
2.6105
2.59329
2.55843
2.50321
2.43186
2.32794
2.32704
2.42681
2.49338
2.5448
2.57712
2.59307
2.59307
2.57711
2.54479
2.49338
2.42682
2.32708
2.32563
2.41845
2.47398
2.51773
2.54477
2.5582
2.55819
2.54476
2.51772
2.47398
2.41846
2.32567
2.32259
2.40118
2.44199
2.47372
2.49328
2.50311
2.5031
2.49326
2.4737
2.44198
2.40119
2.32264
2.33079
2.39323
2.40196
2.41863
2.42695
2.43181
2.4318
2.42692
2.4186
2.40193
2.39322
2.33065
2.33711
2.324
2.32073
2.32326
2.32608
2.32807
2.32804
2.32601
2.3232
2.32065
2.32409
2.33709
2.19239
2.21617
2.18805
2.18737
2.18073
2.17859
2.17857
2.18069
2.18733
2.18802
2.21613
2.19236
2.14568
2.21146
2.21584
2.22808
2.23366
2.23697
2.23697
2.23364
2.22806
2.21581
2.21142
2.14564
2.16428
2.21748
2.2397
2.26001
2.27191
2.27815
2.27814
2.2719
2.25998
2.23966
2.21744
2.16419
2.15922
2.22071
2.25408
2.28303
2.30129
2.31063
2.31063
2.30128
2.28301
2.25405
2.22067
2.15913
2.16271
2.22304
2.26384
2.29778
2.32008
2.33144
2.33144
2.32007
2.29776
2.26381
2.22301
2.16264
2.16372
2.22393
2.26808
2.30439
2.32863
2.34098
2.34097
2.32862
2.30438
2.26807
2.22391
2.16368
2.16448
2.22294
2.26691
2.30273
2.32671
2.33892
2.33892
2.32671
2.30272
2.26691
2.22294
2.16448
2.16456
2.21985
2.26019
2.29271
2.31431
2.32529
2.32529
2.31431
2.29271
2.2602
2.21986
2.1646
2.16543
2.21546
2.24827
2.27462
2.29174
2.30045
2.30045
2.29174
2.27462
2.24828
2.21548
2.16547
2.16588
2.20715
2.22972
2.24737
2.25856
2.2643
2.2643
2.25855
2.24737
2.22972
2.20716
2.16593
2.17392
2.20343
2.20722
2.21447
2.21815
2.22036
2.22036
2.21813
2.21445
2.20721
2.20342
2.17386
2.17971
2.16768
2.1633
2.16213
2.16193
2.16221
2.16219
2.16189
2.16209
2.16324
2.16773
2.1797
2.09219
2.10306
2.08871
2.08763
2.08403
2.08278
2.08276
2.08399
2.08759
2.08867
2.10303
2.09216
2.06836
2.09997
2.10152
2.10669
2.10888
2.11019
2.11018
2.10886
2.10667
2.10149
2.09994
2.06831
2.07621
2.10188
2.11212
2.1214
2.12674
2.12952
2.12951
2.12672
2.12137
2.11208
2.10184
2.07614
2.07319
2.10249
2.11822
2.13181
2.14038
2.14476
2.14475
2.14037
2.13179
2.11819
2.10245
2.07312
2.07427
2.10288
2.12219
2.13835
2.14901
2.15445
2.15445
2.149
2.13833
2.12216
2.10285
2.07422
2.07453
2.10287
2.12377
2.14112
2.15278
2.15875
2.15874
2.15277
2.1411
2.12376
2.10285
2.0745
2.0749
2.10226
2.12304
2.14009
2.1516
2.15748
2.15748
2.1516
2.14009
2.12303
2.10225
2.0749
2.07521
2.10096
2.11993
2.13525
2.14548
2.15069
2.15069
2.14548
2.13525
2.11992
2.10096
2.07522
2.07616
2.09928
2.11457
2.12671
2.1346
2.13861
2.1386
2.1346
2.12671
2.11457
2.09929
2.07617
2.07704
2.09596
2.10618
2.11396
2.11881
2.12129
2.12129
2.11881
2.11396
2.10618
2.09596
2.07706
2.08187
2.09468
2.09592
2.09855
2.09976
2.10052
2.10052
2.09975
2.09854
2.09592
2.09467
2.08184
2.085
2.0778
2.07525
2.07395
2.07339
2.07328
2.07328
2.07337
2.07393
2.07523
2.07782
2.085
2.04447
2.04936
2.04285
2.04226
2.04064
2.04007
2.04006
2.04062
2.04224
2.04283
2.04934
2.04446
2.03345
2.04816
2.04911
2.05157
2.05267
2.05332
2.05332
2.05266
2.05156
2.0491
2.04814
2.03343
2.03676
2.04906
2.05418
2.05875
2.06144
2.06284
2.06283
2.06142
2.05873
2.05416
2.04904
2.03673
2.03536
2.04934
2.05716
2.06386
2.06815
2.07035
2.07035
2.06814
2.06384
2.05714
2.04932
2.03532
2.03573
2.0495
2.05904
2.06705
2.07241
2.07516
2.07515
2.0724
2.06703
2.05902
2.04948
2.0357
2.0358
2.04945
2.05975
2.06835
2.07422
2.07724
2.07724
2.07422
2.06835
2.05974
2.04943
2.03578
2.03594
2.04909
2.05931
2.06776
2.07353
2.0765
2.0765
2.07353
2.06775
2.0593
2.04909
2.03594
2.03608
2.0484
2.0577
2.06525
2.07036
2.07298
2.07298
2.07036
2.06525
2.0577
2.0484
2.03609
2.03654
2.0475
2.05499
2.06093
2.06485
2.06684
2.06684
2.06484
2.06093
2.05499
2.0475
2.03655
2.03699
2.04586
2.05084
2.05461
2.057
2.05822
2.05822
2.05699
2.05461
2.05084
2.04586
2.03701
2.03932
2.04506
2.04579
2.04702
2.04762
2.04799
2.04799
2.04762
2.04701
2.04579
2.04505
2.03931
2.04064
2.03706
2.03594
2.03526
2.03497
2.0349
2.03489
2.03496
2.03525
2.03592
2.03707
2.04065
2.01952
2.02155
2.0188
2.0185
2.01781
2.01755
2.01755
2.0178
2.01849
2.01879
2.02155
2.01951
2.01477
2.02107
2.02152
2.02256
2.02303
2.0233
2.0233
2.02302
2.02255
2.02151
2.02106
2.01476
2.01609
2.02143
2.02368
2.02565
2.02682
2.02743
2.02743
2.02682
2.02564
2.02367
2.02142
2.01607
2.01547
2.02151
2.02494
2.02784
2.02972
2.03068
2.03068
2.02971
2.02784
2.02493
2.0215
2.01545
2.01558
2.02155
2.02571
2.0292
2.03154
2.03274
2.03274
2.03153
2.02919
2.0257
2.02154
2.01556
2.01559
2.02149
2.02598
2.02973
2.03229
2.03361
2.03361
2.03229
2.02972
2.02598
2.02149
2.01558
2.01564
2.02132
2.02576
2.02943
2.03196
2.03325
2.03325
2.03195
2.02943
2.02576
2.02132
2.01563
2.0157
2.02101
2.02504
2.02832
2.03054
2.03168
2.03168
2.03054
2.02832
2.02504
2.02101
2.0157
2.01591
2.02061
2.02386
2.02642
2.02811
2.02897
2.02897
2.02811
2.02642
2.02386
2.02061
2.01592
2.01613
2.01992
2.02206
2.02367
2.02468
2.0252
2.0252
2.02468
2.02367
2.02206
2.01992
2.01614
2.01717
2.01954
2.01986
2.02036
2.0206
2.02075
2.02075
2.0206
2.02035
2.01986
2.01954
2.01716
2.01771
2.01608
2.0156
2.01528
2.01513
2.01509
2.01509
2.01513
2.01527
2.0156
2.01608
2.01771
2.00816
2.00896
2.0079
2.00777
2.0075
2.00741
2.0074
2.0075
2.00776
2.00789
2.00896
2.00816
2.00628
2.00881
2.00904
2.00947
2.00968
2.00979
2.00979
2.00967
2.00947
2.00904
2.00881
2.00628
2.00678
2.00897
2.00994
2.01077
2.01127
2.01152
2.01152
2.01126
2.01076
2.00993
2.00897
2.00677
2.00654
2.00902
2.01047
2.01168
2.01248
2.01288
2.01288
2.01247
2.01168
2.01046
2.00902
2.00653
2.00657
2.00904
2.01079
2.01225
2.01324
2.01374
2.01374
2.01324
2.01225
2.01079
2.00904
2.00656
2.00657
2.00902
2.0109
2.01247
2.01355
2.0141
2.0141
2.01355
2.01247
2.0109
2.00902
2.00657
2.00658
2.00894
2.0108
2.01234
2.0134
2.01394
2.01394
2.0134
2.01234
2.0108
2.00894
2.00658
2.00661
2.0088
2.01049
2.01186
2.01279
2.01327
2.01327
2.01279
2.01186
2.01049
2.0088
2.00661
2.00669
2.00862
2.00998
2.01105
2.01177
2.01213
2.01213
2.01177
2.01105
2.00998
2.00862
2.00669
2.00677
2.00832
2.00922
2.0099
2.01033
2.01055
2.01055
2.01033
2.0099
2.00922
2.00832
2.00677
2.00718
2.00813
2.00829
2.0085
2.00861
2.00868
2.00868
2.00861
2.0085
2.00829
2.00813
2.00718
2.00738
2.00672
2.00653
2.00641
2.00635
2.00633
2.00633
2.00635
2.0064
2.00653
2.00672
2.00738
2.00304
2.00331
2.00295
2.0029
2.00282
2.00278
2.00278
2.00281
2.0029
2.00295
2.00331
2.00303
2.00238
2.00328
2.00338
2.00354
2.00362
2.00366
2.00366
2.00361
2.00353
2.00337
2.00328
2.00238
2.00254
2.00334
2.00371
2.00402
2.00421
2.0043
2.0043
2.0042
2.00401
2.0037
2.00334
2.00254
2.00246
2.00337
2.00391
2.00436
2.00465
2.0048
2.0048
2.00465
2.00436
2.0039
2.00336
2.00246
2.00247
2.00338
2.00403
2.00457
2.00493
2.00512
2.00512
2.00493
2.00457
2.00403
2.00337
2.00247
2.00247
2.00337
2.00407
2.00465
2.00505
2.00525
2.00525
2.00505
2.00465
2.00407
2.00337
2.00247
2.00247
2.00334
2.00403
2.0046
2.00499
2.00519
2.00519
2.00499
2.0046
2.00403
2.00334
2.00247
2.00248
2.00328
2.00391
2.00442
2.00476
2.00494
2.00494
2.00476
2.00442
2.00391
2.00328
2.00248
2.0025
2.00321
2.00372
2.00411
2.00438
2.00451
2.00451
2.00438
2.00411
2.00372
2.00321
2.0025
2.00253
2.0031
2.00343
2.00368
2.00385
2.00393
2.00393
2.00385
2.00368
2.00343
2.0031
2.00253
2.00267
2.00301
2.00308
2.00316
2.00321
2.00323
2.00323
2.00321
2.00316
2.00308
2.00301
2.00267
2.00274
2.0025
2.00244
2.0024
2.00238
2.00237
2.00237
2.00238
2.0024
2.00244
2.0025
2.00274
2.00059
2.00063
2.00059
2.00058
2.00057
2.00056
2.00056
2.00056
2.00057
2.00058
2.00063
2.00059
2.00049
2.00064
2.00066
2.00069
2.00071
2.00072
2.00072
2.00071
2.00069
2.00066
2.00064
2.00049
2.00051
2.00065
2.00072
2.00078
2.00082
2.00084
2.00084
2.00082
2.00078
2.00072
2.00065
2.00051
2.0005
2.00066
2.00076
2.00085
2.0009
2.00093
2.00093
2.0009
2.00085
2.00076
2.00066
2.0005
2.0005
2.00066
2.00079
2.00089
2.00095
2.00099
2.00099
2.00095
2.00088
2.00078
2.00066
2.0005
2.0005
2.00066
2.00079
2.0009
2.00097
2.00101
2.00101
2.00097
2.0009
2.00079
2.00066
2.0005
2.0005
2.00065
2.00078
2.00089
2.00096
2.001
2.001
2.00096
2.00089
2.00078
2.00065
2.00049
2.00049
2.00064
2.00076
2.00085
2.00092
2.00095
2.00095
2.00092
2.00085
2.00076
2.00064
2.00049
2.0005
2.00062
2.00072
2.00079
2.00084
2.00087
2.00087
2.00084
2.00079
2.00072
2.00062
2.0005
2.0005
2.0006
2.00067
2.00071
2.00074
2.00076
2.00076
2.00074
2.00071
2.00067
2.0006
2.0005
2.00052
2.00058
2.0006
2.00061
2.00062
2.00063
2.00063
2.00062
2.00061
2.0006
2.00058
2.00052
2.00053
2.00049
2.00048
2.00048
2.00047
2.00047
2.00047
2.00047
2.00048
2.00048
2.00049
2.00053
1.99887
1.99873
1.99894
1.99897
1.99902
1.99904
1.99904
1.99902
1.99897
1.99894
1.99873
1.99887
1.99921
1.99879
1.99879
1.99874
1.99872
1.99871
1.99871
1.99872
1.99873
1.99879
1.99879
1.99921
1.99912
1.99879
1.99867
1.99857
1.99851
1.99848
1.99848
1.99851
1.99857
1.99867
1.99879
1.99911
1.99917
1.9988
1.99861
1.99845
1.99835
1.9983
1.9983
1.99835
1.99845
1.99861
1.9988
1.99917
1.99916
1.99881
1.99858
1.99838
1.99826
1.99819
1.99819
1.99826
1.99838
1.99858
1.99881
1.99916
1.99916
1.99882
1.99857
1.99836
1.99822
1.99814
1.99814
1.99822
1.99836
1.99857
1.99882
1.99916
1.99916
1.99883
1.99858
1.99838
1.99824
1.99817
1.99817
1.99824
1.99838
1.99858
1.99883
1.99916
1.99915
1.99884
1.99862
1.99844
1.99832
1.99825
1.99825
1.99832
1.99844
1.99862
1.99884
1.99915
1.99913
1.99885
1.99867
1.99854
1.99845
1.9984
1.9984
1.99845
1.99854
1.99867
1.99885
1.99913
1.9991
1.99888
1.99877
1.99869
1.99864
1.99861
1.99861
1.99864
1.99869
1.99877
1.99888
1.99911
1.99903
1.99888
1.99888
1.99887
1.99886
1.99886
1.99886
1.99886
1.99887
1.99888
1.99888
1.99903
1.99898
1.9991
1.99914
1.99917
1.99918
1.99919
1.99919
1.99918
1.99917
1.99914
1.9991
1.99898
1.99436
1.99377
1.99451
1.99455
1.99473
1.99478
1.99478
1.99472
1.99455
1.9945
1.99377
1.99436
1.99562
1.99381
1.99365
1.9933
1.99313
1.99303
1.99303
1.99313
1.9933
1.99364
1.99381
1.99561
1.99519
1.99364
1.99294
1.99232
1.99194
1.99175
1.99175
1.99194
1.99232
1.99294
1.99364
1.99519
1.99534
1.99355
1.9925
1.99161
1.99102
1.99072
1.99072
1.99102
1.9916
1.9925
1.99354
1.99534
1.99528
1.99349
1.99221
1.99115
1.99043
1.99006
1.99006
1.99043
1.99115
1.99221
1.99348
1.99527
1.99526
1.99347
1.9921
1.99095
1.99016
1.98976
1.98976
1.99016
1.99095
1.99209
1.99347
1.99526
1.99524
1.99351
1.99214
1.99102
1.99024
1.98984
1.98984
1.99024
1.99102
1.99214
1.99351
1.99524
1.99523
1.99361
1.99236
1.99135
1.99066
1.99031
1.99031
1.99066
1.99135
1.99236
1.99361
1.99523
1.99519
1.99375
1.99274
1.99193
1.9914
1.99112
1.99112
1.9914
1.99193
1.99274
1.99375
1.99519
1.99516
1.994
1.99331
1.99279
1.99245
1.99227
1.99227
1.99244
1.99278
1.99331
1.994
1.99516
1.99492
1.99415
1.99401
1.99381
1.9937
1.99364
1.99364
1.9937
1.99381
1.99401
1.99415
1.99491
1.99478
1.99517
1.99528
1.99535
1.99536
1.99536
1.99536
1.99536
1.99534
1.99528
1.99518
1.99478
1.98738
1.9856
1.98795
1.98816
1.98876
1.98897
1.98897
1.98874
1.98814
1.98794
1.98559
1.98737
1.99123
1.98639
1.98639
1.98574
1.98552
1.98537
1.98537
1.98551
1.98573
1.98638
1.98638
1.99122
1.98992
1.9863
1.98508
1.98395
1.98333
1.98301
1.98301
1.98333
1.98394
1.98507
1.98629
1.9899
1.99048
1.98639
1.98445
1.98275
1.98171
1.98118
1.98118
1.9817
1.98274
1.98444
1.98638
1.99046
1.99031
1.98646
1.98405
1.98203
1.98072
1.98006
1.98006
1.98072
1.98203
1.98404
1.98645
1.99029
1.99028
1.98653
1.98393
1.98176
1.98033
1.9796
1.9796
1.98033
1.98176
1.98392
1.98652
1.99027
1.99021
1.98663
1.98404
1.98193
1.98053
1.97981
1.97981
1.98052
1.98193
1.98404
1.98662
1.9902
1.99013
1.98677
1.98442
1.98254
1.9813
1.98068
1.98068
1.9813
1.98253
1.98441
1.98676
1.99014
1.98996
1.98691
1.98503
1.98357
1.98265
1.98218
1.98218
1.98265
1.98357
1.98503
1.98691
1.98997
1.98977
1.98726
1.98603
1.98514
1.98461
1.98434
1.98434
1.98461
1.98514
1.98603
1.98726
1.98978
1.98899
1.98723
1.98727
1.98704
1.98698
1.98693
1.98693
1.98698
1.98704
1.98727
1.98723
1.98899
1.9885
1.98969
1.99009
1.99036
1.99046
1.99049
1.99049
1.99045
1.99035
1.99008
1.98969
1.9885
1.92436
1.91636
1.92296
1.92245
1.92373
1.92409
1.92409
1.92372
1.92245
1.92296
1.91635
1.92435
1.93672
1.91557
1.91209
1.90695
1.90416
1.90264
1.90264
1.90416
1.90694
1.91208
1.91556
1.93671
1.92971
1.91157
1.90242
1.89464
1.88984
1.88737
1.88737
1.88983
1.89463
1.90242
1.91156
1.9297
1.93052
1.90906
1.89635
1.88583
1.87906
1.87564
1.87564
1.87906
1.88582
1.89634
1.90905
1.93051
1.92879
1.90722
1.89218
1.8801
1.87214
1.86813
1.86812
1.87214
1.88009
1.89217
1.90721
1.92878
1.92821
1.90641
1.8903
1.8775
1.86897
1.86467
1.86467
1.86897
1.8775
1.8903
1.9064
1.9282
1.92797
1.90669
1.89065
1.878
1.86956
1.86531
1.86531
1.86956
1.878
1.89064
1.90668
1.92796
1.9282
1.90811
1.89324
1.88162
1.8739
1.87001
1.87001
1.8739
1.88162
1.89324
1.90811
1.9282
1.92861
1.91052
1.89803
1.88832
1.88194
1.87873
1.87873
1.88193
1.88832
1.89803
1.91052
1.92861
1.92916
1.91447
1.90529
1.89833
1.89379
1.89149
1.89149
1.89378
1.89833
1.90529
1.91447
1.92917
1.92832
1.91769
1.91448
1.91087
1.90869
1.90752
1.90752
1.90869
1.91086
1.91448
1.91769
1.92831
1.92775
1.9302
1.93
1.92966
1.92904
1.92869
1.92869
1.92904
1.92965
1.92999
1.93021
1.92775
1.87462
1.86846
1.8736
1.87441
1.87561
1.87621
1.87622
1.87564
1.87444
1.87363
1.86849
1.87465
1.88636
1.86862
1.86567
1.86235
1.86026
1.85933
1.85934
1.86028
1.86237
1.8657
1.86864
1.8864
1.87908
1.86491
1.85776
1.85243
1.84908
1.84746
1.84747
1.8491
1.85245
1.85779
1.86494
1.87913
1.88082
1.86361
1.85364
1.84623
1.8413
1.83896
1.83896
1.84131
1.84625
1.85366
1.86364
1.88086
1.87911
1.86209
1.85054
1.8419
1.83615
1.83337
1.83337
1.83616
1.84192
1.85056
1.86211
1.87914
1.87873
1.86158
1.84921
1.84003
1.83384
1.83084
1.83085
1.83385
1.84004
1.84922
1.8616
1.87875
1.87848
1.86175
1.84939
1.84031
1.83416
1.83119
1.83119
1.83417
1.84031
1.8494
1.86176
1.87848
1.87848
1.86264
1.85113
1.84276
1.83712
1.8344
1.8344
1.83713
1.84277
1.85113
1.86265
1.87847
1.87894
1.86454
1.85456
1.84767
1.84292
1.84068
1.84068
1.84293
1.84768
1.85456
1.86453
1.87893
1.87836
1.86701
1.85958
1.85473
1.85141
1.84982
1.84982
1.85141
1.85473
1.85958
1.86701
1.87834
1.87859
1.86995
1.86695
1.8647
1.86292
1.86217
1.86217
1.86293
1.8647
1.86696
1.86995
1.8786
1.87735
1.88019
1.87896
1.87967
1.879
1.87885
1.87885
1.87901
1.87969
1.87897
1.88017
1.87734
)
;

boundaryField
{
    inlet
    {
        type            fixedValue;
        value           uniform 4;
    }
    wall
    {
        type            myTemperature;
        value           nonuniform List<scalar> 
720
(
2.69563
2.67267
2.64126
2.60234
2.56316
2.53674
2.53672
2.56311
2.60228
2.6412
2.67261
2.69561
2.29834
2.3044
2.31303
2.32628
2.34226
2.35406
2.3541
2.34235
2.32639
2.31314
2.30448
2.2984
2.16307
2.1671
2.17279
2.18142
2.19165
2.19915
2.19915
2.19166
2.18144
2.17281
2.16712
2.16308
2.08738
2.08953
2.09253
2.09703
2.10228
2.10609
2.10609
2.10226
2.09701
2.09251
2.08952
2.08736
2.04345
2.04451
2.04597
2.04814
2.05066
2.05249
2.05248
2.05065
2.04813
2.04596
2.0445
2.04344
2.02067
2.02117
2.02186
2.02288
2.02406
2.02491
2.02491
2.02406
2.02288
2.02186
2.02117
2.02067
2.00916
2.00939
2.00969
2.01014
2.01066
2.01103
2.01103
2.01066
2.01014
2.00969
2.00938
2.00916
2.00381
2.0039
2.00403
2.00421
2.00443
2.00458
2.00458
2.00443
2.00421
2.00403
2.0039
2.0038
2.00141
2.00144
2.00149
2.00156
2.00164
2.00169
2.00169
2.00164
2.00156
2.00149
2.00144
2.00141
2.00028
2.00029
2.0003
2.00031
2.00032
2.00033
2.00033
2.00032
2.00031
2.00029
2.00029
2.00028
1.99945
1.99943
1.99942
1.99939
1.99936
1.99933
1.99933
1.99936
1.99939
1.99942
1.99943
1.99945
1.99766
1.9976
1.99753
1.99741
1.99728
1.99718
1.99718
1.99728
1.99741
1.99753
1.9976
1.99766
1.99365
1.99349
1.99327
1.99294
1.99256
1.99228
1.99227
1.99255
1.99294
1.99327
1.99348
1.99364
1.97371
1.97302
1.97205
1.97061
1.96893
1.96771
1.96771
1.96893
1.9706
1.97205
1.97302
1.97371
1.97425
1.97371
1.97294
1.97178
1.97041
1.96941
1.96941
1.97042
1.97179
1.97295
1.97371
1.97426
2.73429
2.72562
2.71497
2.70425
2.69599
2.69077
2.68886
2.69014
2.69408
2.69975
2.70453
2.70523
2.26839
2.26442
2.25917
2.25409
2.25054
2.24931
2.25083
2.25522
2.26221
2.27133
2.28117
2.29133
2.14192
2.13983
2.13718
2.13473
2.13316
2.13287
2.13411
2.13695
2.14122
2.14666
2.15253
2.15877
2.07434
2.07337
2.07218
2.07117
2.07063
2.07074
2.07161
2.07327
2.07564
2.07858
2.08174
2.08509
2.03637
2.03594
2.03542
2.035
2.03483
2.03497
2.03548
2.03637
2.03759
2.03907
2.04066
2.04232
2.01711
2.01693
2.01671
2.01654
2.01649
2.01659
2.01686
2.01729
2.01788
2.01859
2.01935
2.02013
2.00752
2.00744
2.00735
2.00729
2.00728
2.00733
2.00746
2.00766
2.00792
2.00824
2.00858
2.00892
2.00311
2.00308
2.00304
2.00302
2.00302
2.00304
2.0031
2.00318
2.00329
2.00342
2.00356
2.00371
2.00115
2.00114
2.00112
2.00112
2.00112
2.00113
2.00115
2.00118
2.00122
2.00127
2.00132
2.00137
2.00023
2.00022
2.00022
2.00022
2.00022
2.00022
2.00023
2.00023
2.00024
2.00025
2.00026
2.00027
1.99954
1.99955
1.99956
1.99956
1.99956
1.99956
1.99955
1.99954
1.99952
1.9995
1.99948
1.99946
1.99804
1.99807
1.99809
1.99811
1.99812
1.99811
1.99808
1.99803
1.99797
1.99789
1.9978
1.99772
1.99474
1.99481
1.99488
1.99494
1.99497
1.99495
1.99487
1.99473
1.99454
1.99431
1.99407
1.99382
1.97754
1.97781
1.97814
1.97842
1.97856
1.97852
1.97828
1.97781
1.97714
1.9763
1.97539
1.97441
1.97776
1.97806
1.97842
1.97874
1.97892
1.97891
1.97867
1.97821
1.97754
1.9767
1.97581
1.97487
2.73469
2.72692
2.7172
2.70757
2.70058
2.6969
2.69689
2.70056
2.70753
2.71716
2.72688
2.73468
2.26814
2.26356
2.25765
2.25175
2.24723
2.24479
2.2448
2.24725
2.25178
2.25767
2.26358
2.26814
2.14175
2.13921
2.13605
2.13296
2.1306
2.12932
2.12932
2.13061
2.13298
2.13606
2.13922
2.14175
2.07421
2.07289
2.07132
2.06981
2.06867
2.06806
2.06806
2.06868
2.06982
2.07133
2.0729
2.07421
2.03628
2.03563
2.03486
2.03413
2.03358
2.03329
2.03329
2.03359
2.03414
2.03486
2.03563
2.03629
2.01706
2.01675
2.01639
2.01605
2.01579
2.01566
2.01566
2.01579
2.01605
2.01639
2.01675
2.01706
2.00749
2.00736
2.00719
2.00704
2.00693
2.00687
2.00687
2.00693
2.00705
2.0072
2.00736
2.0075
2.0031
2.00304
2.00297
2.00291
2.00286
2.00284
2.00284
2.00286
2.00291
2.00297
2.00304
2.0031
2.00114
2.00112
2.0011
2.00107
2.00106
2.00105
2.00105
2.00106
2.00107
2.0011
2.00112
2.00114
2.00022
2.00022
2.00022
2.00021
2.00021
2.00021
2.00021
2.00021
2.00021
2.00022
2.00022
2.00022
1.99955
1.99955
1.99957
1.99958
1.99958
1.99959
1.99959
1.99958
1.99958
1.99957
1.99956
1.99955
1.99805
1.99809
1.99813
1.99817
1.99819
1.99821
1.99821
1.9982
1.99817
1.99813
1.99809
1.99805
1.99475
1.99486
1.99497
1.99509
1.99517
1.99522
1.99522
1.99517
1.99509
1.99498
1.99486
1.99476
1.97758
1.97795
1.9784
1.97882
1.97914
1.97931
1.97931
1.97914
1.97882
1.9784
1.97795
1.97758
1.9778
1.9782
1.97867
1.97913
1.97948
1.97966
1.97966
1.97948
1.97913
1.97867
1.97819
1.9778
2.70524
2.70457
2.69979
2.69411
2.69016
2.68887
2.69076
2.69597
2.70422
2.71493
2.72558
2.73428
2.29136
2.28117
2.27132
2.2622
2.25521
2.25083
2.24932
2.25056
2.25411
2.2592
2.26444
2.2684
2.15876
2.15252
2.14665
2.1412
2.13694
2.13411
2.13288
2.13318
2.13475
2.1372
2.13985
2.14193
2.08507
2.08172
2.07857
2.07563
2.07326
2.07161
2.07074
2.07063
2.07118
2.07219
2.07338
2.07435
2.04231
2.04064
2.03906
2.03757
2.03636
2.03548
2.03497
2.03483
2.03501
2.03542
2.03594
2.03637
2.02013
2.01934
2.01859
2.01788
2.01729
2.01685
2.01659
2.01649
2.01654
2.01671
2.01693
2.01711
2.00892
2.00857
2.00824
2.00792
2.00765
2.00745
2.00733
2.00728
2.00729
2.00735
2.00744
2.00752
2.0037
2.00356
2.00342
2.00329
2.00318
2.00309
2.00304
2.00302
2.00302
2.00304
2.00308
2.00311
2.00137
2.00132
2.00127
2.00122
2.00118
2.00114
2.00112
2.00112
2.00112
2.00112
2.00114
2.00115
2.00027
2.00026
2.00025
2.00024
2.00023
2.00023
2.00022
2.00022
2.00022
2.00022
2.00022
2.00022
1.99946
1.99948
1.9995
1.99952
1.99954
1.99955
1.99956
1.99956
1.99956
1.99956
1.99955
1.99954
1.99772
1.9978
1.99789
1.99797
1.99803
1.99808
1.99811
1.99812
1.99811
1.99809
1.99807
1.99804
1.99381
1.99407
1.99431
1.99454
1.99473
1.99486
1.99494
1.99497
1.99495
1.99488
1.99481
1.99474
1.97441
1.97539
1.9763
1.97713
1.97781
1.97827
1.97852
1.97856
1.97842
1.97814
1.97781
1.97754
1.97488
1.97581
1.97671
1.97754
1.97821
1.97868
1.97891
1.97892
1.97874
1.97842
1.97806
1.97776
)
;
    }
    outlet
    {
        type            fixedValue;
        value           uniform 1;
    }
}


// ************************************************************************* //
