/*--------------------------------*- C++ -*----------------------------------*\
| =========                 |                                                 |
| \\      /  F ield         | OpenFOAM: The Open Source CFD Toolbox           |
|  \\    /   O peration     | Version:  2.2.0                                 |
|   \\  /    A nd           | Web:      www.OpenFOAM.org                      |
|    \\/     M anipulation  |                                                 |
\*---------------------------------------------------------------------------*/
FoamFile
{
    version     2.0;
    format      ascii;
    class       volScalarField;
    location    "4";
    object      Theta;
}
// * * * * * * * * * * * * * * * * * * * * * * * * * * * * * * * * * * * * * //

dimensions      [0 2 -2 0 0 0 0];

internalField   nonuniform List<scalar> 
7920
(
2.70085
2.84403
2.98179
3.13223
3.29343
3.48083
3.5997
4.17879
2.67628
2.80499
2.92807
3.0595
3.19786
3.3404
3.4638
3.70028
2.6421
2.7604
2.87218
2.99078
3.11507
3.23754
3.36242
3.48357
2.59966
2.70915
2.8095
2.91586
3.02572
3.13081
3.23777
3.30249
2.55544
2.66229
2.75541
2.85545
2.95805
3.05602
3.15368
3.20416
2.52484
2.63235
2.72193
2.81951
2.91915
3.01444
3.10751
3.15391
2.52484
2.63235
2.72193
2.81951
2.91914
3.01444
3.10751
3.15391
2.55544
2.66229
2.7554
2.85544
2.95803
3.05601
3.15367
3.20416
2.59966
2.70915
2.80949
2.91584
3.0257
3.13079
3.23777
3.3025
2.6421
2.76039
2.87216
2.99076
3.11504
3.23752
3.36242
3.48358
2.67627
2.805
2.92806
3.05948
3.19781
3.34035
3.46377
3.70024
2.70087
2.84401
2.9818
3.13225
3.29347
3.48085
3.59972
4.17878
2.25856
2.36356
2.39216
2.45732
2.52177
2.60003
2.67326
2.85295
2.27232
2.36561
2.39191
2.4501
2.50676
2.56999
2.64301
2.71183
2.29141
2.37079
2.39581
2.44749
2.49738
2.55087
2.61578
2.65071
2.31983
2.3811
2.40545
2.45022
2.49338
2.53867
2.5939
2.61324
2.35281
2.39483
2.41906
2.45759
2.49516
2.53432
2.58149
2.59441
2.37685
2.40531
2.42949
2.46392
2.49802
2.53359
2.57599
2.58673
2.37685
2.40531
2.42949
2.46392
2.49802
2.53359
2.57599
2.58672
2.35281
2.39483
2.41906
2.45759
2.49516
2.53432
2.58148
2.5944
2.31983
2.3811
2.40545
2.45022
2.49337
2.53866
2.5939
2.61323
2.29141
2.37079
2.39581
2.44748
2.49736
2.55085
2.61577
2.65069
2.27232
2.36561
2.39191
2.45008
2.50674
2.56995
2.64298
2.7118
2.25857
2.36356
2.39216
2.45733
2.5218
2.60005
2.67328
2.85293
2.16478
2.17489
2.19443
2.21412
2.23816
2.26556
2.3
2.33563
2.16494
2.17553
2.19172
2.20839
2.22828
2.24929
2.27965
2.27929
2.16532
2.17764
2.19034
2.20441
2.22068
2.2374
2.26094
2.25682
2.16715
2.18229
2.19158
2.20361
2.21712
2.23104
2.25036
2.24774
2.1703
2.18837
2.19453
2.20487
2.21615
2.22795
2.24402
2.24279
2.1731
2.19296
2.19709
2.20638
2.21634
2.22695
2.24128
2.24115
2.1731
2.19296
2.19709
2.20638
2.21634
2.22695
2.24127
2.24114
2.1703
2.18837
2.19453
2.20487
2.21616
2.22795
2.24401
2.24278
2.16715
2.18229
2.19159
2.20361
2.21712
2.23103
2.25035
2.24772
2.16532
2.17764
2.19034
2.20441
2.22068
2.23739
2.26093
2.2568
2.16493
2.17553
2.19172
2.20838
2.22827
2.24926
2.27962
2.27926
2.16478
2.17488
2.19444
2.21413
2.23818
2.26557
2.30001
2.33562
2.07434
2.09002
2.09545
2.10586
2.11732
2.13068
2.14919
2.16058
2.07735
2.09132
2.09585
2.10478
2.11434
2.12486
2.14052
2.13847
2.08156
2.09369
2.09747
2.10508
2.11306
2.1217
2.13382
2.13232
2.08743
2.09758
2.1008
2.10736
2.11419
2.12169
2.13193
2.13245
2.09394
2.10208
2.1048
2.11038
2.11623
2.12274
2.13151
2.13309
2.09853
2.10528
2.10764
2.11259
2.11782
2.12375
2.13171
2.13388
2.09853
2.10528
2.10765
2.11259
2.11782
2.12375
2.13171
2.13387
2.09394
2.10208
2.1048
2.11038
2.11623
2.12274
2.13151
2.13308
2.08743
2.09758
2.10081
2.10736
2.11419
2.12168
2.13192
2.13244
2.08157
2.09369
2.09747
2.10508
2.11305
2.1217
2.13381
2.13231
2.07735
2.09132
2.09585
2.10477
2.11433
2.12485
2.1405
2.13845
2.07435
2.09001
2.09545
2.10587
2.11734
2.1307
2.1492
2.16059
2.03989
2.04368
2.04694
2.05106
2.05595
2.06155
2.06981
2.07284
2.04029
2.04399
2.04666
2.05015
2.05417
2.05851
2.06522
2.06293
2.0409
2.04471
2.04683
2.04982
2.05314
2.0567
2.06178
2.06034
2.04197
2.04605
2.04771
2.05035
2.05325
2.05639
2.06073
2.06063
2.04337
2.04766
2.0489
2.05124
2.05378
2.05659
2.06037
2.06102
2.04444
2.04883
2.0498
2.05194
2.05426
2.05688
2.06037
2.06141
2.04444
2.04883
2.0498
2.05194
2.05426
2.05688
2.06037
2.06141
2.04337
2.04766
2.04891
2.05124
2.05378
2.05659
2.06037
2.06102
2.04198
2.04605
2.04771
2.05035
2.05325
2.05639
2.06072
2.06063
2.0409
2.04471
2.04683
2.04982
2.05314
2.05669
2.06177
2.06033
2.04029
2.04399
2.04666
2.05015
2.05416
2.0585
2.0652
2.06292
2.03989
2.04367
2.04694
2.05107
2.05596
2.06156
2.06981
2.07285
2.01666
2.01967
2.02078
2.02272
2.02492
2.02748
2.03118
2.03257
2.01721
2.01997
2.02087
2.02253
2.02434
2.02634
2.02932
2.02855
2.01796
2.0205
2.02122
2.02264
2.02416
2.02582
2.02811
2.02776
2.019
2.02132
2.02191
2.02316
2.02448
2.02596
2.02792
2.02814
2.02014
2.02224
2.02271
2.0238
2.02496
2.02627
2.028
2.0285
2.02094
2.02289
2.02326
2.02425
2.02531
2.02652
2.02812
2.02876
2.02094
2.02289
2.02327
2.02426
2.02531
2.02652
2.02812
2.02876
2.02014
2.02225
2.02271
2.0238
2.02496
2.02627
2.028
2.0285
2.019
2.02132
2.02191
2.02316
2.02448
2.02595
2.02792
2.02813
2.01796
2.0205
2.02122
2.02264
2.02416
2.02582
2.02811
2.02775
2.01721
2.01997
2.02087
2.02253
2.02434
2.02634
2.02931
2.02854
2.01666
2.01967
2.02078
2.02273
2.02493
2.02748
2.03119
2.03258
2.00759
2.00855
2.00911
2.00991
2.01084
2.01192
2.01347
2.01401
2.00771
2.00864
2.0091
2.00979
2.01057
2.01143
2.01267
2.01241
2.00789
2.00881
2.00919
2.00979
2.01046
2.01119
2.01216
2.0121
2.00816
2.00909
2.00941
2.00995
2.01055
2.01121
2.01207
2.01226
2.00848
2.00942
2.00967
2.01016
2.0107
2.01131
2.01209
2.01241
2.00872
2.00965
2.00986
2.01032
2.01082
2.01139
2.01213
2.01251
2.00872
2.00965
2.00986
2.01032
2.01082
2.01139
2.01213
2.01251
2.00848
2.00942
2.00967
2.01017
2.0107
2.01131
2.01209
2.0124
2.00816
2.00909
2.00941
2.00995
2.01055
2.01121
2.01207
2.01226
2.00789
2.00881
2.00919
2.00979
2.01046
2.01119
2.01216
2.0121
2.00771
2.00864
2.0091
2.00979
2.01057
2.01142
2.01267
2.0124
2.00759
2.00855
2.00911
2.00991
2.01084
2.01192
2.01347
2.01401
2.00277
2.00329
2.00349
2.00382
2.00419
2.00462
2.00523
2.00548
2.00286
2.00335
2.00351
2.0038
2.00411
2.00446
2.00495
2.00491
2.00297
2.00344
2.00357
2.00383
2.0041
2.0044
2.00479
2.00483
2.00312
2.00357
2.00369
2.00392
2.00416
2.00444
2.00479
2.00491
2.00329
2.00372
2.00381
2.00402
2.00424
2.0045
2.00482
2.00498
2.00341
2.00383
2.0039
2.00409
2.0043
2.00454
2.00484
2.00503
2.00341
2.00383
2.0039
2.00409
2.0043
2.00454
2.00484
2.00503
2.00329
2.00372
2.00382
2.00402
2.00424
2.0045
2.00482
2.00498
2.00312
2.00357
2.00369
2.00392
2.00416
2.00444
2.00479
2.00491
2.00297
2.00344
2.00357
2.00383
2.0041
2.0044
2.00479
2.00483
2.00286
2.00335
2.00351
2.0038
2.00411
2.00446
2.00495
2.00491
2.00277
2.00329
2.00349
2.00382
2.00419
2.00463
2.00523
2.00548
2.00105
2.0012
2.00127
2.00139
2.00152
2.00167
2.00188
2.00197
2.00108
2.00121
2.00128
2.00138
2.00149
2.00162
2.00179
2.00179
2.00111
2.00124
2.0013
2.00139
2.00149
2.0016
2.00174
2.00177
2.00115
2.00129
2.00134
2.00142
2.00151
2.00162
2.00175
2.00181
2.0012
2.00134
2.00138
2.00146
2.00154
2.00164
2.00176
2.00183
2.00124
2.00137
2.00141
2.00148
2.00156
2.00165
2.00177
2.00185
2.00124
2.00137
2.00141
2.00148
2.00156
2.00165
2.00177
2.00185
2.0012
2.00134
2.00138
2.00146
2.00154
2.00164
2.00176
2.00183
2.00115
2.00129
2.00134
2.00142
2.00151
2.00162
2.00175
2.00181
2.00111
2.00124
2.0013
2.00139
2.00149
2.0016
2.00174
2.00177
2.00108
2.00121
2.00128
2.00138
2.00149
2.00162
2.00179
2.00179
2.00105
2.0012
2.00127
2.00139
2.00152
2.00167
2.00188
2.00197
2.00001
2.00011
2.00012
2.00014
2.00016
2.00019
2.00023
2.00026
2.00001
2.00011
2.00011
2.00013
2.00016
2.00018
2.00022
2.00022
2
2.00011
2.00011
2.00013
2.00015
2.00018
2.0002
2.00022
1.99999
2.00011
2.00011
2.00013
2.00015
2.00017
2.0002
2.00022
1.99999
2.00012
2.00011
2.00013
2.00015
2.00017
2.0002
2.00022
1.99998
2.00012
2.00011
2.00013
2.00015
2.00017
2.0002
2.00022
1.99998
2.00012
2.00011
2.00013
2.00015
2.00017
2.0002
2.00022
1.99999
2.00012
2.00011
2.00013
2.00015
2.00017
2.0002
2.00022
1.99999
2.00011
2.00011
2.00013
2.00015
2.00017
2.0002
2.00022
2
2.00011
2.00011
2.00013
2.00015
2.00018
2.0002
2.00022
2.00001
2.00011
2.00011
2.00013
2.00016
2.00018
2.00021
2.00022
2.00001
2.00011
2.00012
2.00014
2.00016
2.00019
2.00023
2.00026
2.00011
1.99977
1.99979
1.99973
1.99968
1.99961
1.99951
1.99947
2.00013
1.99978
1.99981
1.99976
1.99971
1.99966
1.99959
1.99961
2.00016
1.99979
1.99983
1.99978
1.99974
1.9997
1.99964
1.99966
2.00019
1.99979
1.99984
1.9998
1.99976
1.99972
1.99967
1.99967
2.00022
1.99979
1.99985
1.99981
1.99977
1.99973
1.99969
1.99967
2.00024
1.99979
1.99985
1.99981
1.99978
1.99974
1.99969
1.99967
2.00024
1.99979
1.99985
1.99981
1.99978
1.99974
1.99969
1.99967
2.00022
1.99979
1.99985
1.99981
1.99977
1.99973
1.99969
1.99967
2.00019
1.99979
1.99984
1.9998
1.99976
1.99972
1.99967
1.99967
2.00016
1.99979
1.99983
1.99978
1.99974
1.9997
1.99964
1.99966
2.00013
1.99978
1.99981
1.99976
1.99971
1.99966
1.99959
1.99961
2.00011
1.99977
1.99979
1.99973
1.99968
1.99961
1.99951
1.99947
1.99645
1.99699
1.99664
1.99641
1.99611
1.99576
1.99528
1.99506
1.99633
1.99694
1.99659
1.99639
1.99612
1.99583
1.99543
1.99538
1.99615
1.99685
1.9965
1.99633
1.99609
1.99583
1.9955
1.9954
1.99592
1.99672
1.99637
1.99622
1.996
1.99576
1.99546
1.99531
1.99568
1.99657
1.99623
1.9961
1.99591
1.99569
1.99542
1.99524
1.99551
1.99648
1.99613
1.99602
1.99584
1.99564
1.99538
1.9952
1.99551
1.99648
1.99613
1.99602
1.99584
1.99564
1.99538
1.9952
1.99568
1.99657
1.99623
1.9961
1.99591
1.99569
1.99542
1.99524
1.99592
1.99672
1.99637
1.99622
1.996
1.99576
1.99546
1.99531
1.99615
1.99685
1.9965
1.99633
1.99609
1.99583
1.9955
1.9954
1.99633
1.99694
1.99659
1.99639
1.99612
1.99583
1.99543
1.99538
1.99645
1.997
1.99664
1.99641
1.99611
1.99576
1.99528
1.99506
2.00019
1.99608
1.99669
1.99607
1.99559
1.99499
1.99404
1.99381
2.00029
1.99607
1.99682
1.99629
1.99595
1.99555
1.99482
1.99553
2.00044
1.99602
1.99691
1.99644
1.99621
1.99594
1.99545
1.99607
2.00061
1.9959
1.99692
1.99649
1.99632
1.9961
1.99573
1.99614
2.00077
1.99575
1.9969
1.99649
1.99636
1.99618
1.99588
1.99615
2.00086
1.99564
1.99688
1.99647
1.99636
1.9962
1.99594
1.99613
2.00086
1.99564
1.99688
1.99647
1.99636
1.9962
1.99594
1.99613
2.00077
1.99575
1.9969
1.99648
1.99636
1.99618
1.99588
1.99615
2.00061
1.9959
1.99692
1.99649
1.99632
1.9961
1.99573
1.99614
2.00044
1.99602
1.99691
1.99644
1.99621
1.99594
1.99546
1.99607
2.00029
1.99607
1.99682
1.99629
1.99595
1.99555
1.99482
1.99553
2.00019
1.99608
1.99669
1.99607
1.99558
1.99499
1.99404
1.99381
1.96529
1.96542
1.95936
1.95402
1.94755
1.94033
1.9313
1.92357
1.96437
1.96501
1.95922
1.95433
1.94845
1.94212
1.93396
1.93089
1.96304
1.96426
1.9587
1.95425
1.94888
1.94318
1.93615
1.93328
1.9611
1.963
1.9576
1.95352
1.94854
1.94325
1.93687
1.93357
1.95885
1.96151
1.95626
1.95253
1.94789
1.94295
1.9371
1.93354
1.95722
1.96043
1.95529
1.95179
1.94737
1.94264
1.93709
1.93335
1.95722
1.96043
1.95529
1.95179
1.94737
1.94264
1.93709
1.93335
1.95885
1.96151
1.95626
1.95253
1.94789
1.94295
1.9371
1.93354
1.9611
1.963
1.9576
1.95352
1.94854
1.94325
1.93687
1.93357
1.96304
1.96426
1.9587
1.95425
1.94888
1.94319
1.93615
1.93328
1.96437
1.96501
1.95922
1.95433
1.94845
1.94213
1.93397
1.9309
1.96529
1.96543
1.95936
1.95402
1.94754
1.94032
1.9313
1.92357
1.97592
1.97165
1.96779
1.96324
1.95807
1.95232
1.94512
1.93909
1.97539
1.97141
1.96791
1.96382
1.95925
1.9544
1.94799
1.9467
1.97462
1.97091
1.96776
1.96409
1.96005
1.95583
1.9505
1.94947
1.97346
1.96999
1.96714
1.96381
1.96016
1.95633
1.95164
1.95016
1.97208
1.96888
1.96629
1.96327
1.95994
1.95642
1.95222
1.95043
1.97106
1.96806
1.96566
1.96283
1.9597
1.95636
1.95242
1.95041
1.97106
1.96806
1.96566
1.96283
1.9597
1.95636
1.95242
1.95041
1.97208
1.96888
1.96629
1.96327
1.95994
1.95642
1.95222
1.95043
1.97346
1.96999
1.96714
1.96381
1.96016
1.95633
1.95164
1.95016
1.97462
1.97091
1.96776
1.96409
1.96005
1.95583
1.9505
1.94947
1.97539
1.97141
1.96791
1.96382
1.95925
1.95441
1.94799
1.9467
1.97592
1.97165
1.96779
1.96324
1.95807
1.95231
1.94511
1.93909
2.74136
2.89383
3.04221
3.20355
3.37625
3.57465
3.70517
4.28854
2.73258
2.87125
3.00676
3.15014
3.3008
3.45401
3.59186
3.8192
2.72154
2.84963
2.9755
3.10624
3.24206
3.37292
3.50696
3.61271
2.71114
2.82869
2.94489
3.06303
3.18323
3.29436
3.4052
3.45407
2.70304
2.81389
2.92396
3.03433
3.14509
3.24596
3.34158
3.37591
2.69798
2.80519
2.91188
3.01803
3.12367
3.2192
3.30603
3.33595
2.69606
2.80269
2.90875
3.01421
3.11909
3.21382
3.29992
3.32877
2.69712
2.80618
2.91429
3.02251
3.13091
3.22924
3.32253
3.35312
2.70082
2.81519
2.92793
3.04228
3.15831
3.2649
3.37177
3.41293
2.706
2.82919
2.94974
3.07458
3.20383
3.32715
3.45468
3.54281
2.71094
2.84307
2.97157
3.10726
3.24962
3.39338
3.52661
3.72529
2.71116
2.85468
2.99322
3.14364
3.30404
3.48693
3.60691
4.13165
2.20848
2.33172
2.35405
2.42111
2.48537
2.56456
2.63617
2.82862
2.20446
2.32407
2.3428
2.40477
2.46245
2.52846
2.5985
2.69042
2.19802
2.31586
2.33201
2.39076
2.44445
2.50422
2.57198
2.63207
2.19247
2.30827
2.322
2.37766
2.42743
2.48181
2.54426
2.58511
2.1886
2.30301
2.31521
2.36888
2.41614
2.46732
2.52589
2.55723
2.18764
2.30096
2.31251
2.36513
2.41109
2.46066
2.51698
2.54417
2.19006
2.3026
2.3145
2.36709
2.41314
2.46279
2.51908
2.54679
2.19603
2.30808
2.32137
2.37502
2.42259
2.47412
2.53263
2.56608
2.20547
2.31718
2.33287
2.38855
2.43893
2.49406
2.55627
2.60214
2.21755
2.32937
2.34865
2.40768
2.46268
2.52436
2.59233
2.66579
2.23185
2.34261
2.36542
2.4273
2.48602
2.55377
2.62007
2.734
2.24616
2.35744
2.38592
2.45371
2.52082
2.60522
2.67681
2.91406
2.15283
2.15621
2.17855
2.19818
2.2229
2.25156
2.28456
2.33485
2.15099
2.15243
2.17286
2.18989
2.21112
2.23421
2.26175
2.28176
2.14852
2.14863
2.16782
2.18323
2.20249
2.22318
2.24786
2.26372
2.14644
2.14537
2.16356
2.17766
2.19538
2.21419
2.23677
2.24949
2.14502
2.14324
2.16076
2.17402
2.19072
2.20831
2.22954
2.23997
2.14465
2.14264
2.15979
2.17263
2.18882
2.20579
2.22629
2.23559
2.14549
2.14381
2.16088
2.17378
2.19
2.20704
2.22747
2.23733
2.14758
2.14681
2.16413
2.1776
2.19443
2.21228
2.23335
2.24595
2.15082
2.15156
2.16941
2.18391
2.2019
2.22127
2.24345
2.26113
2.15478
2.15775
2.17652
2.1927
2.21263
2.23471
2.25915
2.28695
2.15927
2.16452
2.18402
2.2017
2.22319
2.24737
2.27143
2.30989
2.16305
2.17223
2.19364
2.21484
2.24103
2.27324
2.30604
2.3898
2.05919
2.07651
2.08122
2.09155
2.10282
2.1164
2.13393
2.15267
2.05841
2.0749
2.07877
2.08797
2.09767
2.10884
2.12309
2.13086
2.0573
2.07335
2.07672
2.08529
2.09421
2.10448
2.11721
2.12524
2.05644
2.07215
2.07519
2.08335
2.09177
2.10148
2.11347
2.12143
2.05602
2.07151
2.07436
2.08227
2.0904
2.09976
2.11133
2.11889
2.05623
2.07159
2.07439
2.0822
2.09022
2.09943
2.11081
2.11819
2.05719
2.07251
2.07539
2.08326
2.09136
2.10066
2.11207
2.11985
2.05893
2.07431
2.07742
2.08552
2.0939
2.10357
2.11524
2.12425
2.0614
2.07693
2.08042
2.08892
2.09778
2.10807
2.12018
2.13123
2.06443
2.08024
2.0843
2.09344
2.10309
2.11444
2.12749
2.14216
2.06795
2.08393
2.08859
2.09832
2.10866
2.12084
2.13403
2.15159
2.07139
2.0881
2.094
2.1053
2.11789
2.13369
2.15201
2.1875
2.0349
2.03752
2.04097
2.04493
2.04973
2.05539
2.06314
2.06969
2.03457
2.03682
2.03989
2.04333
2.04741
2.05199
2.05803
2.06028
2.03413
2.03617
2.03901
2.04217
2.04589
2.05008
2.05534
2.05811
2.03381
2.03572
2.03842
2.04141
2.04493
2.0489
2.05383
2.05686
2.03368
2.03551
2.03814
2.04104
2.04444
2.04828
2.05304
2.05604
2.0338
2.03563
2.03822
2.0411
2.04446
2.04825
2.05295
2.05594
2.03419
2.0361
2.03871
2.04163
2.04503
2.04887
2.05359
2.0568
2.03487
2.03695
2.03962
2.04265
2.04618
2.05018
2.05502
2.05878
2.03581
2.03813
2.04093
2.04414
2.04788
2.05216
2.0572
2.06181
2.03692
2.0396
2.04258
2.04607
2.05016
2.05489
2.06035
2.06638
2.03816
2.04122
2.04439
2.04818
2.05258
2.05768
2.06333
2.07029
2.03923
2.043
2.04662
2.05114
2.05658
2.06331
2.07156
2.086
2.01329
2.0163
2.01733
2.01921
2.02134
2.02389
2.02738
2.03019
2.01317
2.01602
2.01689
2.01855
2.02037
2.02247
2.02521
2.02628
2.01299
2.01576
2.01654
2.01808
2.01976
2.02169
2.0241
2.02547
2.01288
2.0156
2.01632
2.01781
2.01941
2.02126
2.02355
2.02508
2.01285
2.01555
2.01625
2.01771
2.01927
2.02108
2.02331
2.02486
2.01295
2.01565
2.01635
2.01779
2.01935
2.02115
2.02337
2.02493
2.0132
2.01591
2.01662
2.01809
2.01967
2.0215
2.02373
2.0254
2.01359
2.01633
2.01709
2.0186
2.02024
2.02214
2.02443
2.02633
2.01411
2.01691
2.01773
2.01932
2.02105
2.02306
2.02544
2.02768
2.01473
2.01761
2.01852
2.02023
2.0221
2.02429
2.02685
2.02962
2.01543
2.0184
2.01941
2.02124
2.02325
2.0256
2.02827
2.03135
2.0161
2.01925
2.02048
2.02261
2.02505
2.02808
2.03188
2.03797
2.00643
2.00721
2.00777
2.00853
2.00942
2.01049
2.01194
2.01305
2.00638
2.0071
2.0076
2.00827
2.00905
2.00993
2.01108
2.01155
2.00632
2.007
2.00746
2.0081
2.00881
2.00963
2.01065
2.01126
2.00628
2.00695
2.00739
2.008
2.00869
2.00948
2.01046
2.01114
2.00627
2.00694
2.00737
2.00797
2.00865
2.00943
2.01038
2.01108
2.00632
2.00698
2.00742
2.00802
2.00869
2.00947
2.01042
2.01113
2.00641
2.00709
2.00753
2.00814
2.00883
2.00962
2.01058
2.01133
2.00656
2.00727
2.00772
2.00835
2.00906
2.00988
2.01086
2.01171
2.00675
2.0075
2.00797
2.00863
2.00938
2.01024
2.01126
2.01224
2.00697
2.00778
2.00828
2.00899
2.00979
2.01072
2.01181
2.01299
2.00722
2.00809
2.00863
2.00938
2.01024
2.01124
2.01238
2.01367
2.00744
2.00841
2.00903
2.0099
2.01093
2.0122
2.0138
2.01625
2.00222
2.00271
2.00289
2.00321
2.00356
2.00399
2.00456
2.00501
2.0022
2.00267
2.00283
2.00311
2.00343
2.00379
2.00425
2.00447
2.00218
2.00264
2.00279
2.00305
2.00335
2.00369
2.0041
2.00438
2.00217
2.00262
2.00276
2.00302
2.00331
2.00364
2.00404
2.00435
2.00217
2.00262
2.00276
2.00302
2.0033
2.00363
2.00402
2.00434
2.00219
2.00264
2.00279
2.00304
2.00332
2.00365
2.00405
2.00437
2.00223
2.00269
2.00284
2.0031
2.00338
2.00371
2.00411
2.00445
2.0023
2.00276
2.00291
2.00318
2.00348
2.00382
2.00423
2.0046
2.00238
2.00286
2.00302
2.00329
2.0036
2.00396
2.00439
2.00481
2.00248
2.00297
2.00314
2.00344
2.00376
2.00415
2.0046
2.00508
2.00259
2.00309
2.00328
2.00359
2.00394
2.00435
2.00482
2.00534
2.00269
2.00322
2.00344
2.0038
2.00421
2.00471
2.00535
2.00629
2.00088
2.001
2.00107
2.00118
2.00131
2.00146
2.00165
2.00181
2.00087
2.00099
2.00105
2.00115
2.00127
2.0014
2.00156
2.00164
2.00087
2.00098
2.00104
2.00114
2.00124
2.00136
2.00151
2.00162
2.00086
2.00097
2.00104
2.00113
2.00123
2.00135
2.0015
2.00162
2.00086
2.00097
2.00104
2.00113
2.00123
2.00135
2.0015
2.00162
2.00087
2.00098
2.00105
2.00114
2.00124
2.00136
2.00151
2.00163
2.00089
2.001
2.00106
2.00116
2.00126
2.00138
2.00153
2.00166
2.00091
2.00102
2.00109
2.00119
2.00129
2.00142
2.00157
2.00171
2.00093
2.00105
2.00112
2.00122
2.00133
2.00147
2.00162
2.00178
2.00096
2.00109
2.00116
2.00127
2.00139
2.00152
2.00169
2.00186
2.001
2.00113
2.00121
2.00132
2.00144
2.00159
2.00176
2.00194
2.00103
2.00117
2.00126
2.00138
2.00153
2.0017
2.00192
2.00224
2
2.00009
2.00009
2.00012
2.00014
2.00017
2.0002
2.00024
2
2.00009
2.00009
2.00011
2.00013
2.00016
2.00019
2.00021
2
2.00008
2.00009
2.00011
2.00013
2.00015
2.00018
2.00021
2
2.00008
2.00009
2.00011
2.00013
2.00015
2.00018
2.00021
2
2.00008
2.00009
2.00011
2.00013
2.00015
2.00018
2.00021
2
2.00009
2.00009
2.00011
2.00013
2.00015
2.00018
2.00021
2
2.00009
2.00009
2.00011
2.00013
2.00016
2.00019
2.00021
2
2.00009
2.00009
2.00011
2.00014
2.00016
2.00019
2.00022
2
2.0001
2.0001
2.00012
2.00014
2.00017
2.0002
2.00023
2.00001
2.0001
2.0001
2.00013
2.00015
2.00018
2.00021
2.00024
2.00001
2.00011
2.00011
2.00013
2.00016
2.00019
2.00022
2.00026
2.00001
2.00011
2.00012
2.00014
2.00017
2.0002
2.00024
2.0003
2.0001
1.99982
1.99983
1.99977
1.99972
1.99965
1.99956
1.99948
2.0001
1.99982
1.99984
1.99979
1.99975
1.99969
1.99962
1.9996
2.00011
1.99983
1.99985
1.99981
1.99977
1.99972
1.99966
1.99963
2.00011
1.99984
1.99986
1.99982
1.99978
1.99973
1.99968
1.99965
2.00011
1.99984
1.99986
1.99982
1.99978
1.99974
1.99969
1.99966
2.00011
1.99984
1.99986
1.99982
1.99979
1.99974
1.9997
1.99967
2.00011
1.99983
1.99986
1.99982
1.99978
1.99974
1.99969
1.99966
2.00011
1.99982
1.99985
1.99981
1.99977
1.99972
1.99967
1.99963
2.00011
1.99981
1.99984
1.99979
1.99975
1.9997
1.99965
1.9996
2.0001
1.9998
1.99982
1.99977
1.99973
1.99967
1.99961
1.99954
2.0001
1.99979
1.9998
1.99975
1.9997
1.99964
1.99958
1.99949
2.0001
1.99977
1.99979
1.99972
1.99966
1.99958
1.99948
1.99931
1.99701
1.99743
1.99711
1.99689
1.99659
1.99625
1.99579
1.99544
1.99702
1.99746
1.99716
1.99695
1.99668
1.99638
1.99599
1.99577
1.99704
1.99748
1.99719
1.99699
1.99673
1.99644
1.99609
1.99582
1.99705
1.9975
1.99721
1.99701
1.99676
1.99647
1.99612
1.99582
1.99705
1.9975
1.99721
1.99701
1.99676
1.99648
1.99613
1.99583
1.99704
1.99749
1.99719
1.997
1.99675
1.99646
1.99611
1.9958
1.997
1.99746
1.99716
1.99696
1.99671
1.99642
1.99607
1.99575
1.99695
1.99741
1.9971
1.9969
1.99664
1.99635
1.99599
1.99565
1.99687
1.99734
1.99703
1.99682
1.99655
1.99625
1.99589
1.99552
1.99678
1.99726
1.99693
1.99672
1.99644
1.99612
1.99575
1.99534
1.99667
1.99716
1.99683
1.9966
1.99631
1.99598
1.9956
1.99518
1.99656
1.99706
1.9967
1.99645
1.99612
1.99573
1.99523
1.99457
2.00033
1.99685
1.99729
1.99672
1.99623
1.99562
1.99477
1.9939
2.00036
1.99694
1.99745
1.99696
1.9966
1.99617
1.99556
1.9955
2.00039
1.99703
1.99757
1.99714
1.99684
1.99648
1.99599
1.99592
2.00041
1.99708
1.99766
1.99725
1.99699
1.99668
1.99626
1.9962
2.00042
1.99711
1.9977
1.99731
1.99708
1.99679
1.99641
1.99637
2.0004
1.99709
1.99769
1.99731
1.99708
1.99681
1.99644
1.99641
2.00038
1.99702
1.99763
1.99724
1.99701
1.99673
1.99636
1.99629
2.00034
1.99691
1.99752
1.99711
1.99686
1.99654
1.99615
1.99598
2.00028
1.99676
1.99736
1.99692
1.99662
1.99626
1.99583
1.9955
2.00023
1.99657
1.99716
1.99666
1.99631
1.99586
1.99535
1.99474
2.00017
1.99637
1.99694
1.99639
1.99599
1.99548
1.99496
1.99412
2.00015
1.99614
1.99666
1.99599
1.99542
1.99464
1.99373
1.99159
1.97012
1.96956
1.9638
1.95847
1.95208
1.94482
1.93611
1.92638
1.97041
1.97006
1.96456
1.95957
1.95366
1.94716
1.9395
1.9335
1.9708
1.97055
1.96521
1.96042
1.95477
1.94857
1.94139
1.93559
1.97111
1.97092
1.9657
1.96104
1.95555
1.94955
1.94263
1.93699
1.97127
1.97113
1.96596
1.96139
1.956
1.95012
1.94337
1.93789
1.97121
1.9711
1.96596
1.96141
1.95606
1.95024
1.94356
1.93815
1.97091
1.97083
1.96565
1.96109
1.95572
1.94987
1.94318
1.93765
1.97034
1.97028
1.96503
1.9604
1.95493
1.94896
1.94218
1.93627
1.96953
1.96948
1.96409
1.95934
1.95372
1.94755
1.94059
1.93401
1.96852
1.96846
1.96287
1.95792
1.95204
1.94552
1.93824
1.93036
1.96737
1.96732
1.96153
1.95639
1.95029
1.94348
1.93617
1.92706
1.96621
1.96602
1.95982
1.9542
1.94739
1.93941
1.93049
1.91525
1.97941
1.97518
1.97128
1.96669
1.96146
1.95554
1.94857
1.94021
1.97965
1.97567
1.97203
1.96779
1.96305
1.9579
1.95188
1.94745
1.97998
1.97614
1.97268
1.96865
1.96419
1.95936
1.95382
1.94976
1.98024
1.97651
1.97318
1.96931
1.96504
1.96044
1.9552
1.95141
1.98037
1.97672
1.97347
1.96969
1.96554
1.9611
1.95604
1.95247
1.98034
1.97671
1.9735
1.96977
1.96568
1.96129
1.95634
1.95286
1.9801
1.97647
1.97324
1.9695
1.96539
1.96099
1.95604
1.95244
1.97967
1.97597
1.97269
1.96887
1.96468
1.96016
1.95511
1.95112
1.97903
1.97523
1.97185
1.9679
1.96354
1.95882
1.95359
1.94891
1.97826
1.9743
1.97074
1.96659
1.96197
1.95687
1.95131
1.94527
1.97737
1.97327
1.96956
1.96521
1.96037
1.95499
1.94942
1.94203
1.97654
1.97211
1.96805
1.96323
1.95771
1.95119
1.94413
1.93059
2.74176
2.89427
3.04272
3.20409
3.37681
3.57506
3.70573
4.28637
2.73391
2.87285
3.00873
3.15251
3.30362
3.45725
3.59616
3.82196
2.72382
2.85237
2.97886
3.11022
3.24673
3.3782
3.51321
3.61788
2.71454
2.83282
2.94996
3.06907
3.19032
3.3025
3.41465
3.46349
2.70774
2.81965
2.93105
3.04279
3.15504
3.25745
3.35477
3.38988
2.70426
2.81295
2.92146
3.0295
3.1372
3.23487
3.32394
3.35554
2.70426
2.81295
2.92146
3.0295
3.1372
3.23487
3.32394
3.35554
2.70774
2.81965
2.93105
3.04279
3.15504
3.25744
3.35477
3.38988
2.71454
2.83282
2.94996
3.06906
3.19031
3.30249
3.41465
3.46349
2.72383
2.85236
2.97884
3.11019
3.24669
3.37817
3.5132
3.61788
2.7339
2.87286
3.00876
3.15252
3.3036
3.45719
3.5961
3.82188
2.74179
2.89426
3.04276
3.2042
3.37694
3.57517
3.70581
4.2864
2.20802
2.33154
2.3539
2.42111
2.48553
2.56508
2.63661
2.83217
2.203
2.32329
2.34194
2.40411
2.46195
2.52827
2.59802
2.69259
2.19544
2.31445
2.33043
2.38951
2.44346
2.50366
2.57155
2.63385
2.18857
2.30604
2.31943
2.37549
2.42552
2.48032
2.54298
2.58543
2.18312
2.29978
2.31145
2.36559
2.4131
2.4647
2.5236
2.55626
2.18024
2.29645
2.30723
2.36036
2.40655
2.45652
2.51325
2.54146
2.18024
2.29645
2.30723
2.36036
2.40655
2.45652
2.51325
2.54146
2.18312
2.29978
2.31145
2.36559
2.4131
2.4647
2.5236
2.55626
2.18857
2.30604
2.31943
2.37549
2.42551
2.48031
2.54297
2.58543
2.19544
2.31445
2.33042
2.38949
2.44343
2.50363
2.57154
2.63384
2.20299
2.3233
2.34195
2.40412
2.46193
2.52823
2.59798
2.69255
2.20805
2.33153
2.35392
2.42117
2.48561
2.56514
2.63666
2.83219
2.15274
2.15614
2.17861
2.19836
2.22326
2.25227
2.28524
2.33868
2.1507
2.15202
2.17267
2.18984
2.21126
2.23469
2.262
2.28486
2.14793
2.14782
2.16735
2.18297
2.20255
2.2237
2.24857
2.26681
2.14546
2.144
2.16261
2.17694
2.19498
2.21425
2.23711
2.2516
2.14352
2.14116
2.15919
2.17267
2.18973
2.20779
2.2294
2.24131
2.14249
2.13965
2.15739
2.17043
2.18699
2.20442
2.22538
2.23585
2.14249
2.13965
2.15739
2.17043
2.18699
2.20442
2.22538
2.23585
2.14352
2.14116
2.15919
2.17267
2.18973
2.20778
2.2294
2.2413
2.14545
2.144
2.16261
2.17693
2.19498
2.21424
2.2371
2.25159
2.14793
2.14781
2.16734
2.18296
2.20254
2.22368
2.24856
2.2668
2.1507
2.15202
2.17268
2.18984
2.21125
2.23466
2.26197
2.28482
2.15276
2.15613
2.17862
2.1984
2.22331
2.25232
2.28528
2.33871
2.05903
2.07643
2.0812
2.09162
2.10302
2.11684
2.13441
2.15537
2.05788
2.07451
2.07844
2.08775
2.09757
2.10895
2.12309
2.13285
2.0563
2.07258
2.07602
2.08473
2.09382
2.10437
2.11721
2.12685
2.05489
2.07088
2.07396
2.08225
2.09082
2.10075
2.11287
2.12195
2.05381
2.06962
2.07247
2.08049
2.08874
2.09828
2.10998
2.11837
2.05322
2.06895
2.07169
2.07957
2.08766
2.097
2.1085
2.11642
2.05322
2.06895
2.07169
2.07957
2.08766
2.097
2.1085
2.11641
2.05381
2.06962
2.07247
2.08049
2.08874
2.09828
2.10998
2.11837
2.05489
2.07088
2.07396
2.08224
2.09082
2.10075
2.11286
2.12194
2.05631
2.07258
2.07601
2.08473
2.09381
2.10436
2.1172
2.12685
2.05787
2.07452
2.07845
2.08775
2.09756
2.10893
2.12307
2.13283
2.05904
2.07643
2.08121
2.09165
2.10306
2.11688
2.13444
2.15541
2.03484
2.03748
2.04098
2.04499
2.04987
2.05567
2.06346
2.07134
2.03436
2.03662
2.03974
2.04326
2.04741
2.05213
2.05813
2.06157
2.03372
2.03576
2.03868
2.04192
2.04575
2.05009
2.05544
2.05916
2.03316
2.03502
2.0378
2.04086
2.04447
2.04857
2.05359
2.05726
2.03273
2.03447
2.03717
2.04012
2.0436
2.04753
2.05238
2.05582
2.0325
2.03419
2.03685
2.03974
2.04315
2.047
2.05176
2.05503
2.0325
2.03419
2.03685
2.03974
2.04315
2.047
2.05176
2.05503
2.03273
2.03447
2.03717
2.04012
2.0436
2.04753
2.05238
2.05582
2.03316
2.03502
2.0378
2.04086
2.04447
2.04857
2.05359
2.05726
2.03372
2.03576
2.03867
2.04192
2.04574
2.05009
2.05543
2.05916
2.03435
2.03662
2.03975
2.04326
2.04741
2.05212
2.05812
2.06155
2.03484
2.03748
2.04098
2.04501
2.04989
2.0557
2.06348
2.07136
2.01325
2.01627
2.01733
2.01923
2.0214
2.02403
2.02755
2.03103
2.01301
2.01589
2.01679
2.01848
2.02035
2.02251
2.02525
2.02692
2.0127
2.0155
2.01631
2.0179
2.01963
2.02164
2.0241
2.02593
2.01243
2.01518
2.01593
2.01744
2.01909
2.021
2.02333
2.02516
2.01222
2.01493
2.01565
2.01712
2.01871
2.02056
2.02282
2.02457
2.0121
2.0148
2.0155
2.01695
2.01852
2.02033
2.02256
2.02424
2.0121
2.0148
2.0155
2.01695
2.01852
2.02033
2.02256
2.02424
2.01222
2.01493
2.01565
2.01712
2.01871
2.02056
2.02282
2.02457
2.01243
2.01517
2.01593
2.01744
2.01908
2.021
2.02333
2.02516
2.0127
2.0155
2.01631
2.0179
2.01963
2.02163
2.0241
2.02593
2.01301
2.01589
2.01679
2.01848
2.02035
2.02251
2.02524
2.02691
2.01325
2.01627
2.01733
2.01924
2.02142
2.02404
2.02756
2.03104
2.00641
2.00719
2.00777
2.00854
2.00945
2.01055
2.01202
2.01343
2.00632
2.00704
2.00755
2.00825
2.00904
2.00996
2.01111
2.01185
2.0062
2.00689
2.00737
2.00802
2.00876
2.00962
2.01066
2.01147
2.0061
2.00676
2.00722
2.00784
2.00855
2.00937
2.01036
2.01118
2.00602
2.00666
2.00711
2.00771
2.0084
2.0092
2.01017
2.01095
2.00597
2.00661
2.00705
2.00765
2.00833
2.00911
2.01006
2.01082
2.00597
2.00661
2.00705
2.00765
2.00833
2.00911
2.01006
2.01082
2.00602
2.00666
2.00711
2.00771
2.0084
2.0092
2.01017
2.01095
2.0061
2.00676
2.00722
2.00784
2.00855
2.00937
2.01036
2.01118
2.0062
2.00689
2.00737
2.00802
2.00876
2.00962
2.01066
2.01147
2.00632
2.00704
2.00756
2.00825
2.00904
2.00996
2.01111
2.01185
2.00641
2.00719
2.00777
2.00855
2.00946
2.01056
2.01203
2.01344
2.00221
2.0027
2.00289
2.00321
2.00357
2.00402
2.0046
2.00517
2.00217
2.00264
2.00281
2.0031
2.00343
2.0038
2.00427
2.00459
2.00213
2.00258
2.00274
2.00301
2.00332
2.00367
2.0041
2.00445
2.00208
2.00253
2.00268
2.00295
2.00324
2.00358
2.00399
2.00435
2.00205
2.0025
2.00264
2.0029
2.00319
2.00352
2.00392
2.00427
2.00203
2.00247
2.00262
2.00287
2.00316
2.00349
2.00388
2.00422
2.00203
2.00247
2.00262
2.00287
2.00316
2.00349
2.00388
2.00422
2.00205
2.0025
2.00264
2.0029
2.00319
2.00352
2.00392
2.00426
2.00208
2.00253
2.00268
2.00295
2.00324
2.00358
2.00399
2.00435
2.00213
2.00258
2.00274
2.00301
2.00332
2.00367
2.0041
2.00445
2.00217
2.00264
2.00281
2.0031
2.00342
2.0038
2.00426
2.00459
2.00221
2.0027
2.00289
2.00321
2.00358
2.00402
2.0046
2.00517
2.00087
2.00099
2.00107
2.00118
2.00131
2.00146
2.00167
2.00186
2.00086
2.00098
2.00105
2.00115
2.00126
2.0014
2.00156
2.00169
2.00085
2.00096
2.00103
2.00112
2.00123
2.00136
2.00151
2.00165
2.00083
2.00094
2.00101
2.0011
2.00121
2.00133
2.00148
2.00162
2.00082
2.00093
2.00099
2.00109
2.00119
2.00131
2.00146
2.00159
2.00082
2.00092
2.00099
2.00108
2.00118
2.0013
2.00145
2.00158
2.00082
2.00092
2.00099
2.00108
2.00118
2.0013
2.00145
2.00158
2.00082
2.00093
2.00099
2.00109
2.00119
2.00131
2.00146
2.00159
2.00083
2.00094
2.00101
2.0011
2.00121
2.00133
2.00148
2.00162
2.00085
2.00096
2.00103
2.00112
2.00123
2.00136
2.00151
2.00165
2.00086
2.00098
2.00105
2.00115
2.00126
2.0014
2.00156
2.00169
2.00087
2.00099
2.00107
2.00118
2.00131
2.00147
2.00167
2.00186
2
2.00009
2.00009
2.00012
2.00014
2.00017
2.00021
2.00025
2
2.00008
2.00009
2.00011
2.00013
2.00016
2.00019
2.00022
2
2.00008
2.00009
2.00011
2.00013
2.00015
2.00018
2.00021
2
2.00008
2.00008
2.0001
2.00012
2.00015
2.00018
2.00021
1.99999
2.00008
2.00008
2.0001
2.00012
2.00015
2.00017
2.0002
1.99999
2.00008
2.00008
2.0001
2.00012
2.00014
2.00017
2.0002
1.99999
2.00008
2.00008
2.0001
2.00012
2.00014
2.00017
2.0002
1.99999
2.00008
2.00008
2.0001
2.00012
2.00015
2.00017
2.0002
2
2.00008
2.00008
2.0001
2.00012
2.00015
2.00018
2.00021
2
2.00008
2.00009
2.00011
2.00013
2.00015
2.00018
2.00021
2
2.00008
2.00009
2.00011
2.00013
2.00016
2.00019
2.00022
2
2.00009
2.00009
2.00012
2.00014
2.00017
2.00021
2.00025
2.0001
1.99982
1.99982
1.99977
1.99971
1.99964
1.99955
1.99945
2.0001
1.99983
1.99984
1.99979
1.99974
1.99969
1.99962
1.99958
2.00011
1.99983
1.99985
1.99981
1.99976
1.99972
1.99966
1.99961
2.00011
1.99984
1.99986
1.99982
1.99978
1.99974
1.99968
1.99964
2.00012
1.99985
1.99987
1.99983
1.99979
1.99975
1.9997
1.99966
2.00012
1.99985
1.99987
1.99983
1.9998
1.99976
1.99971
1.99967
2.00012
1.99985
1.99987
1.99983
1.9998
1.99976
1.99971
1.99967
2.00012
1.99985
1.99987
1.99983
1.99979
1.99975
1.9997
1.99966
2.00011
1.99984
1.99986
1.99982
1.99978
1.99974
1.99968
1.99964
2.00011
1.99983
1.99985
1.99981
1.99976
1.99972
1.99966
1.99961
2.0001
1.99983
1.99984
1.99979
1.99974
1.99969
1.99962
1.99958
2.0001
1.99982
1.99982
1.99977
1.99971
1.99964
1.99955
1.99945
1.99701
1.99743
1.99712
1.99689
1.99659
1.99624
1.99577
1.99536
1.99704
1.99748
1.99717
1.99696
1.99669
1.99638
1.99599
1.99571
1.99708
1.99752
1.99722
1.99702
1.99676
1.99646
1.9961
1.99578
1.99712
1.99755
1.99726
1.99706
1.99681
1.99651
1.99616
1.99583
1.99715
1.99758
1.99729
1.99709
1.99684
1.99655
1.9962
1.99588
1.99716
1.99759
1.9973
1.99711
1.99686
1.99657
1.99622
1.99591
1.99716
1.99759
1.9973
1.99711
1.99686
1.99657
1.99622
1.99591
1.99715
1.99758
1.99729
1.99709
1.99684
1.99655
1.9962
1.99588
1.99712
1.99755
1.99726
1.99706
1.99681
1.99651
1.99616
1.99583
1.99708
1.99752
1.99722
1.99702
1.99676
1.99646
1.9961
1.99578
1.99704
1.99747
1.99717
1.99696
1.99669
1.99638
1.99599
1.99571
1.99701
1.99743
1.99712
1.99689
1.99659
1.99624
1.99577
1.99536
2.00034
1.99685
1.99728
1.9967
1.99621
1.99557
1.99471
1.99362
2.00037
1.99697
1.99746
1.99696
1.99658
1.99613
1.99553
1.99526
2.00042
1.99708
1.99761
1.99716
1.99684
1.99645
1.99595
1.99572
2.00046
1.99718
1.99773
1.99731
1.99704
1.9967
1.99626
1.99609
2.00049
1.99725
1.99781
1.99742
1.99717
1.99686
1.99647
1.99635
2.00051
1.99729
1.99785
1.99748
1.99724
1.99695
1.99657
1.99649
2.00051
1.99729
1.99785
1.99748
1.99724
1.99695
1.99657
1.99649
2.00049
1.99725
1.99781
1.99742
1.99717
1.99686
1.99647
1.99635
2.00046
1.99718
1.99773
1.99731
1.99704
1.9967
1.99626
1.99609
2.00042
1.99708
1.99761
1.99716
1.99684
1.99645
1.99595
1.99572
2.00037
1.99697
1.99746
1.99696
1.99659
1.99613
1.99553
1.99526
2.00034
1.99685
1.99728
1.9967
1.9962
1.99556
1.99471
1.99362
1.97017
1.96959
1.96381
1.95846
1.95203
1.9447
1.93599
1.92558
1.97058
1.97019
1.96468
1.95966
1.95373
1.94717
1.93956
1.93298
1.97111
1.97079
1.96544
1.96062
1.95492
1.94866
1.94146
1.93517
1.97159
1.97132
1.96609
1.9614
1.95588
1.94982
1.94289
1.93691
1.97196
1.97171
1.96656
1.96196
1.95654
1.95062
1.94384
1.93812
1.97216
1.97191
1.9668
1.96224
1.95688
1.95103
1.94433
1.93876
1.97216
1.97191
1.9668
1.96224
1.95688
1.95103
1.94433
1.93876
1.97196
1.97171
1.96656
1.96196
1.95654
1.95062
1.94384
1.93812
1.97159
1.97132
1.96609
1.9614
1.95588
1.94982
1.94289
1.93691
1.97111
1.9708
1.96544
1.96062
1.95493
1.94866
1.94146
1.93518
1.97058
1.97019
1.96467
1.95966
1.95373
1.94718
1.93957
1.93299
1.97017
1.96959
1.96381
1.95844
1.95201
1.94469
1.93597
1.92557
1.97945
1.9752
1.97128
1.96665
1.96139
1.95539
1.94841
1.93936
1.97978
1.97577
1.97211
1.96782
1.96305
1.95782
1.95182
1.94678
1.98022
1.97634
1.97285
1.96876
1.96424
1.95932
1.95373
1.94917
1.98061
1.97685
1.97348
1.96956
1.96523
1.96055
1.95525
1.95111
1.98091
1.97723
1.97394
1.97012
1.96592
1.96139
1.95628
1.95243
1.98107
1.97743
1.97418
1.97041
1.96627
1.96183
1.9568
1.95313
1.98107
1.97743
1.97418
1.97041
1.96627
1.96183
1.9568
1.95313
1.98091
1.97723
1.97394
1.97012
1.96592
1.96139
1.95628
1.95244
1.98061
1.97685
1.97348
1.96956
1.96523
1.96055
1.95525
1.95111
1.98021
1.97634
1.97285
1.96877
1.96425
1.95932
1.95373
1.94917
1.97978
1.97577
1.9721
1.96782
1.96305
1.95782
1.95183
1.94678
1.97944
1.9752
1.97128
1.96665
1.96138
1.95538
1.9484
1.93935
2.71114
2.85468
2.99318
3.14356
3.30395
3.48685
3.60685
4.13158
2.71094
2.84306
2.97154
3.10724
3.24961
3.39339
3.52663
3.72531
2.70599
2.82919
2.94974
3.07459
3.20385
3.32718
3.45468
3.54279
2.70082
2.81519
2.92792
3.04228
3.15831
3.26491
3.37178
3.41293
2.69711
2.80618
2.91428
3.02251
3.13091
3.22924
3.32253
3.35312
2.69606
2.80269
2.90875
3.0142
3.11909
3.21382
3.29992
3.32877
2.69798
2.8052
2.91188
3.01803
3.12367
3.2192
3.30603
3.33596
2.70304
2.8139
2.92397
3.03434
3.14509
3.24596
3.34159
3.37592
2.71114
2.8287
2.94489
3.06303
3.18323
3.29436
3.40521
3.45409
2.72155
2.84962
2.97548
3.10621
3.24204
3.3729
3.50696
3.61273
2.73257
2.87127
3.00678
3.15016
3.30078
3.45396
3.59179
3.81914
2.7414
2.89382
3.04226
3.20366
3.37639
3.57477
3.70526
4.28866
2.24615
2.35745
2.38591
2.45366
2.52076
2.60517
2.67678
2.91403
2.23185
2.34261
2.36541
2.42729
2.48601
2.55377
2.62009
2.73403
2.21755
2.32937
2.34865
2.40769
2.46269
2.52438
2.59234
2.66578
2.20547
2.31718
2.33286
2.38854
2.43893
2.49406
2.55627
2.60213
2.19602
2.30807
2.32137
2.37502
2.42258
2.47412
2.53262
2.56608
2.19005
2.30259
2.31449
2.36709
2.41313
2.46279
2.51907
2.54678
2.18764
2.30096
2.31251
2.36513
2.41109
2.46066
2.51698
2.54417
2.1886
2.30301
2.31522
2.36889
2.41614
2.46732
2.52589
2.55723
2.19247
2.30827
2.322
2.37766
2.42743
2.48182
2.54426
2.58512
2.19803
2.31586
2.33201
2.39075
2.44444
2.50421
2.57197
2.63207
2.20445
2.32407
2.34281
2.40477
2.46244
2.52843
2.59846
2.69038
2.2085
2.3317
2.35408
2.42117
2.48545
2.56463
2.63621
2.82866
2.16305
2.17224
2.19363
2.21481
2.24098
2.27319
2.30601
2.38976
2.15928
2.16451
2.18401
2.20169
2.22318
2.24737
2.27143
2.3099
2.15478
2.15775
2.17652
2.1927
2.21264
2.23471
2.25915
2.28694
2.15082
2.15155
2.1694
2.1839
2.20189
2.22126
2.24344
2.26113
2.14758
2.14681
2.16412
2.17759
2.19443
2.21227
2.23334
2.24594
2.14549
2.1438
2.16088
2.17378
2.19
2.20704
2.22746
2.23732
2.14465
2.14264
2.15979
2.17263
2.18882
2.2058
2.22629
2.23559
2.14502
2.14325
2.16077
2.17403
2.19073
2.20832
2.22954
2.23998
2.14644
2.14538
2.16357
2.17767
2.19538
2.2142
2.23678
2.2495
2.14852
2.14863
2.16782
2.18323
2.20249
2.22318
2.24787
2.26373
2.15099
2.15244
2.17288
2.1899
2.21112
2.23419
2.26173
2.28174
2.15284
2.1562
2.17857
2.19822
2.22297
2.25162
2.28462
2.33491
2.07138
2.08811
2.09399
2.10527
2.11786
2.13366
2.15199
2.18748
2.06795
2.08392
2.08858
2.09831
2.10866
2.12084
2.13404
2.15161
2.06442
2.08024
2.0843
2.09344
2.1031
2.11445
2.12749
2.14216
2.0614
2.07693
2.08041
2.08892
2.09778
2.10807
2.12018
2.13123
2.05893
2.0743
2.07742
2.08552
2.09389
2.10356
2.11523
2.12425
2.05719
2.07251
2.07539
2.08326
2.09136
2.10066
2.11207
2.11985
2.05623
2.07159
2.07439
2.0822
2.09022
2.09944
2.11081
2.11819
2.05602
2.07151
2.07437
2.08227
2.09041
2.09977
2.11133
2.1189
2.05644
2.07215
2.07519
2.08335
2.09178
2.10149
2.11347
2.12144
2.0573
2.07335
2.07672
2.08529
2.09421
2.10448
2.11721
2.12524
2.0584
2.07491
2.07878
2.08797
2.09767
2.10882
2.12307
2.13084
2.05921
2.0765
2.08123
2.09158
2.10287
2.11644
2.13396
2.1527
2.03923
2.043
2.04662
2.05113
2.05656
2.06329
2.07154
2.08598
2.03816
2.04122
2.04438
2.04817
2.05258
2.05768
2.06333
2.0703
2.03692
2.0396
2.04258
2.04608
2.05016
2.05489
2.06035
2.06638
2.03581
2.03813
2.04092
2.04413
2.04788
2.05215
2.05719
2.0618
2.03487
2.03695
2.03962
2.04264
2.04618
2.05018
2.05502
2.05878
2.03419
2.0361
2.03871
2.04162
2.04503
2.04887
2.05359
2.0568
2.0338
2.03563
2.03822
2.0411
2.04446
2.04825
2.05295
2.05594
2.03368
2.03551
2.03814
2.04104
2.04445
2.04828
2.05304
2.05604
2.03382
2.03572
2.03842
2.04141
2.04493
2.0489
2.05383
2.05687
2.03413
2.03617
2.03901
2.04217
2.04589
2.05008
2.05533
2.05812
2.03457
2.03682
2.03989
2.04334
2.04741
2.05198
2.05802
2.06026
2.03491
2.03752
2.04098
2.04495
2.04976
2.05541
2.06316
2.06971
2.0161
2.01925
2.02048
2.0226
2.02504
2.02807
2.03187
2.03796
2.01543
2.0184
2.01941
2.02124
2.02325
2.02561
2.02827
2.03136
2.01473
2.01761
2.01852
2.02023
2.0221
2.02429
2.02685
2.02961
2.01411
2.01691
2.01772
2.01932
2.02104
2.02306
2.02543
2.02767
2.01359
2.01633
2.01708
2.0186
2.02024
2.02214
2.02442
2.02633
2.0132
2.01591
2.01662
2.01809
2.01967
2.0215
2.02373
2.0254
2.01295
2.01565
2.01635
2.0178
2.01935
2.02115
2.02337
2.02493
2.01285
2.01555
2.01625
2.01771
2.01927
2.02108
2.02331
2.02486
2.01288
2.0156
2.01633
2.01781
2.01941
2.02126
2.02356
2.02508
2.01299
2.01576
2.01654
2.01808
2.01976
2.02169
2.0241
2.02547
2.01317
2.01602
2.01689
2.01855
2.02037
2.02246
2.0252
2.02627
2.0133
2.0163
2.01734
2.01922
2.02135
2.0239
2.02739
2.0302
2.00744
2.00841
2.00903
2.0099
2.01093
2.01219
2.01379
2.01625
2.00722
2.00809
2.00862
2.00938
2.01024
2.01124
2.01238
2.01368
2.00697
2.00778
2.00828
2.00899
2.00979
2.01072
2.01181
2.01299
2.00675
2.0075
2.00797
2.00863
2.00938
2.01024
2.01126
2.01224
2.00656
2.00727
2.00772
2.00835
2.00906
2.00988
2.01086
2.01171
2.00641
2.00709
2.00753
2.00814
2.00883
2.00962
2.01058
2.01133
2.00632
2.00698
2.00742
2.00802
2.00869
2.00947
2.01042
2.01113
2.00627
2.00694
2.00737
2.00797
2.00865
2.00943
2.01038
2.01108
2.00628
2.00695
2.00739
2.008
2.00869
2.00948
2.01046
2.01114
2.00632
2.007
2.00746
2.0081
2.00881
2.00963
2.01065
2.01126
2.00638
2.0071
2.0076
2.00827
2.00905
2.00993
2.01108
2.01154
2.00643
2.0072
2.00777
2.00853
2.00943
2.0105
2.01195
2.01306
2.00269
2.00322
2.00344
2.0038
2.00421
2.00471
2.00535
2.00628
2.00259
2.00309
2.00328
2.00359
2.00394
2.00435
2.00482
2.00535
2.00248
2.00297
2.00314
2.00344
2.00376
2.00415
2.0046
2.00508
2.00238
2.00285
2.00302
2.00329
2.0036
2.00396
2.00439
2.00481
2.0023
2.00276
2.00291
2.00318
2.00348
2.00382
2.00423
2.0046
2.00223
2.00269
2.00284
2.0031
2.00338
2.00371
2.00411
2.00445
2.00219
2.00264
2.00279
2.00304
2.00332
2.00365
2.00405
2.00437
2.00217
2.00262
2.00276
2.00302
2.0033
2.00363
2.00402
2.00434
2.00217
2.00262
2.00276
2.00302
2.00331
2.00364
2.00404
2.00435
2.00218
2.00264
2.00279
2.00305
2.00335
2.00369
2.0041
2.00438
2.0022
2.00267
2.00283
2.00312
2.00343
2.00379
2.00425
2.00447
2.00222
2.0027
2.00289
2.00321
2.00357
2.00399
2.00457
2.00502
2.00103
2.00117
2.00126
2.00138
2.00152
2.0017
2.00192
2.00224
2.001
2.00113
2.00121
2.00132
2.00144
2.00159
2.00176
2.00195
2.00096
2.00109
2.00116
2.00127
2.00139
2.00152
2.00169
2.00186
2.00093
2.00105
2.00112
2.00122
2.00133
2.00147
2.00162
2.00178
2.00091
2.00102
2.00109
2.00118
2.00129
2.00142
2.00157
2.00171
2.00089
2.001
2.00106
2.00116
2.00126
2.00138
2.00153
2.00166
2.00087
2.00098
2.00105
2.00114
2.00124
2.00136
2.00151
2.00163
2.00086
2.00097
2.00104
2.00113
2.00123
2.00135
2.0015
2.00162
2.00086
2.00097
2.00104
2.00113
2.00123
2.00135
2.0015
2.00162
2.00087
2.00098
2.00104
2.00114
2.00124
2.00136
2.00151
2.00162
2.00087
2.00099
2.00106
2.00115
2.00127
2.00139
2.00156
2.00164
2.00088
2.001
2.00107
2.00118
2.00131
2.00146
2.00165
2.00181
2.00001
2.00011
2.00012
2.00014
2.00017
2.0002
2.00024
2.0003
2.00001
2.00011
2.00011
2.00013
2.00016
2.00019
2.00022
2.00026
2.00001
2.0001
2.0001
2.00013
2.00015
2.00018
2.00021
2.00024
2
2.0001
2.0001
2.00012
2.00014
2.00017
2.0002
2.00023
2
2.00009
2.00009
2.00011
2.00014
2.00016
2.00019
2.00022
2
2.00009
2.00009
2.00011
2.00013
2.00016
2.00019
2.00021
2
2.00009
2.00009
2.00011
2.00013
2.00015
2.00018
2.00021
2
2.00008
2.00009
2.00011
2.00013
2.00015
2.00018
2.00021
2
2.00008
2.00009
2.00011
2.00013
2.00015
2.00018
2.00021
2
2.00008
2.00009
2.00011
2.00013
2.00015
2.00018
2.00021
2
2.00009
2.00009
2.00011
2.00013
2.00016
2.00019
2.00021
2
2.00009
2.00009
2.00012
2.00014
2.00017
2.0002
2.00024
2.0001
1.99977
1.99979
1.99972
1.99966
1.99958
1.99948
1.99931
2.0001
1.99979
1.9998
1.99975
1.9997
1.99964
1.99958
1.99949
2.0001
1.9998
1.99982
1.99977
1.99973
1.99967
1.99961
1.99954
2.00011
1.99981
1.99984
1.99979
1.99975
1.9997
1.99965
1.9996
2.00011
1.99982
1.99985
1.99981
1.99977
1.99972
1.99967
1.99963
2.00011
1.99983
1.99986
1.99982
1.99978
1.99974
1.99969
1.99966
2.00011
1.99984
1.99986
1.99982
1.99979
1.99975
1.9997
1.99967
2.00011
1.99984
1.99986
1.99982
1.99978
1.99974
1.99969
1.99966
2.00011
1.99984
1.99986
1.99982
1.99978
1.99973
1.99968
1.99965
2.00011
1.99983
1.99985
1.99981
1.99977
1.99972
1.99966
1.99963
2.0001
1.99982
1.99984
1.99979
1.99975
1.99969
1.99962
1.9996
2.0001
1.99982
1.99983
1.99977
1.99972
1.99965
1.99956
1.99948
1.99656
1.99706
1.9967
1.99645
1.99612
1.99573
1.99523
1.99457
1.99667
1.99716
1.99683
1.9966
1.99631
1.99598
1.9956
1.99518
1.99678
1.99726
1.99693
1.99672
1.99644
1.99612
1.99575
1.99534
1.99687
1.99734
1.99703
1.99682
1.99655
1.99625
1.99589
1.99552
1.99695
1.99741
1.9971
1.9969
1.99664
1.99635
1.99599
1.99565
1.997
1.99746
1.99716
1.99696
1.99671
1.99642
1.99607
1.99575
1.99704
1.99749
1.99719
1.997
1.99675
1.99646
1.99611
1.99581
1.99705
1.9975
1.99721
1.99701
1.99676
1.99648
1.99613
1.99583
1.99705
1.9975
1.99721
1.99701
1.99676
1.99647
1.99612
1.99582
1.99704
1.99748
1.99719
1.99699
1.99673
1.99644
1.99609
1.99582
1.99702
1.99746
1.99716
1.99695
1.99668
1.99638
1.99599
1.99577
1.99701
1.99743
1.99711
1.99689
1.99659
1.99625
1.99579
1.99544
2.00015
1.99614
1.99667
1.99599
1.99542
1.99464
1.99373
1.99159
2.00017
1.99637
1.99694
1.99639
1.99599
1.99548
1.99496
1.99412
2.00023
1.99657
1.99716
1.99666
1.99631
1.99586
1.99535
1.99474
2.00028
1.99676
1.99736
1.99692
1.99662
1.99626
1.99583
1.9955
2.00034
1.99691
1.99752
1.99711
1.99686
1.99654
1.99615
1.99598
2.00038
1.99702
1.99763
1.99724
1.99701
1.99673
1.99636
1.99629
2.0004
1.99709
1.99769
1.99731
1.99708
1.99681
1.99644
1.99641
2.00042
1.9971
1.9977
1.99731
1.99708
1.99679
1.99641
1.99637
2.00041
1.99708
1.99766
1.99725
1.99699
1.99668
1.99626
1.99619
2.00039
1.99703
1.99757
1.99714
1.99684
1.99648
1.99599
1.99592
2.00036
1.99694
1.99745
1.99696
1.9966
1.99617
1.99556
1.9955
2.00033
1.99685
1.99729
1.99671
1.99623
1.99562
1.99477
1.9939
1.96621
1.96602
1.95982
1.95421
1.9474
1.93942
1.9305
1.91526
1.96737
1.96733
1.96153
1.9564
1.95029
1.94348
1.93616
1.92706
1.96852
1.96846
1.96287
1.95792
1.95204
1.94551
1.93824
1.93036
1.96953
1.96948
1.96409
1.95934
1.95372
1.94755
1.9406
1.93401
1.97034
1.97028
1.96503
1.9604
1.95493
1.94897
1.94218
1.93627
1.97091
1.97083
1.96565
1.96109
1.95572
1.94987
1.94319
1.93765
1.97121
1.9711
1.96596
1.96141
1.95606
1.95024
1.94357
1.93815
1.97127
1.97113
1.96596
1.96138
1.95599
1.95012
1.94337
1.93789
1.97111
1.97092
1.9657
1.96104
1.95555
1.94955
1.94263
1.93699
1.9708
1.97055
1.96521
1.96042
1.95477
1.94858
1.94139
1.93559
1.97041
1.97006
1.96455
1.95957
1.95367
1.94717
1.9395
1.93351
1.97011
1.96957
1.9638
1.95846
1.95206
1.94481
1.9361
1.92636
1.97654
1.97211
1.96805
1.96323
1.95771
1.9512
1.94414
1.93059
1.97737
1.97327
1.96956
1.96521
1.96037
1.95499
1.94942
1.94203
1.97826
1.9743
1.97074
1.96659
1.96197
1.95687
1.95131
1.94527
1.97903
1.97523
1.97185
1.9679
1.96354
1.95882
1.95359
1.94891
1.97967
1.97597
1.97269
1.96887
1.96468
1.96016
1.95511
1.95112
1.98011
1.97647
1.97324
1.9695
1.96539
1.96099
1.95604
1.95244
1.98034
1.97671
1.9735
1.96977
1.96568
1.96129
1.95634
1.95286
1.98037
1.97672
1.97347
1.96969
1.96554
1.9611
1.95604
1.95247
1.98024
1.97651
1.97318
1.9693
1.96504
1.96044
1.9552
1.95141
1.97998
1.97614
1.97268
1.96865
1.96419
1.95936
1.95382
1.94976
1.97965
1.97566
1.97203
1.96779
1.96306
1.9579
1.95188
1.94746
1.97941
1.97519
1.97128
1.96668
1.96145
1.95553
1.94856
1.9402
3.10961
3.08604
3.22938
3.2442
3.27409
3.28219
3.28219
3.27408
3.24419
3.22938
3.08602
3.10961
3.21184
3.34214
3.42026
3.47328
3.49723
3.50607
3.50608
3.49723
3.47329
3.42029
3.34213
3.21178
3.32355
3.44996
3.53416
3.57266
3.5914
3.59687
3.59687
3.59141
3.57267
3.5342
3.44999
3.32356
3.36614
3.54498
3.60962
3.6439
3.65396
3.65543
3.65543
3.65396
3.6439
3.60963
3.54499
3.36615
3.40867
3.6011
3.65838
3.68499
3.68818
3.68613
3.68613
3.68817
3.68498
3.65838
3.6011
3.40867
3.42841
3.63259
3.68621
3.71009
3.71033
3.70679
3.70679
3.71032
3.71008
3.68621
3.63258
3.42841
3.43392
3.64243
3.69871
3.72505
3.72704
3.72444
3.72444
3.72704
3.72505
3.69871
3.64243
3.43391
3.42514
3.63053
3.69582
3.72999
3.73862
3.73949
3.73949
3.73863
3.73
3.69581
3.63051
3.42513
3.39
3.59294
3.67123
3.71893
3.7387
3.74542
3.74542
3.73871
3.71894
3.67122
3.59292
3.38999
3.36209
3.51787
3.62041
3.67754
3.71012
3.72319
3.72319
3.71011
3.67753
3.62038
3.51785
3.3621
3.22083
3.41726
3.52192
3.60302
3.64756
3.66787
3.66787
3.64756
3.60302
3.5219
3.41727
3.22091
3.18726
3.23166
3.37241
3.40447
3.44364
3.45741
3.45741
3.44364
3.40448
3.3724
3.23165
3.18727
2.61565
2.67337
2.68344
2.70279
2.71452
2.72015
2.72016
2.71453
2.7028
2.68347
2.67338
2.61567
2.57761
2.7391
2.79539
2.85123
2.88585
2.90373
2.90373
2.88586
2.85124
2.79541
2.73911
2.5776
2.64363
2.79304
2.88418
2.95433
3.00008
3.0229
3.0229
3.00008
2.95434
2.8842
2.79306
2.64364
2.66187
2.8363
2.94597
3.0304
3.08464
3.11154
3.11154
3.08464
3.0304
2.94598
2.83632
2.66189
2.68417
2.86494
2.98738
3.07927
3.13832
3.16746
3.16746
3.13832
3.07927
2.98739
2.86495
2.68418
2.69383
2.87889
3.00713
3.10255
3.16378
3.19393
3.19393
3.16378
3.10255
3.00714
2.8789
2.69384
2.69401
2.87748
3.00548
3.1005
3.16152
3.19157
3.19157
3.16153
3.10051
3.0055
2.87749
2.69402
2.68465
2.86054
2.98222
3.07286
3.13125
3.16006
3.16006
3.13126
3.07288
2.98224
2.86055
2.68466
2.66568
2.82892
2.9371
3.01899
3.07194
3.0982
3.0982
3.07195
3.01901
2.93712
2.82892
2.66568
2.64304
2.77959
2.86926
2.93637
2.98069
3.00279
3.00279
2.9807
2.93639
2.86926
2.77959
2.64305
2.61112
2.72799
2.77949
2.82792
2.85873
2.87458
2.87459
2.85873
2.82793
2.77949
2.72801
2.61116
2.59427
2.60664
2.64093
2.663
2.68207
2.69137
2.69137
2.68207
2.66301
2.64092
2.60663
2.59426
2.31383
2.34168
2.31771
2.315
2.30942
2.30695
2.30695
2.30944
2.31502
2.31774
2.3417
2.31386
2.26259
2.34906
2.36478
2.38322
2.3935
2.39888
2.39889
2.39351
2.38322
2.36479
2.34906
2.26259
2.28905
2.36593
2.40387
2.43375
2.45219
2.46138
2.46138
2.4522
2.43376
2.40389
2.36595
2.28907
2.28986
2.37759
2.42968
2.46992
2.49536
2.50791
2.50791
2.49536
2.46992
2.42969
2.37761
2.28987
2.29646
2.3862
2.44706
2.49328
2.52294
2.53756
2.53756
2.52294
2.49328
2.44706
2.38621
2.29646
2.29973
2.39067
2.45557
2.50456
2.53619
2.55177
2.55177
2.53619
2.50456
2.45557
2.39067
2.29974
2.30094
2.39049
2.45526
2.50396
2.53544
2.55096
2.55096
2.53545
2.50396
2.45526
2.39049
2.30094
2.30006
2.38551
2.44597
2.49131
2.52058
2.53501
2.53501
2.52058
2.49132
2.44597
2.38551
2.30006
2.2982
2.37626
2.42767
2.46628
2.49108
2.50336
2.50336
2.49109
2.46628
2.42766
2.37625
2.29819
2.29624
2.3612
2.39908
2.42741
2.4456
2.4547
2.4547
2.44559
2.4274
2.39906
2.36118
2.29623
2.29857
2.34707
2.36137
2.37605
2.38521
2.39008
2.39008
2.38521
2.37604
2.36135
2.34707
2.29858
2.30388
2.29404
2.29442
2.29641
2.29907
2.30076
2.30076
2.29907
2.29641
2.2944
2.29402
2.30387
2.17361
2.1881
2.17449
2.17342
2.17104
2.17021
2.17021
2.17105
2.17344
2.17451
2.18811
2.17363
2.14441
2.19124
2.2011
2.2121
2.21881
2.22241
2.22241
2.21881
2.21211
2.20111
2.19124
2.1444
2.15373
2.1987
2.22243
2.24177
2.2543
2.26071
2.26071
2.2543
2.24178
2.22244
2.19871
2.15374
2.15257
2.20372
2.23696
2.26354
2.28117
2.29011
2.29011
2.28117
2.26354
2.23697
2.20373
2.15258
2.15425
2.20733
2.24649
2.27762
2.29856
2.30917
2.30917
2.29856
2.27762
2.24649
2.20733
2.15425
2.155
2.20885
2.25071
2.28392
2.3064
2.31779
2.31779
2.3064
2.28392
2.25071
2.20885
2.155
2.15515
2.20789
2.24942
2.28226
2.30451
2.31577
2.31577
2.30451
2.28226
2.24942
2.20788
2.15514
2.15469
2.20437
2.24258
2.27259
2.29285
2.3031
2.3031
2.29285
2.27259
2.24258
2.20436
2.15469
2.15436
2.19867
2.23039
2.25509
2.27161
2.27998
2.27998
2.27161
2.25508
2.23039
2.19867
2.15436
2.15419
2.19024
2.21246
2.2296
2.24095
2.24674
2.24674
2.24095
2.2296
2.21245
2.19023
2.15419
2.15802
2.18217
2.18986
2.19749
2.20248
2.20518
2.20518
2.20248
2.19748
2.18985
2.18217
2.15803
2.16143
2.15419
2.15192
2.15178
2.15218
2.15265
2.15265
2.15218
2.15177
2.15191
2.15417
2.16142
2.08335
2.08942
2.08207
2.08072
2.07897
2.07825
2.07825
2.07898
2.08072
2.08209
2.08943
2.08336
2.06902
2.09039
2.0944
2.09879
2.10137
2.10275
2.10276
2.10137
2.09879
2.09441
2.09038
2.06901
2.07257
2.09338
2.10406
2.11267
2.1182
2.12103
2.12103
2.1182
2.11267
2.10407
2.09338
2.07258
2.07165
2.09518
2.11053
2.1228
2.13098
2.13513
2.13513
2.13097
2.1228
2.11054
2.09519
2.07166
2.07206
2.09647
2.1147
2.12932
2.13926
2.14432
2.14432
2.13926
2.12932
2.1147
2.09647
2.07206
2.07226
2.09695
2.11649
2.13219
2.14296
2.14846
2.14846
2.14296
2.13219
2.11649
2.09695
2.07226
2.07236
2.09647
2.11583
2.13133
2.14197
2.1474
2.1474
2.14197
2.13133
2.11583
2.09647
2.07236
2.07237
2.09501
2.11271
2.12675
2.13632
2.1412
2.1412
2.13632
2.12675
2.11271
2.09501
2.07237
2.07264
2.09271
2.10725
2.11857
2.12619
2.13007
2.13007
2.12619
2.11857
2.10725
2.09271
2.07264
2.07306
2.0893
2.09923
2.1068
2.11178
2.11433
2.11433
2.11178
2.10679
2.09922
2.0893
2.07306
2.0756
2.08594
2.08905
2.09201
2.09393
2.09497
2.09497
2.09393
2.09201
2.08905
2.08594
2.07561
2.07753
2.07335
2.07172
2.07116
2.07096
2.07099
2.07099
2.07096
2.07116
2.07172
2.07334
2.07752
2.03806
2.04069
2.0377
2.03724
2.03664
2.03641
2.03641
2.03664
2.03724
2.03771
2.0407
2.03807
2.03189
2.04141
2.04348
2.04561
2.04693
2.04764
2.04764
2.04693
2.04562
2.04348
2.04141
2.03189
2.03307
2.04271
2.04788
2.05204
2.05477
2.05616
2.05616
2.05477
2.05205
2.04789
2.04272
2.03308
2.0326
2.04351
2.05086
2.05676
2.06074
2.06278
2.06277
2.06074
2.05676
2.05086
2.04351
2.03261
2.03265
2.04404
2.05274
2.05977
2.06461
2.06708
2.06708
2.06461
2.05977
2.05274
2.04404
2.03265
2.03264
2.04418
2.05349
2.06104
2.06627
2.06896
2.06896
2.06627
2.06104
2.05349
2.04418
2.03264
2.03261
2.04386
2.05306
2.0605
2.06567
2.06831
2.06831
2.06567
2.0605
2.05306
2.04386
2.03261
2.03256
2.04307
2.05147
2.05818
2.06281
2.06518
2.06518
2.06281
2.05818
2.05147
2.04307
2.03256
2.03264
2.04189
2.04877
2.05416
2.05782
2.0597
2.0597
2.05782
2.05416
2.04876
2.04189
2.03264
2.0328
2.04022
2.04489
2.04847
2.05086
2.05209
2.05209
2.05086
2.04847
2.04489
2.04021
2.0328
2.03396
2.03852
2.04003
2.04143
2.04235
2.04285
2.04285
2.04235
2.04143
2.04003
2.03852
2.03396
2.03468
2.03276
2.03202
2.03175
2.03165
2.03166
2.03166
2.03165
2.03175
2.03201
2.03276
2.03467
2.01659
2.01764
2.01641
2.01618
2.01592
2.01582
2.01582
2.01593
2.01619
2.01641
2.01764
2.01659
2.0141
2.018
2.0189
2.01978
2.02033
2.02063
2.02063
2.02034
2.01978
2.0189
2.018
2.0141
2.01455
2.01859
2.0208
2.02256
2.02372
2.02432
2.02432
2.02372
2.02256
2.0208
2.01859
2.01456
2.01439
2.01896
2.0221
2.0246
2.02631
2.02718
2.02718
2.0263
2.0246
2.0221
2.01896
2.01439
2.01441
2.01921
2.02291
2.02591
2.02798
2.02904
2.02904
2.02798
2.02591
2.02291
2.01921
2.01441
2.01441
2.01927
2.02324
2.02646
2.0287
2.02986
2.02986
2.0287
2.02646
2.02324
2.01928
2.01441
2.01439
2.01914
2.02306
2.02623
2.02844
2.02958
2.02958
2.02844
2.02623
2.02306
2.01914
2.01439
2.01437
2.01879
2.02237
2.02523
2.02721
2.02822
2.02822
2.02721
2.02523
2.02237
2.01879
2.01437
2.01439
2.01827
2.0212
2.02349
2.02506
2.02587
2.02587
2.02506
2.02349
2.0212
2.01827
2.01439
2.01444
2.01755
2.01954
2.02107
2.02209
2.02261
2.02261
2.02209
2.02106
2.01954
2.01755
2.01444
2.01492
2.01678
2.01746
2.01806
2.01846
2.01868
2.01868
2.01846
2.01806
2.01746
2.01679
2.01493
2.01517
2.01439
2.01409
2.01399
2.01396
2.01396
2.01396
2.01396
2.01399
2.01409
2.01438
2.01517
2.00652
2.00693
2.0065
2.00644
2.00637
2.00635
2.00635
2.00637
2.00645
2.00651
2.00693
2.00653
2.00562
2.00712
2.00751
2.00788
2.00812
2.00825
2.00825
2.00812
2.00788
2.00751
2.00712
2.00562
2.00576
2.00736
2.00827
2.009
2.00948
2.00973
2.00973
2.00948
2.009
2.00827
2.00736
2.00577
2.00571
2.00752
2.0088
2.00982
2.01052
2.01087
2.01087
2.01052
2.00982
2.0088
2.00752
2.00571
2.00571
2.00763
2.00913
2.01035
2.01119
2.01162
2.01162
2.01119
2.01035
2.00913
2.00763
2.00571
2.00571
2.00765
2.00926
2.01056
2.01147
2.01194
2.01194
2.01147
2.01056
2.00926
2.00765
2.00571
2.00569
2.00759
2.00918
2.01046
2.01136
2.01182
2.01182
2.01136
2.01046
2.00918
2.00759
2.00569
2.00567
2.00744
2.00888
2.01004
2.01085
2.01126
2.01126
2.01085
2.01004
2.00888
2.00744
2.00567
2.00566
2.00721
2.00839
2.00933
2.00997
2.0103
2.0103
2.00997
2.00933
2.00839
2.00721
2.00566
2.00566
2.0069
2.00771
2.00833
2.00876
2.00898
2.00898
2.00876
2.00833
2.00771
2.0069
2.00566
2.00583
2.00656
2.00685
2.00711
2.00729
2.00738
2.00738
2.00729
2.00711
2.00685
2.00656
2.00583
2.0059
2.00562
2.00551
2.00549
2.00548
2.00549
2.00549
2.00548
2.00549
2.00551
2.00562
2.0059
2.00236
2.0025
2.00237
2.00235
2.00233
2.00232
2.00232
2.00233
2.00235
2.00237
2.0025
2.00236
2.00207
2.00258
2.00272
2.00286
2.00294
2.00299
2.00299
2.00294
2.00286
2.00272
2.00258
2.00207
2.00212
2.00267
2.003
2.00325
2.00343
2.00352
2.00352
2.00343
2.00325
2.003
2.00267
2.00212
2.00211
2.00274
2.00319
2.00355
2.0038
2.00392
2.00392
2.0038
2.00355
2.00319
2.00274
2.00211
2.00211
2.00278
2.00331
2.00374
2.00404
2.00419
2.00419
2.00404
2.00374
2.00331
2.00278
2.00211
2.00211
2.00279
2.00336
2.00382
2.00414
2.00431
2.00431
2.00414
2.00382
2.00336
2.00279
2.00211
2.0021
2.00277
2.00333
2.00378
2.0041
2.00426
2.00426
2.0041
2.00378
2.00333
2.00277
2.0021
2.00209
2.00271
2.00322
2.00363
2.00392
2.00407
2.00407
2.00392
2.00363
2.00322
2.00271
2.00209
2.00208
2.00263
2.00305
2.00338
2.00361
2.00372
2.00372
2.00361
2.00338
2.00305
2.00263
2.00208
2.00208
2.00251
2.0028
2.00302
2.00318
2.00326
2.00326
2.00318
2.00302
2.0028
2.00251
2.00208
2.00213
2.00239
2.00249
2.00259
2.00266
2.00269
2.00269
2.00266
2.00259
2.00249
2.00239
2.00213
2.00215
2.00206
2.00203
2.00202
2.00203
2.00203
2.00203
2.00203
2.00202
2.00203
2.00206
2.00215
2.00032
2.00034
2.00032
2.00032
2.00032
2.00032
2.00032
2.00032
2.00032
2.00032
2.00034
2.00032
2.00028
2.00036
2.00039
2.00042
2.00044
2.00045
2.00045
2.00044
2.00042
2.00039
2.00036
2.00028
2.00029
2.00039
2.00045
2.0005
2.00053
2.00055
2.00055
2.00053
2.0005
2.00045
2.00039
2.00029
2.00029
2.00041
2.00049
2.00056
2.0006
2.00063
2.00063
2.0006
2.00056
2.00049
2.00041
2.00029
2.0003
2.00042
2.00052
2.00059
2.00065
2.00068
2.00068
2.00065
2.00059
2.00052
2.00042
2.0003
2.0003
2.00042
2.00053
2.00061
2.00067
2.0007
2.0007
2.00067
2.00061
2.00053
2.00042
2.0003
2.0003
2.00042
2.00052
2.00061
2.00066
2.00069
2.00069
2.00066
2.00061
2.00052
2.00042
2.0003
2.00029
2.00041
2.0005
2.00058
2.00063
2.00066
2.00066
2.00063
2.00058
2.0005
2.00041
2.00029
2.00029
2.00039
2.00047
2.00053
2.00057
2.0006
2.0006
2.00057
2.00053
2.00047
2.00039
2.00029
2.00029
2.00036
2.00042
2.00046
2.00049
2.00051
2.00051
2.00049
2.00046
2.00042
2.00036
2.00029
2.00029
2.00034
2.00036
2.00038
2.0004
2.00041
2.00041
2.0004
2.00038
2.00036
2.00034
2.00029
2.00029
2.00028
2.00028
2.00028
2.00028
2.00028
2.00028
2.00028
2.00028
2.00028
2.00028
2.00029
1.99936
1.9993
1.99939
1.99942
1.99945
1.99946
1.99946
1.99945
1.99942
1.99939
1.9993
1.99936
1.99952
1.99928
1.99924
1.99919
1.99917
1.99915
1.99915
1.99917
1.99919
1.99924
1.99928
1.99952
1.99948
1.99924
1.99911
1.99902
1.99896
1.99892
1.99892
1.99896
1.99902
1.99911
1.99924
1.99948
1.99949
1.99921
1.99903
1.99889
1.99879
1.99874
1.99874
1.99879
1.99889
1.99903
1.99921
1.99949
1.99948
1.9992
1.99898
1.99881
1.99869
1.99863
1.99863
1.99869
1.99881
1.99898
1.9992
1.99948
1.99948
1.99919
1.99896
1.99877
1.99864
1.99857
1.99857
1.99864
1.99877
1.99896
1.99919
1.99948
1.99948
1.99919
1.99896
1.99878
1.99865
1.99858
1.99858
1.99865
1.99878
1.99896
1.99919
1.99948
1.99947
1.99921
1.999
1.99883
1.99871
1.99866
1.99866
1.99871
1.99883
1.999
1.99921
1.99947
1.99947
1.99923
1.99906
1.99893
1.99884
1.99879
1.99879
1.99884
1.99893
1.99906
1.99923
1.99947
1.99946
1.99927
1.99916
1.99907
1.99901
1.99898
1.99898
1.99901
1.99907
1.99916
1.99927
1.99946
1.99943
1.99932
1.99928
1.99924
1.99922
1.99921
1.99921
1.99922
1.99924
1.99928
1.99932
1.99943
1.99941
1.99946
1.99948
1.99949
1.99949
1.99949
1.99949
1.99949
1.99949
1.99948
1.99946
1.99941
1.99428
1.99398
1.99423
1.99422
1.99423
1.99423
1.99423
1.99423
1.99422
1.99423
1.99398
1.99428
1.99487
1.99381
1.99349
1.99318
1.99297
1.99286
1.99286
1.99297
1.99318
1.99349
1.99381
1.99487
1.99476
1.99361
1.99292
1.99236
1.99198
1.99179
1.99179
1.99198
1.99236
1.99292
1.9936
1.99476
1.99478
1.99346
1.99251
1.99174
1.99122
1.99095
1.99095
1.99122
1.99174
1.99251
1.99346
1.99478
1.99477
1.99336
1.99225
1.99134
1.99072
1.99039
1.99039
1.99072
1.99134
1.99225
1.99336
1.99477
1.99477
1.99333
1.99214
1.99117
1.9905
1.99015
1.99015
1.9905
1.99117
1.99214
1.99333
1.99477
1.99478
1.99338
1.9922
1.99124
1.99058
1.99024
1.99024
1.99058
1.99124
1.9922
1.99338
1.99478
1.99481
1.9935
1.99242
1.99155
1.99095
1.99064
1.99064
1.99095
1.99155
1.99242
1.9935
1.99481
1.99482
1.99368
1.99279
1.99208
1.9916
1.99135
1.99135
1.9916
1.99208
1.99279
1.99368
1.99482
1.99484
1.99393
1.99331
1.99283
1.9925
1.99233
1.99233
1.9925
1.99283
1.99331
1.99393
1.99484
1.99474
1.9942
1.99396
1.99374
1.99359
1.99351
1.99351
1.99359
1.99374
1.99396
1.9942
1.99474
1.99471
1.99488
1.99494
1.99494
1.99493
1.99492
1.99492
1.99493
1.99494
1.99494
1.99488
1.99471
1.99271
1.99183
1.99315
1.99352
1.99392
1.99411
1.99411
1.99392
1.99352
1.99315
1.99183
1.99271
1.99504
1.99204
1.99176
1.99137
1.99118
1.99109
1.99109
1.99118
1.99137
1.99176
1.99204
1.99504
1.99446
1.99181
1.99067
1.98976
1.98922
1.98894
1.98894
1.98922
1.98976
1.99067
1.99181
1.99446
1.99469
1.99174
1.99001
1.98864
1.98775
1.9873
1.9873
1.98775
1.98864
1.99001
1.99174
1.99468
1.99465
1.99169
1.9896
1.98794
1.98682
1.98625
1.98625
1.98682
1.98794
1.9896
1.99168
1.99465
1.99463
1.99168
1.98944
1.98763
1.98641
1.98578
1.98578
1.98641
1.98763
1.98944
1.99168
1.99463
1.9946
1.99173
1.98951
1.98774
1.98653
1.98591
1.98591
1.98653
1.98774
1.98951
1.99173
1.9946
1.99455
1.99185
1.98983
1.98824
1.98717
1.98662
1.98662
1.98717
1.98824
1.98983
1.99185
1.99455
1.99444
1.99202
1.99039
1.98914
1.98831
1.98789
1.98789
1.98831
1.98914
1.99039
1.99202
1.99444
1.99428
1.99231
1.99124
1.99045
1.98995
1.98969
1.98969
1.98995
1.99045
1.99124
1.99231
1.99428
1.99383
1.99254
1.99234
1.99211
1.99198
1.99191
1.99191
1.99198
1.99211
1.99234
1.99254
1.99383
1.99347
1.99417
1.99447
1.99464
1.99473
1.99476
1.99476
1.99473
1.99464
1.99447
1.99417
1.99347
1.9205
1.915
1.91778
1.91726
1.91743
1.91742
1.91742
1.91743
1.91726
1.91778
1.915
1.92049
1.92859
1.91218
1.90681
1.9017
1.89843
1.89671
1.89671
1.89843
1.9017
1.90681
1.91218
1.9286
1.9241
1.90749
1.89743
1.88941
1.88414
1.88145
1.88145
1.88414
1.88941
1.89743
1.90749
1.92409
1.92361
1.90426
1.8909
1.88043
1.87346
1.86994
1.86994
1.87346
1.88043
1.8909
1.90426
1.92361
1.92246
1.90197
1.88658
1.87459
1.86655
1.8625
1.8625
1.86655
1.87459
1.88658
1.90197
1.92246
1.92193
1.90092
1.8846
1.87193
1.8634
1.85911
1.85911
1.8634
1.87193
1.8846
1.90092
1.92193
1.92188
1.90123
1.88501
1.87248
1.86404
1.85979
1.85979
1.86404
1.87248
1.88501
1.90122
1.92187
1.9223
1.90289
1.88783
1.87624
1.86845
1.86453
1.86453
1.86845
1.87624
1.88783
1.90289
1.9223
1.92298
1.9058
1.89298
1.88316
1.87659
1.87328
1.87328
1.87659
1.88316
1.89298
1.9058
1.92298
1.92389
1.91005
1.90053
1.89327
1.88842
1.88596
1.88596
1.88842
1.89327
1.90053
1.91005
1.92389
1.92409
1.91479
1.9102
1.90623
1.90357
1.90218
1.90218
1.90357
1.90623
1.9102
1.91479
1.92408
1.92399
1.92537
1.92467
1.92388
1.92317
1.92274
1.92274
1.92317
1.92388
1.92467
1.92537
1.92399
1.93804
1.93324
1.93664
1.93683
1.93755
1.93784
1.93784
1.93754
1.93683
1.93663
1.93324
1.93804
1.94609
1.93175
1.92813
1.92456
1.92245
1.92135
1.92135
1.92245
1.92456
1.92813
1.93175
1.9461
1.94193
1.92834
1.92092
1.91515
1.91151
1.90968
1.90968
1.91151
1.91515
1.92092
1.92834
1.94193
1.94176
1.92614
1.91614
1.90845
1.90348
1.90101
1.90101
1.90348
1.90845
1.91613
1.92614
1.94176
1.94081
1.92457
1.91298
1.90414
1.89835
1.89546
1.89546
1.89835
1.90414
1.91298
1.92457
1.94081
1.94036
1.92382
1.91152
1.90215
1.89597
1.89289
1.89289
1.89597
1.90215
1.91152
1.92382
1.94036
1.94023
1.92398
1.91173
1.90244
1.89631
1.89326
1.89326
1.89631
1.90244
1.91173
1.92398
1.94023
1.94042
1.92506
1.91365
1.90504
1.89938
1.89657
1.89657
1.89938
1.90504
1.91365
1.92506
1.94042
1.94078
1.92701
1.91727
1.90999
1.90522
1.90285
1.90285
1.90522
1.90999
1.91728
1.92701
1.94078
1.94124
1.93001
1.92279
1.91743
1.91395
1.91221
1.91221
1.91395
1.91743
1.92279
1.93001
1.94124
1.94114
1.93333
1.93007
1.92723
1.92541
1.92446
1.92446
1.92541
1.92724
1.93007
1.93333
1.94114
1.94073
1.94222
1.9418
1.94138
1.94094
1.94066
1.94066
1.94094
1.94138
1.94181
1.94222
1.94073
)
;

boundaryField
{
    inlet
    {
        type            fixedValue;
        value           uniform 4;
    }
    wall
    {
        type            myTemperature;
        value           nonuniform List<scalar> 
720
(
2.66831
2.64662
2.6167
2.57988
2.54274
2.51779
2.51779
2.54274
2.57988
2.61669
2.64662
2.66831
2.29599
2.30252
2.31192
2.32586
2.34244
2.35456
2.35456
2.34244
2.32586
2.31192
2.30252
2.29599
2.15428
2.15836
2.16415
2.1726
2.18242
2.18954
2.18954
2.18243
2.1726
2.16415
2.15836
2.15428
2.08146
2.08364
2.08667
2.09099
2.0959
2.09942
2.09942
2.0959
2.09099
2.08667
2.08364
2.08146
2.03992
2.04098
2.04244
2.04449
2.04679
2.04842
2.04842
2.04679
2.04449
2.04244
2.04098
2.03992
2.01842
2.0189
2.01956
2.02047
2.02149
2.02221
2.02221
2.02149
2.02047
2.01956
2.0189
2.01842
2.00793
2.00814
2.00843
2.00883
2.00927
2.00958
2.00958
2.00927
2.00883
2.00843
2.00814
2.00793
2.00316
2.00324
2.00336
2.00351
2.00368
2.0038
2.0038
2.00368
2.00351
2.00336
2.00324
2.00316
2.0011
2.00113
2.00117
2.00123
2.00129
2.00133
2.00133
2.00129
2.00123
2.00117
2.00113
2.0011
2.00021
2.00022
2.00023
2.00024
2.00025
2.00026
2.00026
2.00025
2.00024
2.00023
2.00022
2.00021
1.99948
1.99947
1.99945
1.99942
1.9994
1.99938
1.99938
1.9994
1.99942
1.99945
1.99947
1.99948
1.99809
1.99803
1.99796
1.99786
1.99774
1.99766
1.99766
1.99774
1.99786
1.99796
1.99803
1.99809
1.99428
1.99413
1.99393
1.99365
1.99333
1.9931
1.9931
1.99333
1.99365
1.99393
1.99413
1.99428
1.97388
1.97313
1.97207
1.97056
1.96884
1.96761
1.96761
1.96884
1.97056
1.97207
1.97313
1.97388
1.97598
1.97531
1.97436
1.97302
1.97149
1.97039
1.97039
1.97149
1.97302
1.97436
1.97531
1.97598
2.70437
2.69634
2.68652
2.67683
2.66935
2.66466
2.66294
2.66407
2.6676
2.67267
2.67691
2.67757
2.2657
2.26208
2.25723
2.25252
2.24926
2.24817
2.24968
2.25391
2.26064
2.26937
2.279
2.28876
2.13384
2.13207
2.12973
2.12756
2.12617
2.12594
2.12712
2.12978
2.13377
2.13883
2.14437
2.15006
2.06916
2.06841
2.06745
2.06662
2.06619
2.06633
2.06714
2.06865
2.0708
2.07344
2.07632
2.07925
2.0334
2.03309
2.03269
2.03237
2.03225
2.0324
2.03286
2.03364
2.03472
2.03602
2.03743
2.03885
2.01527
2.01515
2.015
2.01488
2.01486
2.01495
2.01519
2.01556
2.01606
2.01666
2.01729
2.01793
2.00651
2.00646
2.00641
2.00637
2.00637
2.00642
2.00652
2.00669
2.00691
2.00716
2.00744
2.00771
2.00259
2.00257
2.00255
2.00254
2.00254
2.00256
2.00261
2.00267
2.00276
2.00286
2.00297
2.00307
2.00089
2.00089
2.00088
2.00088
2.00088
2.00089
2.00091
2.00093
2.00096
2.001
2.00103
2.00107
2.00017
2.00017
2.00017
2.00017
2.00017
2.00017
2.00018
2.00018
2.00019
2.00019
2.0002
2.00021
1.99956
1.99957
1.99957
1.99958
1.99958
1.99958
1.99957
1.99956
1.99954
1.99953
1.99951
1.99949
1.99841
1.99842
1.99844
1.99844
1.99844
1.99843
1.99841
1.99837
1.99832
1.99826
1.9982
1.99814
1.99526
1.99531
1.99538
1.99543
1.99545
1.99543
1.99536
1.99523
1.99506
1.99486
1.99465
1.99443
1.97768
1.97789
1.97816
1.97839
1.9785
1.97845
1.9782
1.97776
1.97713
1.97635
1.97549
1.97459
1.97965
1.97986
1.98014
1.98037
1.98049
1.98045
1.98021
1.97976
1.97914
1.97837
1.97752
1.97665
2.70473
2.69747
2.68849
2.67978
2.67345
2.67015
2.67015
2.67345
2.67978
2.68849
2.69747
2.70473
2.26543
2.2612
2.25567
2.25016
2.24592
2.24363
2.24363
2.24592
2.25016
2.25567
2.2612
2.26544
2.13366
2.13146
2.12862
2.12583
2.12367
2.12249
2.12249
2.12367
2.12583
2.12861
2.13146
2.13366
2.06902
2.06796
2.06662
2.06533
2.06434
2.0638
2.0638
2.06434
2.06533
2.06662
2.06796
2.06903
2.03332
2.03281
2.03218
2.03157
2.03111
2.03086
2.03086
2.03111
2.03157
2.03217
2.03281
2.03332
2.01523
2.015
2.01471
2.01444
2.01424
2.01412
2.01412
2.01424
2.01444
2.01471
2.015
2.01523
2.00649
2.00639
2.00627
2.00615
2.00607
2.00602
2.00602
2.00607
2.00615
2.00627
2.00639
2.00649
2.00258
2.00254
2.00249
2.00245
2.00241
2.00239
2.00239
2.00241
2.00245
2.00249
2.00254
2.00258
2.00089
2.00088
2.00086
2.00085
2.00084
2.00083
2.00083
2.00084
2.00085
2.00086
2.00088
2.00089
2.00017
2.00017
2.00017
2.00017
2.00016
2.00016
2.00016
2.00016
2.00017
2.00017
2.00017
2.00017
1.99957
1.99957
1.99958
1.99959
1.9996
1.9996
1.9996
1.9996
1.99959
1.99958
1.99957
1.99957
1.99842
1.99844
1.99847
1.99849
1.99851
1.99852
1.99852
1.99851
1.99849
1.99847
1.99844
1.99842
1.99528
1.99536
1.99546
1.99556
1.99563
1.99568
1.99568
1.99563
1.99556
1.99546
1.99536
1.99528
1.97772
1.97803
1.97842
1.97879
1.97907
1.97922
1.97922
1.97907
1.97879
1.97842
1.97803
1.97772
1.97969
1.98
1.9804
1.98077
1.98106
1.98122
1.98122
1.98106
1.98077
1.9804
1.98
1.97969
2.67757
2.6769
2.67267
2.6676
2.66407
2.66294
2.66466
2.66935
2.67684
2.68652
2.69634
2.70438
2.28876
2.279
2.26937
2.26063
2.25391
2.24968
2.24817
2.24926
2.25253
2.25723
2.26208
2.26571
2.15005
2.14437
2.13883
2.13377
2.12977
2.12712
2.12594
2.12617
2.12756
2.12973
2.13207
2.13384
2.07925
2.07632
2.07344
2.0708
2.06865
2.06714
2.06633
2.06619
2.06663
2.06745
2.06841
2.06916
2.03885
2.03743
2.03602
2.03472
2.03364
2.03286
2.0324
2.03225
2.03238
2.03269
2.03309
2.03341
2.01793
2.01729
2.01666
2.01606
2.01556
2.01519
2.01495
2.01486
2.01488
2.015
2.01515
2.01527
2.00771
2.00744
2.00716
2.00691
2.00669
2.00652
2.00642
2.00637
2.00637
2.00641
2.00646
2.00651
2.00307
2.00297
2.00286
2.00276
2.00267
2.00261
2.00256
2.00254
2.00254
2.00255
2.00257
2.00259
2.00107
2.00103
2.001
2.00096
2.00093
2.00091
2.00089
2.00088
2.00088
2.00089
2.00089
2.0009
2.00021
2.0002
2.00019
2.00019
2.00018
2.00018
2.00017
2.00017
2.00017
2.00017
2.00017
2.00017
1.99949
1.99951
1.99953
1.99954
1.99956
1.99957
1.99958
1.99958
1.99958
1.99957
1.99957
1.99956
1.99814
1.9982
1.99826
1.99832
1.99837
1.99841
1.99843
1.99844
1.99844
1.99844
1.99842
1.99841
1.99443
1.99465
1.99486
1.99506
1.99523
1.99536
1.99543
1.99545
1.99543
1.99538
1.99531
1.99526
1.97459
1.97549
1.97635
1.97713
1.97776
1.9782
1.97845
1.9785
1.97839
1.97816
1.97789
1.97768
1.97665
1.97752
1.97837
1.97914
1.97976
1.98021
1.98045
1.98049
1.98037
1.98014
1.97986
1.97965
)
;
    }
    outlet
    {
        type            fixedValue;
        value           uniform 1;
    }
}


// ************************************************************************* //
