/*--------------------------------*- C++ -*----------------------------------*\
| =========                 |                                                 |
| \\      /  F ield         | foam-extend: Open Source CFD                    |
|  \\    /   O peration     | Version:  3.0                                   |
|   \\  /    A nd           | Web:         http://www.extend-project.de       |
|    \\/     M anipulation  |                                                 |
\*---------------------------------------------------------------------------*/
FoamFile
{
    version     2.0;
    format      ascii;
    class       volScalarField;
    location    "80";
    object      Theta;
}
// * * * * * * * * * * * * * * * * * * * * * * * * * * * * * * * * * * * * * //

dimensions      [0 2 -2 0 0 0 0];

internalField   nonuniform List<scalar> 
1280
(
2.3985
2.26055
2.15329
2.05956
1.97643
1.90178
1.83393
1.7717
1.71421
1.66077
1.61085
1.564
1.51985
1.47814
1.43874
1.40127
2.3985
2.26055
2.15329
2.05956
1.97643
1.90178
1.83393
1.7717
1.71421
1.66077
1.61085
1.564
1.51985
1.47814
1.43874
1.40127
2.3985
2.26055
2.15329
2.05956
1.97643
1.90178
1.83393
1.7717
1.71421
1.66077
1.61085
1.564
1.51985
1.47814
1.43874
1.40127
2.3985
2.26055
2.15329
2.05956
1.97643
1.90178
1.83393
1.7717
1.71421
1.66077
1.61085
1.564
1.51985
1.47814
1.43874
1.40127
2.3985
2.26055
2.15329
2.05956
1.97643
1.90178
1.83393
1.7717
1.71421
1.66077
1.61085
1.564
1.51985
1.47814
1.43874
1.40127
2.3985
2.26055
2.15329
2.05956
1.97643
1.90178
1.83393
1.7717
1.71421
1.66077
1.61085
1.564
1.51985
1.47814
1.43874
1.40127
2.3985
2.26055
2.15329
2.05956
1.97643
1.90178
1.83393
1.7717
1.71421
1.66077
1.61085
1.564
1.51985
1.47814
1.43874
1.40127
2.3985
2.26055
2.15329
2.05956
1.97643
1.90178
1.83393
1.7717
1.71421
1.66077
1.61085
1.564
1.51985
1.47814
1.43874
1.40127
2.3985
2.26055
2.15329
2.05956
1.97643
1.90178
1.83393
1.7717
1.71421
1.66077
1.61085
1.564
1.51985
1.47814
1.43874
1.40127
2.3985
2.26055
2.15329
2.05956
1.97643
1.90178
1.83393
1.7717
1.71421
1.66077
1.61085
1.564
1.51985
1.47814
1.43874
1.40127
2.3985
2.26055
2.15329
2.05956
1.97643
1.90178
1.83393
1.7717
1.71421
1.66077
1.61085
1.564
1.51985
1.47814
1.43874
1.40127
2.3985
2.26055
2.15329
2.05956
1.97643
1.90178
1.83393
1.7717
1.71421
1.66077
1.61085
1.564
1.51985
1.47814
1.43874
1.40127
2.3985
2.26055
2.15329
2.05956
1.97643
1.90178
1.83393
1.7717
1.71421
1.66077
1.61085
1.564
1.51985
1.47814
1.43874
1.40127
2.3985
2.26055
2.15329
2.05956
1.97643
1.90178
1.83393
1.7717
1.71421
1.66077
1.61085
1.564
1.51985
1.47814
1.43874
1.40127
2.3985
2.26055
2.15329
2.05956
1.97643
1.90178
1.83393
1.7717
1.71421
1.66077
1.61085
1.564
1.51985
1.47814
1.43874
1.40127
2.3985
2.26055
2.15329
2.05956
1.97643
1.90178
1.83393
1.7717
1.71421
1.66077
1.61085
1.564
1.51985
1.47814
1.43874
1.40127
2.3985
2.26055
2.15329
2.05956
1.97643
1.90178
1.83393
1.7717
1.71421
1.66077
1.61085
1.564
1.51985
1.47814
1.43874
1.40127
2.3985
2.26055
2.15329
2.05956
1.97643
1.90178
1.83393
1.7717
1.71421
1.66077
1.61085
1.564
1.51985
1.47814
1.43874
1.40127
2.3985
2.26055
2.15329
2.05956
1.97643
1.90178
1.83393
1.7717
1.71421
1.66077
1.61085
1.564
1.51985
1.47814
1.43874
1.40127
2.3985
2.26055
2.15329
2.05956
1.97643
1.90178
1.83393
1.7717
1.71421
1.66077
1.61085
1.564
1.51985
1.47814
1.43874
1.40127
2.3985
2.26055
2.15329
2.05956
1.97643
1.90178
1.83393
1.7717
1.71421
1.66077
1.61085
1.564
1.51985
1.47814
1.43874
1.40127
2.3985
2.26055
2.15329
2.05956
1.97643
1.90178
1.83393
1.7717
1.71421
1.66077
1.61085
1.564
1.51985
1.47814
1.43874
1.40127
2.3985
2.26055
2.15329
2.05956
1.97643
1.90178
1.83393
1.7717
1.71421
1.66077
1.61085
1.564
1.51985
1.47814
1.43874
1.40127
2.3985
2.26055
2.15329
2.05956
1.97643
1.90178
1.83393
1.7717
1.71421
1.66077
1.61085
1.564
1.51985
1.47814
1.43874
1.40127
2.3985
2.26055
2.15329
2.05956
1.97643
1.90178
1.83393
1.7717
1.71421
1.66077
1.61085
1.564
1.51985
1.47814
1.43874
1.40127
2.3985
2.26055
2.15329
2.05956
1.97643
1.90178
1.83393
1.7717
1.71421
1.66077
1.61085
1.564
1.51985
1.47814
1.43874
1.40127
2.3985
2.26055
2.15329
2.05956
1.97643
1.90178
1.83393
1.7717
1.71421
1.66077
1.61085
1.564
1.51985
1.47814
1.43874
1.40127
2.3985
2.26055
2.15329
2.05956
1.97643
1.90178
1.83393
1.7717
1.71421
1.66077
1.61085
1.564
1.51985
1.47814
1.43874
1.40127
2.3985
2.26055
2.15329
2.05956
1.97643
1.90178
1.83393
1.7717
1.71421
1.66077
1.61085
1.564
1.51985
1.47814
1.43874
1.40127
2.3985
2.26055
2.15329
2.05956
1.97643
1.90178
1.83393
1.7717
1.71421
1.66077
1.61085
1.564
1.51985
1.47814
1.43874
1.40127
2.3985
2.26055
2.15329
2.05956
1.97643
1.90178
1.83393
1.7717
1.71421
1.66077
1.61085
1.564
1.51985
1.47814
1.43874
1.40127
2.3985
2.26055
2.15329
2.05956
1.97643
1.90178
1.83393
1.7717
1.71421
1.66077
1.61085
1.564
1.51985
1.47814
1.43874
1.40127
2.3985
2.26055
2.15329
2.05956
1.97643
1.90178
1.83393
1.7717
1.71421
1.66077
1.61085
1.564
1.51985
1.47814
1.43874
1.40127
2.3985
2.26055
2.15329
2.05956
1.97643
1.90178
1.83393
1.7717
1.71421
1.66077
1.61085
1.564
1.51985
1.47814
1.43874
1.40127
2.3985
2.26055
2.15329
2.05956
1.97643
1.90178
1.83393
1.7717
1.71421
1.66077
1.61085
1.564
1.51985
1.47814
1.43874
1.40127
2.3985
2.26055
2.15329
2.05956
1.97643
1.90178
1.83393
1.7717
1.71421
1.66077
1.61085
1.564
1.51985
1.47814
1.43874
1.40127
2.3985
2.26055
2.15329
2.05956
1.97643
1.90178
1.83393
1.7717
1.71421
1.66077
1.61085
1.564
1.51985
1.47814
1.43874
1.40127
2.3985
2.26055
2.15329
2.05956
1.97643
1.90178
1.83393
1.7717
1.71421
1.66077
1.61085
1.564
1.51985
1.47814
1.43874
1.40127
2.3985
2.26055
2.15329
2.05956
1.97643
1.90178
1.83393
1.7717
1.71421
1.66077
1.61085
1.564
1.51985
1.47814
1.43874
1.40127
2.3985
2.26055
2.15329
2.05956
1.97643
1.90178
1.83393
1.7717
1.71421
1.66077
1.61085
1.564
1.51985
1.47814
1.43874
1.40127
2.3985
2.26055
2.15329
2.05956
1.97643
1.90178
1.83393
1.7717
1.71421
1.66077
1.61085
1.564
1.51985
1.47814
1.43874
1.40127
2.3985
2.26055
2.15329
2.05956
1.97643
1.90178
1.83393
1.7717
1.71421
1.66077
1.61085
1.564
1.51985
1.47814
1.43874
1.40127
2.3985
2.26055
2.15329
2.05956
1.97643
1.90178
1.83393
1.7717
1.71421
1.66077
1.61085
1.564
1.51985
1.47814
1.43874
1.40127
2.3985
2.26055
2.15329
2.05956
1.97643
1.90178
1.83393
1.7717
1.71421
1.66077
1.61085
1.564
1.51985
1.47814
1.43874
1.40127
2.3985
2.26055
2.15329
2.05956
1.97643
1.90178
1.83393
1.7717
1.71421
1.66077
1.61085
1.564
1.51985
1.47814
1.43874
1.40127
2.3985
2.26055
2.15329
2.05956
1.97643
1.90178
1.83393
1.7717
1.71421
1.66077
1.61085
1.564
1.51985
1.47814
1.43874
1.40127
2.3985
2.26055
2.15329
2.05956
1.97643
1.90178
1.83393
1.7717
1.71421
1.66077
1.61085
1.564
1.51985
1.47814
1.43874
1.40127
2.3985
2.26055
2.15329
2.05956
1.97643
1.90178
1.83393
1.7717
1.71421
1.66077
1.61085
1.564
1.51985
1.47814
1.43874
1.40127
2.3985
2.26055
2.15329
2.05956
1.97643
1.90178
1.83393
1.7717
1.71421
1.66077
1.61085
1.564
1.51985
1.47814
1.43874
1.40127
2.3985
2.26055
2.15329
2.05956
1.97643
1.90178
1.83393
1.7717
1.71421
1.66077
1.61085
1.564
1.51985
1.47814
1.43874
1.40127
2.3985
2.26055
2.15329
2.05956
1.97643
1.90178
1.83393
1.7717
1.71421
1.66077
1.61085
1.564
1.51985
1.47814
1.43874
1.40127
2.3985
2.26055
2.15329
2.05956
1.97643
1.90178
1.83393
1.7717
1.71421
1.66077
1.61085
1.564
1.51985
1.47814
1.43874
1.40127
2.3985
2.26055
2.15329
2.05956
1.97643
1.90178
1.83393
1.7717
1.71421
1.66077
1.61085
1.564
1.51985
1.47814
1.43874
1.40127
2.3985
2.26055
2.15329
2.05956
1.97643
1.90178
1.83393
1.7717
1.71421
1.66077
1.61085
1.564
1.51985
1.47814
1.43874
1.40127
2.3985
2.26055
2.15329
2.05956
1.97643
1.90178
1.83393
1.7717
1.71421
1.66077
1.61085
1.564
1.51985
1.47814
1.43874
1.40127
2.3985
2.26055
2.15329
2.05956
1.97643
1.90178
1.83393
1.7717
1.71421
1.66077
1.61085
1.564
1.51985
1.47814
1.43874
1.40127
2.3985
2.26055
2.15329
2.05956
1.97643
1.90178
1.83393
1.7717
1.71421
1.66077
1.61085
1.564
1.51985
1.47814
1.43874
1.40127
2.3985
2.26055
2.15329
2.05956
1.97643
1.90178
1.83393
1.7717
1.71421
1.66077
1.61085
1.564
1.51985
1.47814
1.43874
1.40127
2.3985
2.26055
2.15329
2.05956
1.97643
1.90178
1.83393
1.7717
1.71421
1.66077
1.61085
1.564
1.51985
1.47814
1.43874
1.40127
2.3985
2.26055
2.15329
2.05956
1.97643
1.90178
1.83393
1.7717
1.71421
1.66077
1.61085
1.564
1.51985
1.47814
1.43874
1.40127
2.3985
2.26055
2.15329
2.05956
1.97643
1.90178
1.83393
1.7717
1.71421
1.66077
1.61085
1.564
1.51985
1.47814
1.43874
1.40127
2.3985
2.26055
2.15329
2.05956
1.97643
1.90178
1.83393
1.7717
1.71421
1.66077
1.61085
1.564
1.51985
1.47814
1.43874
1.40127
2.3985
2.26055
2.15329
2.05956
1.97643
1.90178
1.83393
1.7717
1.71421
1.66077
1.61085
1.564
1.51985
1.47814
1.43874
1.40127
2.3985
2.26055
2.15329
2.05956
1.97643
1.90178
1.83393
1.7717
1.71421
1.66077
1.61085
1.564
1.51985
1.47814
1.43874
1.40127
2.3985
2.26055
2.15329
2.05956
1.97643
1.90178
1.83393
1.7717
1.71421
1.66077
1.61085
1.564
1.51985
1.47814
1.43874
1.40127
2.3985
2.26055
2.15329
2.05956
1.97643
1.90178
1.83393
1.7717
1.71421
1.66077
1.61085
1.564
1.51985
1.47814
1.43874
1.40127
2.3985
2.26055
2.15329
2.05956
1.97643
1.90178
1.83393
1.7717
1.71421
1.66077
1.61085
1.564
1.51985
1.47814
1.43874
1.40127
2.3985
2.26055
2.15329
2.05956
1.97643
1.90178
1.83393
1.7717
1.71421
1.66077
1.61085
1.564
1.51985
1.47814
1.43874
1.40127
2.3985
2.26055
2.15329
2.05956
1.97643
1.90178
1.83393
1.7717
1.71421
1.66077
1.61085
1.564
1.51985
1.47814
1.43874
1.40127
2.3985
2.26055
2.15329
2.05956
1.97643
1.90178
1.83393
1.7717
1.71421
1.66077
1.61085
1.564
1.51985
1.47814
1.43874
1.40127
2.3985
2.26055
2.15329
2.05956
1.97643
1.90178
1.83393
1.7717
1.71421
1.66077
1.61085
1.564
1.51985
1.47814
1.43874
1.40127
2.3985
2.26055
2.15329
2.05956
1.97643
1.90178
1.83393
1.7717
1.71421
1.66077
1.61085
1.564
1.51985
1.47814
1.43874
1.40127
2.3985
2.26055
2.15329
2.05956
1.97643
1.90178
1.83393
1.7717
1.71421
1.66077
1.61085
1.564
1.51985
1.47814
1.43874
1.40127
2.3985
2.26055
2.15329
2.05956
1.97643
1.90178
1.83393
1.7717
1.71421
1.66077
1.61085
1.564
1.51985
1.47814
1.43874
1.40127
2.3985
2.26055
2.15329
2.05956
1.97643
1.90178
1.83393
1.7717
1.71421
1.66077
1.61085
1.564
1.51985
1.47814
1.43874
1.40127
2.3985
2.26055
2.15329
2.05956
1.97643
1.90178
1.83393
1.7717
1.71421
1.66077
1.61085
1.564
1.51985
1.47814
1.43874
1.40127
2.3985
2.26055
2.15329
2.05956
1.97643
1.90178
1.83393
1.7717
1.71421
1.66077
1.61085
1.564
1.51985
1.47814
1.43874
1.40127
2.3985
2.26055
2.15329
2.05956
1.97643
1.90178
1.83393
1.7717
1.71421
1.66077
1.61085
1.564
1.51985
1.47814
1.43874
1.40127
2.3985
2.26055
2.15329
2.05956
1.97643
1.90178
1.83393
1.7717
1.71421
1.66077
1.61085
1.564
1.51985
1.47814
1.43874
1.40127
2.3985
2.26055
2.15329
2.05956
1.97643
1.90178
1.83393
1.7717
1.71421
1.66077
1.61085
1.564
1.51985
1.47814
1.43874
1.40127
)
;

boundaryField
{
    up
    {
        type            myTemperature;
        value           nonuniform List<scalar> 
80
(
1.38268
1.38268
1.38268
1.38268
1.38268
1.38268
1.38268
1.38268
1.38268
1.38268
1.38268
1.38268
1.38268
1.38268
1.38268
1.38268
1.38268
1.38268
1.38268
1.38268
1.38268
1.38268
1.38268
1.38268
1.38268
1.38268
1.38268
1.38268
1.38268
1.38268
1.38268
1.38268
1.38268
1.38268
1.38268
1.38268
1.38268
1.38268
1.38268
1.38268
1.38268
1.38268
1.38268
1.38268
1.38268
1.38268
1.38268
1.38268
1.38268
1.38268
1.38268
1.38268
1.38268
1.38268
1.38268
1.38268
1.38268
1.38268
1.38268
1.38268
1.38268
1.38268
1.38268
1.38268
1.38268
1.38268
1.38268
1.38268
1.38268
1.38268
1.38268
1.38268
1.38268
1.38268
1.38268
1.38268
1.38268
1.38268
1.38268
1.38268
)
;
    }
    hole
    {
        type            myTemperature;
        value           nonuniform List<scalar> 
80
(
2.46926
2.46926
2.46926
2.46926
2.46926
2.46926
2.46926
2.46926
2.46926
2.46926
2.46926
2.46926
2.46926
2.46926
2.46926
2.46926
2.46926
2.46926
2.46926
2.46926
2.46926
2.46926
2.46926
2.46926
2.46926
2.46926
2.46926
2.46926
2.46926
2.46926
2.46926
2.46926
2.46926
2.46926
2.46926
2.46926
2.46926
2.46926
2.46926
2.46926
2.46926
2.46926
2.46926
2.46926
2.46926
2.46926
2.46926
2.46926
2.46926
2.46926
2.46926
2.46926
2.46926
2.46926
2.46926
2.46926
2.46926
2.46926
2.46926
2.46926
2.46926
2.46926
2.46926
2.46926
2.46926
2.46926
2.46926
2.46926
2.46926
2.46926
2.46926
2.46926
2.46926
2.46926
2.46926
2.46926
2.46926
2.46926
2.46926
2.46926
)
;
    }
    frontAndBack
    {
        type            empty;
    }
}


// ************************************************************************* //
