/*--------------------------------*- C++ -*----------------------------------*\
| =========                 |                                                 |
| \\      /  F ield         | OpenFOAM: The Open Source CFD Toolbox           |
|  \\    /   O peration     | Version:  2.2.0                                 |
|   \\  /    A nd           | Web:      www.OpenFOAM.org                      |
|    \\/     M anipulation  |                                                 |
\*---------------------------------------------------------------------------*/
FoamFile
{
    version     2.0;
    format      ascii;
    class       volScalarField;
    location    "4.6";
    object      Theta;
}
// * * * * * * * * * * * * * * * * * * * * * * * * * * * * * * * * * * * * * //

dimensions      [0 2 -2 0 0 0 0];

internalField   nonuniform List<scalar> 
1600
(
2.21185
1.91447
1.89976
1.82932
1.78288
1.74054
1.70307
1.66921
1.63824
1.60967
1.58312
1.55831
1.53501
1.51304
1.49223
1.47262
1.45316
1.43811
1.41185
1.41575
2.21188
1.91447
1.89976
1.82932
1.78288
1.74054
1.70307
1.66921
1.63824
1.60967
1.58312
1.55831
1.53501
1.51304
1.49223
1.47262
1.45316
1.43811
1.41185
1.41575
2.21188
1.91447
1.89976
1.82932
1.78288
1.74054
1.70307
1.66921
1.63824
1.60967
1.58312
1.55831
1.53501
1.51304
1.49223
1.47262
1.45316
1.43811
1.41185
1.41575
2.21185
1.91447
1.89976
1.82932
1.78288
1.74054
1.70307
1.66921
1.63824
1.60967
1.58312
1.55831
1.53501
1.51304
1.49223
1.47262
1.45316
1.43811
1.41185
1.41575
2.21187
1.91448
1.89976
1.82932
1.78288
1.74054
1.70307
1.66921
1.63824
1.60967
1.58312
1.55831
1.53501
1.51304
1.49223
1.47262
1.45316
1.43811
1.41185
1.41575
2.21188
1.91448
1.89976
1.82932
1.78289
1.74054
1.70307
1.66921
1.63824
1.60967
1.58312
1.55831
1.53501
1.51304
1.49223
1.47262
1.45316
1.43811
1.41185
1.41575
2.21188
1.91448
1.89976
1.82932
1.78289
1.74054
1.70307
1.66921
1.63824
1.60967
1.58312
1.55831
1.53501
1.51304
1.49223
1.47262
1.45316
1.43811
1.41185
1.41575
2.21188
1.91448
1.89976
1.82932
1.78289
1.74054
1.70307
1.66921
1.63824
1.60967
1.58312
1.55831
1.53501
1.51304
1.49223
1.47262
1.45316
1.43811
1.41185
1.41575
2.21188
1.91448
1.89976
1.82932
1.78289
1.74054
1.70307
1.66921
1.63824
1.60967
1.58312
1.55831
1.53501
1.51304
1.49223
1.47262
1.45316
1.43811
1.41185
1.41575
2.21187
1.91448
1.89977
1.82932
1.78289
1.74054
1.70307
1.66921
1.63824
1.60967
1.58312
1.55831
1.53501
1.51304
1.49223
1.47262
1.45316
1.43811
1.41185
1.41575
2.21187
1.91448
1.89977
1.82932
1.78289
1.74054
1.70307
1.66921
1.63824
1.60967
1.58312
1.55831
1.53501
1.51304
1.49223
1.47262
1.45316
1.43811
1.41185
1.41575
2.21187
1.91448
1.89977
1.82932
1.78289
1.74054
1.70307
1.66921
1.63824
1.60967
1.58312
1.55831
1.53501
1.51304
1.49223
1.47262
1.45316
1.43811
1.41185
1.41575
2.21187
1.91448
1.89976
1.82932
1.78289
1.74054
1.70307
1.66921
1.63824
1.60967
1.58312
1.55831
1.53501
1.51304
1.49223
1.47262
1.45316
1.43811
1.41185
1.41575
2.21187
1.91448
1.89976
1.82932
1.78289
1.74054
1.70307
1.66921
1.63824
1.60967
1.58312
1.55831
1.53501
1.51304
1.49223
1.47262
1.45316
1.43811
1.41185
1.41575
2.21187
1.91448
1.89976
1.82932
1.78289
1.74054
1.70307
1.66921
1.63824
1.60967
1.58312
1.55831
1.53501
1.51304
1.49223
1.47262
1.45316
1.43811
1.41185
1.41575
2.21187
1.91448
1.89976
1.82932
1.78288
1.74054
1.70307
1.66921
1.63824
1.60967
1.58312
1.55831
1.53501
1.51304
1.49223
1.47262
1.45316
1.43811
1.41185
1.41575
2.21187
1.91448
1.89976
1.82932
1.78288
1.74054
1.70307
1.66921
1.63824
1.60967
1.58312
1.55831
1.53501
1.51304
1.49223
1.47262
1.45316
1.43811
1.41185
1.41575
2.21188
1.91448
1.89976
1.82932
1.78288
1.74054
1.70307
1.66921
1.63824
1.60967
1.58312
1.55831
1.53501
1.51304
1.49223
1.47262
1.45316
1.43811
1.41185
1.41575
2.21187
1.91447
1.89976
1.82932
1.78288
1.74054
1.70307
1.66921
1.63824
1.60967
1.58312
1.55831
1.53501
1.51304
1.49223
1.47262
1.45316
1.43811
1.41185
1.41575
2.21186
1.91447
1.89976
1.82932
1.78288
1.74054
1.70307
1.66921
1.63824
1.60967
1.58312
1.55831
1.53501
1.51304
1.49223
1.47262
1.45316
1.43811
1.41185
1.41575
2.21186
1.91447
1.89976
1.82932
1.78288
1.74054
1.70307
1.66921
1.63824
1.60967
1.58312
1.55831
1.53501
1.51304
1.49223
1.47262
1.45316
1.43811
1.41185
1.41575
2.21187
1.91447
1.89976
1.82932
1.78288
1.74054
1.70307
1.66921
1.63824
1.60967
1.58312
1.55831
1.53501
1.51304
1.49223
1.47262
1.45316
1.43811
1.41185
1.41575
2.21188
1.91448
1.89976
1.82932
1.78288
1.74054
1.70307
1.66921
1.63824
1.60967
1.58312
1.55831
1.53501
1.51304
1.49223
1.47262
1.45316
1.43811
1.41185
1.41575
2.21188
1.91448
1.89976
1.82932
1.78289
1.74054
1.70307
1.66921
1.63824
1.60967
1.58312
1.55831
1.53501
1.51304
1.49223
1.47262
1.45316
1.43811
1.41185
1.41575
2.21188
1.91448
1.89976
1.82932
1.78289
1.74054
1.70307
1.66921
1.63824
1.60967
1.58312
1.55831
1.53501
1.51304
1.49223
1.47262
1.45316
1.43811
1.41185
1.41575
2.21188
1.91448
1.89977
1.82933
1.78289
1.74054
1.70307
1.66921
1.63824
1.60967
1.58312
1.55831
1.53501
1.51304
1.49223
1.47262
1.45316
1.43811
1.41185
1.41575
2.21188
1.91448
1.89977
1.82933
1.78289
1.74054
1.70307
1.66921
1.63824
1.60967
1.58312
1.55831
1.53501
1.51304
1.49223
1.47262
1.45316
1.43811
1.41185
1.41575
2.21188
1.91448
1.89977
1.82933
1.78289
1.74054
1.70307
1.66921
1.63824
1.60967
1.58312
1.55831
1.53501
1.51304
1.49223
1.47262
1.45316
1.43811
1.41185
1.41575
2.21188
1.91448
1.89977
1.82933
1.78289
1.74054
1.70307
1.66921
1.63824
1.60967
1.58312
1.55831
1.53501
1.51304
1.49223
1.47262
1.45316
1.43811
1.41185
1.41575
2.21188
1.91448
1.89977
1.82933
1.78289
1.74054
1.70307
1.66921
1.63824
1.60967
1.58312
1.55831
1.53501
1.51304
1.49223
1.47262
1.45316
1.43811
1.41185
1.41575
2.21188
1.91448
1.89977
1.82933
1.78289
1.74054
1.70307
1.66921
1.63824
1.60967
1.58312
1.55831
1.53501
1.51304
1.49223
1.47262
1.45316
1.43811
1.41185
1.41575
2.21188
1.91448
1.89977
1.82933
1.78289
1.74054
1.70307
1.66921
1.63824
1.60967
1.58312
1.55831
1.53501
1.51304
1.49223
1.47262
1.45316
1.43811
1.41185
1.41575
2.21188
1.91448
1.89977
1.82933
1.78289
1.74054
1.70307
1.66921
1.63824
1.60967
1.58312
1.55831
1.53501
1.51304
1.49223
1.47262
1.45316
1.43811
1.41185
1.41575
2.21188
1.91448
1.89977
1.82933
1.78289
1.74054
1.70307
1.66921
1.63824
1.60967
1.58312
1.55831
1.53501
1.51304
1.49223
1.47262
1.45316
1.43811
1.41185
1.41575
2.21188
1.91448
1.89977
1.82933
1.78289
1.74054
1.70307
1.66921
1.63824
1.60967
1.58312
1.55831
1.53501
1.51304
1.49223
1.47262
1.45316
1.43811
1.41185
1.41575
2.21188
1.91448
1.89977
1.82933
1.78289
1.74054
1.70307
1.66921
1.63824
1.60967
1.58312
1.55831
1.53501
1.51304
1.49223
1.47262
1.45316
1.43811
1.41185
1.41575
2.21188
1.91448
1.89977
1.82932
1.78289
1.74054
1.70307
1.66921
1.63824
1.60967
1.58312
1.55831
1.53501
1.51304
1.49223
1.47262
1.45316
1.43811
1.41185
1.41575
2.21189
1.91448
1.89976
1.82932
1.78289
1.74054
1.70307
1.66921
1.63824
1.60967
1.58312
1.55831
1.53501
1.51304
1.49223
1.47262
1.45316
1.43811
1.41185
1.41575
2.21187
1.91447
1.89976
1.82932
1.78288
1.74054
1.70307
1.66921
1.63824
1.60967
1.58312
1.55831
1.53501
1.51304
1.49223
1.47262
1.45316
1.43811
1.41185
1.41575
2.21186
1.91447
1.89976
1.82932
1.78288
1.74054
1.70307
1.66921
1.63824
1.60967
1.58312
1.55831
1.53501
1.51304
1.49223
1.47262
1.45316
1.43811
1.41185
1.41575
2.21186
1.91447
1.89976
1.82932
1.78288
1.74054
1.70307
1.66921
1.63824
1.60967
1.58312
1.55831
1.53501
1.51304
1.49223
1.47262
1.45316
1.43811
1.41185
1.41575
2.21187
1.91447
1.89976
1.82932
1.78288
1.74054
1.70307
1.66921
1.63824
1.60967
1.58312
1.55831
1.53501
1.51304
1.49223
1.47262
1.45316
1.43811
1.41185
1.41575
2.21189
1.91448
1.89976
1.82932
1.78289
1.74054
1.70307
1.66921
1.63824
1.60967
1.58312
1.55831
1.53501
1.51304
1.49223
1.47262
1.45316
1.43811
1.41185
1.41575
2.21188
1.91448
1.89976
1.82932
1.78289
1.74054
1.70307
1.66921
1.63824
1.60967
1.58312
1.55831
1.53501
1.51304
1.49223
1.47262
1.45316
1.43811
1.41185
1.41575
2.21188
1.91448
1.89977
1.82933
1.78289
1.74054
1.70307
1.66921
1.63824
1.60967
1.58312
1.55831
1.53501
1.51304
1.49223
1.47262
1.45316
1.43811
1.41185
1.41575
2.21188
1.91448
1.89977
1.82933
1.78289
1.74054
1.70307
1.66921
1.63824
1.60967
1.58312
1.55831
1.53501
1.51304
1.49223
1.47262
1.45316
1.43811
1.41185
1.41575
2.21188
1.91448
1.89977
1.82933
1.78289
1.74054
1.70307
1.66921
1.63824
1.60967
1.58312
1.55831
1.53501
1.51304
1.49223
1.47262
1.45316
1.43811
1.41185
1.41575
2.21188
1.91448
1.89977
1.82933
1.78289
1.74054
1.70307
1.66921
1.63824
1.60967
1.58312
1.55831
1.53501
1.51304
1.49223
1.47262
1.45316
1.43811
1.41185
1.41575
2.21188
1.91448
1.89977
1.82933
1.78289
1.74054
1.70307
1.66921
1.63824
1.60967
1.58312
1.55831
1.53501
1.51304
1.49223
1.47262
1.45316
1.43811
1.41185
1.41575
2.21188
1.91448
1.89977
1.82933
1.78289
1.74054
1.70307
1.66921
1.63824
1.60967
1.58312
1.55831
1.53501
1.51304
1.49223
1.47262
1.45316
1.43811
1.41185
1.41575
2.21188
1.91448
1.89977
1.82933
1.78289
1.74054
1.70307
1.66921
1.63824
1.60967
1.58312
1.55831
1.53501
1.51304
1.49223
1.47262
1.45316
1.43811
1.41185
1.41575
2.21188
1.91448
1.89977
1.82933
1.78289
1.74054
1.70307
1.66921
1.63824
1.60967
1.58312
1.55831
1.53501
1.51304
1.49223
1.47262
1.45316
1.43811
1.41185
1.41575
2.21188
1.91448
1.89977
1.82933
1.78289
1.74054
1.70307
1.66921
1.63824
1.60967
1.58312
1.55831
1.53501
1.51304
1.49223
1.47262
1.45316
1.43811
1.41185
1.41575
2.21188
1.91448
1.89977
1.82933
1.78289
1.74054
1.70307
1.66921
1.63824
1.60967
1.58312
1.55831
1.53501
1.51304
1.49223
1.47262
1.45316
1.43811
1.41185
1.41575
2.21188
1.91448
1.89977
1.82932
1.78289
1.74054
1.70307
1.66921
1.63824
1.60967
1.58312
1.55831
1.53501
1.51304
1.49223
1.47262
1.45316
1.43811
1.41185
1.41575
2.21188
1.91448
1.89976
1.82932
1.78289
1.74054
1.70307
1.66921
1.63824
1.60967
1.58312
1.55831
1.53501
1.51304
1.49223
1.47262
1.45316
1.43811
1.41185
1.41575
2.21188
1.91448
1.89976
1.82932
1.78288
1.74054
1.70307
1.66921
1.63824
1.60967
1.58312
1.55831
1.53501
1.51304
1.49223
1.47262
1.45316
1.43811
1.41185
1.41575
2.21188
1.91448
1.89976
1.82932
1.78288
1.74054
1.70307
1.66921
1.63824
1.60967
1.58312
1.55831
1.53501
1.51304
1.49223
1.47262
1.45316
1.43811
1.41185
1.41575
2.21187
1.91447
1.89976
1.82932
1.78288
1.74054
1.70307
1.66921
1.63824
1.60967
1.58312
1.55831
1.53501
1.51304
1.49223
1.47262
1.45316
1.43811
1.41185
1.41575
2.21186
1.91447
1.89976
1.82932
1.78288
1.74054
1.70307
1.66921
1.63824
1.60967
1.58312
1.55831
1.53501
1.51304
1.49223
1.47262
1.45316
1.43811
1.41185
1.41575
2.21187
2.21187
2.21186
2.21187
2.21188
2.21188
2.21188
2.21188
2.21187
2.21187
2.21187
2.21187
2.21187
2.21187
2.21188
2.21188
2.21188
2.21188
2.21187
2.21186
1.91447
1.91447
1.91447
1.91447
1.91448
1.91448
1.91448
1.91448
1.91448
1.91448
1.91448
1.91448
1.91448
1.91448
1.91448
1.91448
1.91448
1.91447
1.91447
1.91447
1.89976
1.89976
1.89976
1.89976
1.89976
1.89976
1.89976
1.89976
1.89976
1.89976
1.89976
1.89976
1.89976
1.89976
1.89976
1.89976
1.89976
1.89976
1.89976
1.89976
1.82932
1.82932
1.82932
1.82932
1.82932
1.82932
1.82932
1.82932
1.82932
1.82932
1.82932
1.82932
1.82932
1.82932
1.82932
1.82932
1.82932
1.82932
1.82932
1.82932
1.78288
1.78288
1.78288
1.78288
1.78288
1.78288
1.78289
1.78289
1.78289
1.78289
1.78289
1.78289
1.78289
1.78289
1.78288
1.78288
1.78288
1.78288
1.78288
1.78288
1.74054
1.74054
1.74054
1.74054
1.74054
1.74054
1.74054
1.74054
1.74054
1.74054
1.74054
1.74054
1.74054
1.74054
1.74054
1.74054
1.74054
1.74054
1.74054
1.74054
1.70307
1.70307
1.70307
1.70307
1.70307
1.70307
1.70307
1.70307
1.70307
1.70307
1.70307
1.70307
1.70307
1.70307
1.70307
1.70307
1.70307
1.70307
1.70307
1.70307
1.66921
1.66921
1.66921
1.66921
1.66921
1.66921
1.66921
1.66921
1.66921
1.66921
1.66921
1.66921
1.66921
1.66921
1.66921
1.66921
1.66921
1.66921
1.66921
1.66921
1.63824
1.63824
1.63824
1.63824
1.63824
1.63824
1.63824
1.63824
1.63824
1.63824
1.63824
1.63824
1.63824
1.63824
1.63824
1.63824
1.63824
1.63824
1.63824
1.63824
1.60967
1.60967
1.60967
1.60967
1.60967
1.60967
1.60967
1.60967
1.60967
1.60967
1.60967
1.60967
1.60967
1.60967
1.60967
1.60967
1.60967
1.60967
1.60967
1.60967
1.58312
1.58312
1.58312
1.58312
1.58312
1.58312
1.58312
1.58312
1.58312
1.58312
1.58312
1.58312
1.58312
1.58312
1.58312
1.58312
1.58312
1.58312
1.58312
1.58312
1.55831
1.55831
1.55831
1.55831
1.55831
1.55831
1.55831
1.55831
1.55831
1.55831
1.55831
1.55831
1.55831
1.55831
1.55831
1.55831
1.55831
1.55831
1.55831
1.55831
1.53501
1.53501
1.53501
1.53501
1.53501
1.53501
1.53501
1.53501
1.53501
1.53501
1.53501
1.53501
1.53501
1.53501
1.53501
1.53501
1.53501
1.53501
1.53501
1.53501
1.51304
1.51304
1.51304
1.51304
1.51304
1.51304
1.51304
1.51304
1.51304
1.51304
1.51304
1.51304
1.51304
1.51304
1.51304
1.51304
1.51304
1.51304
1.51304
1.51304
1.49223
1.49223
1.49223
1.49223
1.49223
1.49223
1.49223
1.49223
1.49223
1.49223
1.49223
1.49223
1.49223
1.49223
1.49223
1.49223
1.49223
1.49223
1.49223
1.49223
1.47262
1.47262
1.47262
1.47262
1.47262
1.47262
1.47262
1.47262
1.47262
1.47262
1.47262
1.47262
1.47262
1.47262
1.47262
1.47262
1.47262
1.47262
1.47262
1.47262
1.45316
1.45316
1.45316
1.45316
1.45316
1.45316
1.45316
1.45316
1.45316
1.45316
1.45316
1.45316
1.45316
1.45316
1.45316
1.45316
1.45316
1.45316
1.45316
1.45316
1.43811
1.43811
1.43811
1.43811
1.43811
1.43811
1.43811
1.43811
1.43811
1.43811
1.43811
1.43811
1.43811
1.43811
1.43811
1.43811
1.43811
1.43811
1.43811
1.43811
1.41185
1.41185
1.41185
1.41185
1.41185
1.41185
1.41185
1.41185
1.41185
1.41185
1.41185
1.41185
1.41185
1.41185
1.41185
1.41185
1.41185
1.41185
1.41185
1.41185
1.41575
1.41575
1.41575
1.41575
1.41575
1.41575
1.41575
1.41575
1.41575
1.41575
1.41575
1.41575
1.41575
1.41575
1.41575
1.41575
1.41575
1.41575
1.41575
1.41575
)
;

boundaryField
{
    up
    {
        type            myTemperature;
        value           nonuniform List<scalar> 
80
(
1.39394
1.39394
1.39394
1.39394
1.39394
1.39394
1.39394
1.39394
1.39394
1.39394
1.39394
1.39394
1.39394
1.39394
1.39394
1.39394
1.39394
1.39394
1.39394
1.39394
1.39394
1.39394
1.39394
1.39394
1.39394
1.39394
1.39394
1.39394
1.39394
1.39394
1.39394
1.39394
1.39394
1.39394
1.39394
1.39394
1.39394
1.39394
1.39394
1.39394
1.39394
1.39394
1.39394
1.39394
1.39394
1.39394
1.39394
1.39394
1.39394
1.39394
1.39394
1.39394
1.39394
1.39394
1.39394
1.39394
1.39394
1.39394
1.39394
1.39394
1.39394
1.39394
1.39394
1.39394
1.39394
1.39394
1.39394
1.39394
1.39394
1.39394
1.39394
1.39394
1.39394
1.39394
1.39394
1.39394
1.39394
1.39394
1.39394
1.39394
)
;
    }
    hole
    {
        type            myTemperature;
        value           nonuniform List<scalar> 
80
(
2.0378
2.03781
2.03781
2.03781
2.03782
2.03782
2.03782
2.03782
2.03782
2.03782
2.03782
2.03782
2.03782
2.03782
2.03782
2.03782
2.03782
2.03781
2.03781
2.0378
2.03781
2.03781
2.03781
2.03782
2.03782
2.03782
2.03782
2.03782
2.03782
2.03782
2.03782
2.03782
2.03782
2.03782
2.03782
2.03782
2.03782
2.03782
2.03781
2.03781
2.03781
2.03781
2.03782
2.03782
2.03782
2.03782
2.03782
2.03782
2.03782
2.03782
2.03782
2.03782
2.03782
2.03782
2.03782
2.03782
2.03782
2.03781
2.03781
2.03781
2.0378
2.03781
2.03781
2.03781
2.03781
2.03782
2.03782
2.03782
2.03782
2.03782
2.03782
2.03782
2.03782
2.03782
2.03782
2.03782
2.03782
2.03781
2.03781
2.0378
)
;
    }
    frontAndBack
    {
        type            empty;
    }
}


// ************************************************************************* //
