/*--------------------------------*- C++ -*----------------------------------*\
| =========                 |                                                 |
| \\      /  F ield         | foam-extend: Open Source CFD                    |
|  \\    /   O peration     | Version:  3.0                                   |
|   \\  /    A nd           | Web:         http://www.extend-project.de       |
|    \\/     M anipulation  |                                                 |
\*---------------------------------------------------------------------------*/
FoamFile
{
    version     2.0;
    format      ascii;
    class       volVectorField;
    location    "10";
    object      s;
}
// * * * * * * * * * * * * * * * * * * * * * * * * * * * * * * * * * * * * * //

dimensions      [0 1 -1 0 0 0 0];

internalField   nonuniform List<vector> 
3012
(
(-2.18319 0.140628 0)
(-1.79186 -0.19849 0)
(-2.54247 0.18724 0)
(-1.70128 0.179611 0)
(-3.10347 0.425995 0)
(-2.11033 0.241306 0)
(-3.00692 -0.250856 0)
(-2.80752 0.126453 0)
(-1.9716 0.258521 0)
(-2.16127 -0.356927 0)
(-1.85237 -0.0440744 0)
(-2.20342 0.488033 0)
(-1.23603 -0.0955696 0)
(-1.95369 0.0919592 0)
(-2.20939 0.0871285 0)
(-1.18862 0.159605 0)
(-3.08955 0.372362 0)
(-2.12942 0.296086 0)
(-2.93357 -0.28717 0)
(-2.81818 0.12569 0)
(-1.24783 0.459875 0)
(-1.62637 -0.207937 0)
(-1.84013 -0.329467 0)
(-1.191 0.320356 0)
(-2.63257 0.0623138 0)
(-1.93245 -0.0968675 0)
(-1.90304 0.313152 0)
(-2.21767 0.0706411 0)
(-1.83215 0.348547 0)
(-2.03387 0.440988 0)
(-1.33427 -0.12874 0)
(-1.49965 -0.398395 0)
(-1.2724 -0.105495 0)
(-2.05184 0.399734 0)
(-1.84596 0.323896 0)
(-1.41751 -0.37113 0)
(-2.05196 -0.137617 0)
(-2.67709 0.0800906 0)
(-2.23193 0.0733098 0)
(-2.01138 0.30587 0)
(-1.12784 -0.0811032 0)
(-2.12084 0.080337 0)
(-1.08087 0.152421 0)
(-1.88641 0.0862599 0)
(-1.25545 -0.0624541 0)
(-1.38352 -0.330099 0)
(-1.88404 0.290375 0)
(-2.10303 0.353877 0)
(-1.22641 -0.328309 0)
(-1.97916 0.349243 0)
(-1.78713 0.299836 0)
(-1.11239 -0.0890286 0)
(-2.17125 0.139891 0)
(-1.72524 -0.185507 0)
(-1.63958 0.180499 0)
(-2.51991 0.178741 0)
(-2.67969 -0.286971 0)
(-2.20476 0.461297 0)
(-3.02608 0.288296 0)
(-2.82476 0.110035 0)
(-2.69907 -0.316248 0)
(-2.18439 0.407633 0)
(-3.00767 0.310832 0)
(-2.85054 0.0941749 0)
(-1.26463 -0.0471832 0)
(-1.97029 0.0485959 0)
(-2.23747 0.0271843 0)
(-1.23305 0.207549 0)
(-2.08568 -0.126806 0)
(-1.1588 0.313619 0)
(-1.15971 0.115294 0)
(-1.84604 -0.0687859 0)
(-1.75734 0.497907 0)
(-1.52022 -0.452463 0)
(-1.33239 -0.216302 0)
(-1.60988 0.394056 0)
(-1.65666 0.376822 0)
(-1.81428 0.455638 0)
(-1.37038 -0.430775 0)
(-1.21118 -0.196107 0)
(-1.35469 -0.0416292 0)
(-2.01791 0.0431615 0)
(-1.32739 0.231197 0)
(-2.30542 0.0175092 0)
(-2.06694 -0.0219198 0)
(-1.06589 0.232035 0)
(-1.09176 0.0256674 0)
(-1.83807 0.00648638 0)
(-1.18064 -0.141316 0)
(-1.95357 0.41157 0)
(-1.76761 0.343596 0)
(-1.31926 -0.387757 0)
(-2.21579 -0.351602 0)
(-1.97473 0.246513 0)
(-1.88958 -0.0404676 0)
(-2.2055 0.49249 0)
(-2.15383 0.0493302 0)
(-2.27679 0.420891 0)
(-2.1178 0.0117021 0)
(-2.62899 -0.152254 0)
(-2.0604 -0.143085 0)
(-1.13985 0.321721 0)
(-1.13887 0.130461 0)
(-1.82594 -0.0823944 0)
(-1.71897 0.503568 0)
(-1.32238 -0.224779 0)
(-1.51135 -0.457134 0)
(-1.57799 0.400052 0)
(-1.7607 -0.371543 0)
(-1.21771 0.344734 0)
(-1.55779 -0.23456 0)
(-1.2892 0.476024 0)
(-1.91339 0.23709 0)
(-2.14409 0.279698 0)
(-1.30723 -0.268871 0)
(-1.20627 -0.00306104 0)
(-1.47441 -0.458755 0)
(-1.29653 -0.26066 0)
(-1.49187 0.531194 0)
(-1.38095 0.421284 0)
(-1.70583 -0.163904 0)
(-1.05041 0.227065 0)
(-1.06392 0.356352 0)
(-1.90665 -0.242063 0)
(-2.44423 -0.157063 0)
(-2.27724 0.0307376 0)
(-2.75518 0.182886 0)
(-2.25804 0.367327 0)
(-2.99721 0.0966455 0)
(-2.61275 0.728364 0)
(-2.96459 0.0824237 0)
(-2.39103 -0.295011 0)
(-2.52143 -0.151721 0)
(-2.26054 0.0253719 0)
(-2.3668 0.415293 0)
(-2.79233 0.149038 0)
(-2.99425 0.131002 0)
(-3.02203 0.11893 0)
(-2.53363 0.74709 0)
(-2.45243 -0.344434 0)
(-2.62305 0.0979518 0)
(-1.82787 0.281518 0)
(-2.21302 0.0862466 0)
(-1.87805 -0.125158 0)
(-2.97815 0.228634 0)
(-2.34339 0.532319 0)
(-2.51187 -0.285121 0)
(-2.87171 0.0371665 0)
(-2.91631 0.242815 0)
(-2.32273 0.541355 0)
(-2.43525 -0.210973 0)
(-2.79685 0.0107166 0)
(-1.03198 -0.043466 0)
(-1.77947 0.251902 0)
(-1.12164 -0.271523 0)
(-1.97696 0.286752 0)
(-1.26714 -0.344435 0)
(-1.99151 0.369639 0)
(-1.79697 0.313291 0)
(-1.14443 -0.0993185 0)
(-1.70535 -0.394915 0)
(-1.50826 -0.244889 0)
(-1.33611 0.49508 0)
(-1.25432 0.367172 0)
(-2.24379 0.0723921 0)
(-2.329 -0.13564 0)
(-2.75374 0.0574576 0)
(-2.3185 0.364336 0)
(-1.28598 -0.123962 0)
(-2.02732 0.421605 0)
(-1.82694 0.339857 0)
(-1.4396 -0.389104 0)
(-2.84582 0.332469 0)
(-2.74685 -0.0358956 0)
(-2.44203 -0.173239 0)
(-2.20174 0.398991 0)
(-2.37405 -0.0593565 0)
(-2.8106 0.309311 0)
(-2.26512 0.385129 0)
(-2.66763 -0.108629 0)
(-2.23551 0.0773215 0)
(-2.35624 -0.168935 0)
(-2.76661 0.0812807 0)
(-2.32295 0.364158 0)
(-1.58732 0.498071 0)
(-1.79908 -0.177717 0)
(-1.49088 0.295846 0)
(-2.07757 -0.347154 0)
(-1.54288 0.328624 0)
(-2.00617 -0.3888 0)
(-1.66105 0.516925 0)
(-1.73898 -0.193199 0)
(-1.74237 -0.384262 0)
(-1.53967 -0.238681 0)
(-1.32663 0.492476 0)
(-1.24824 0.360536 0)
(-1.60173 -0.395517 0)
(-2.09874 0.442457 0)
(-1.88223 0.336939 0)
(-1.42477 -0.109745 0)
(-1.25482 -0.0213092 0)
(-1.95588 0.0326559 0)
(-1.22809 0.225592 0)
(-2.21956 0.00562678 0)
(-1.26371 -0.11636 0)
(-2.22453 0.109859 0)
(-1.96612 0.108264 0)
(-1.20991 0.144879 0)
(-1.05957 -0.216783 0)
(-1.96768 0.226271 0)
(-0.989464 0.00467267 0)
(-1.76918 0.202762 0)
(-1.06891 0.24291 0)
(-1.70601 -0.165895 0)
(-1.91483 -0.247584 0)
(-1.08433 0.38429 0)
(-2.30168 -0.0124542 0)
(-1.33724 0.254934 0)
(-1.35556 -0.0122692 0)
(-2.01217 0.0224438 0)
(-1.50681 -0.470762 0)
(-1.38434 0.419101 0)
(-1.32483 -0.271484 0)
(-1.49627 0.531852 0)
(-1.33875 -0.142405 0)
(-1.80321 0.353989 0)
(-1.50727 -0.407617 0)
(-1.9961 0.448591 0)
(-1.11754 0.239078 0)
(-1.71419 -0.156263 0)
(-1.14177 0.386655 0)
(-1.92772 -0.244278 0)
(-1.36669 -0.254575 0)
(-1.52147 0.518121 0)
(-1.40831 0.403707 0)
(-1.55217 -0.454643 0)
(-2.06645 0.458309 0)
(-1.62724 -0.406008 0)
(-1.44134 -0.124186 0)
(-1.85796 0.346477 0)
(-1.25218 0.454583 0)
(-1.65633 -0.19805 0)
(-1.87476 -0.317635 0)
(-1.19807 0.30882 0)
(-1.22364 0.336668 0)
(-1.8102 -0.354249 0)
(-1.29123 0.475092 0)
(-1.59896 -0.221377 0)
(-1.63023 0.503527 0)
(-1.8061 -0.173908 0)
(-1.52668 0.297723 0)
(-2.08878 -0.351427 0)
(-1.55765 0.313909 0)
(-1.67481 0.51204 0)
(-2.05318 -0.378104 0)
(-1.77588 -0.18443 0)
(-2.49197 -0.249009 0)
(-1.9678 0.13736 0)
(-2.06563 -0.0166824 0)
(-2.13836 0.486069 0)
(-1.11318 -0.158221 0)
(-1.70023 0.349297 0)
(-1.24472 -0.389093 0)
(-1.86737 0.410286 0)
(-1.05256 -0.0679621 0)
(-2.04 0.076026 0)
(-1.00808 0.146938 0)
(-1.82334 0.0815733 0)
(-1.72706 0.507402 0)
(-1.60351 0.298204 0)
(-1.80613 -0.169756 0)
(-2.09609 -0.369287 0)
(-1.16445 -0.082861 0)
(-2.13804 0.0825495 0)
(-1.11665 0.15374 0)
(-1.89982 0.0881806 0)
(-1.2318 -0.0691939 0)
(-1.95208 0.0715538 0)
(-2.21003 0.0605525 0)
(-1.19032 0.181491 0)
(-2.20783 0.105196 0)
(-1.8475 -0.182118 0)
(-1.77996 0.221021 0)
(-2.59785 0.132143 0)
(-1.01872 -0.0286579 0)
(-1.97867 0.269513 0)
(-1.77928 0.23726 0)
(-1.10251 -0.254536 0)
(-2.7225 -0.126701 0)
(-2.22189 0.0318317 0)
(-2.6577 0.470108 0)
(-2.80826 0.0717605 0)
(-2.8455 -0.155473 0)
(-2.81737 0.474331 0)
(-2.20073 0.063337 0)
(-2.82943 0.067698 0)
(-1.22238 -0.0640139 0)
(-1.87551 0.288648 0)
(-1.34554 -0.328233 0)
(-2.0922 0.347889 0)
(-1.77704 0.517511 0)
(-1.64449 0.306649 0)
(-1.80294 -0.164444 0)
(-2.09545 -0.374312 0)
(-1.29605 -0.284495 0)
(-1.88979 0.256319 0)
(-2.11305 0.303724 0)
(-1.18928 -0.0236057 0)
(-2.20202 0.101913 0)
(-1.8533 -0.153208 0)
(-1.7878 0.241339 0)
(-2.59221 0.129357 0)
(-2.49361 -0.229528 0)
(-1.93055 0.121731 0)
(-2.07262 -0.0276212 0)
(-2.07395 0.465223 0)
(-1.83493 -0.427039 0)
(-1.61526 0.527161 0)
(-1.49541 0.371075 0)
(-1.60166 -0.226118 0)
(-1.09283 -0.00322349 0)
(-2.07983 0.00449447 0)
(-1.84988 0.0269994 0)
(-1.06209 0.209578 0)
(-1.34682 0.28167 0)
(-1.77811 -0.176897 0)
(-1.41431 0.467566 0)
(-2.03462 -0.312866 0)
(-2.14938 0.00965412 0)
(-2.14417 0.418809 0)
(-2.01231 0.0318773 0)
(-2.60514 -0.16869 0)
(-2.09027 -0.0457798 0)
(-1.1212 0.0384145 0)
(-1.10034 0.24852 0)
(-1.85484 -0.0106916 0)
(-1.82208 0.468875 0)
(-1.66325 0.382502 0)
(-1.41743 -0.43305 0)
(-1.24935 -0.195548 0)
(-1.84756 0.447693 0)
(-1.68422 0.371822 0)
(-1.34927 -0.421166 0)
(-1.19469 -0.184027 0)
(-1.23249 -0.224344 0)
(-1.7225 0.481791 0)
(-1.58049 0.394905 0)
(-1.40494 -0.453056 0)
(-1.07256 0.0890309 0)
(-2.02876 -0.0887186 0)
(-1.05915 0.280307 0)
(-1.80427 -0.0456595 0)
(-1.05064 -0.193891 0)
(-1.97539 0.208312 0)
(-0.980231 0.0290739 0)
(-1.77593 0.186799 0)
(-1.01564 -0.0786031 0)
(-1.73532 0.276193 0)
(-1.91911 0.313865 0)
(-1.11095 -0.299239 0)
(-1.25916 -0.218195 0)
(-1.73346 0.483423 0)
(-1.43501 -0.448272 0)
(-1.59048 0.392882 0)
(-1.09878 0.0921242 0)
(-2.04227 -0.0970927 0)
(-1.81479 -0.0506295 0)
(-1.08804 0.284873 0)
(-1.81746 0.346285 0)
(-1.83883 -0.418797 0)
(-1.60598 -0.142235 0)
(-2.01125 0.500568 0)
(-1.87372 0.337912 0)
(-1.83477 -0.414928 0)
(-2.08518 0.488078 0)
(-1.60769 -0.122719 0)
(-2.13249 -0.263702 0)
(-1.42859 0.437173 0)
(-1.85798 -0.142496 0)
(-1.37269 0.227811 0)
(-1.59696 -0.207163 0)
(-1.59907 0.371909 0)
(-1.74054 0.52987 0)
(-1.8347 -0.433273 0)
(-1.27667 -0.047797 0)
(-1.90908 0.276887 0)
(-2.13617 0.339273 0)
(-1.40227 -0.321662 0)
(-1.82815 0.516854 0)
(-1.88478 -0.13576 0)
(-1.69425 0.276154 0)
(-2.20655 -0.343942 0)
(-1.87501 0.501914 0)
(-1.92247 -0.114164 0)
(-1.73743 0.245362 0)
(-2.2607 -0.325728 0)
(-1.62222 -0.225104 0)
(-1.42008 0.497548 0)
(-1.33349 0.34662 0)
(-1.84658 -0.383333 0)
(-1.49548 0.363626 0)
(-1.46852 0.0995608 0)
(-2.00794 -0.0539423 0)
(-2.31966 -0.136718 0)
(-1.26421 -0.16666 0)
(-1.94844 0.149849 0)
(-1.19503 0.0958769 0)
(-2.1973 0.164821 0)
(-2.26184 -0.257809 0)
(-2.24819 0.116043 0)
(-2.64553 0.296569 0)
(-2.03463 0.199411 0)
(-1.50831 0.346291 0)
(-2.04431 -0.0277976 0)
(-1.49295 0.0670761 0)
(-2.36542 -0.0966093 0)
(-2.49817 0.496817 0)
(-2.83186 0.147332 0)
(-2.30864 -0.0941043 0)
(-2.76162 -0.0836447 0)
(-1.37864 -0.235712 0)
(-1.53104 0.404981 0)
(-1.57406 -0.461961 0)
(-1.66409 0.520518 0)
(-1.17109 -0.378219 0)
(-1.68321 0.353377 0)
(-1.04812 -0.153382 0)
(-1.84337 0.408685 0)
(-1.79345 0.0949855 0)
(-2.00316 0.0941282 0)
(-0.952704 0.11416 0)
(-0.997313 -0.0959013 0)
(-1.80588 -0.119008 0)
(-1.16287 0.181653 0)
(-1.17812 0.362705 0)
(-2.04081 -0.19704 0)
(-2.01439 -0.090609 0)
(-1.72861 0.441843 0)
(-2.36783 -0.233123 0)
(-1.64575 0.157662 0)
(-2.04134 -0.0714828 0)
(-1.71999 0.430177 0)
(-2.40008 -0.201717 0)
(-1.64756 0.135352 0)
(-1.46811 -0.455891 0)
(-1.27959 -0.252689 0)
(-1.53009 0.520778 0)
(-1.41547 0.419657 0)
(-2.47361 -0.184383 0)
(-1.83777 0.430867 0)
(-2.08711 -0.0485314 0)
(-1.75386 0.10619 0)
(-1.06698 0.343843 0)
(-1.04974 0.19948 0)
(-1.71961 -0.145371 0)
(-1.92442 -0.219216 0)
(-2.18067 0.957135 0)
(-3.09996 -0.884014 0)
(-3.69374 0.0288075 0)
(-3.01794 0.475683 0)
(-2.11853 -0.254913 0)
(-1.3821 0.430672 0)
(-1.3335 0.226425 0)
(-1.84932 -0.141131 0)
(-1.92968 0.302268 0)
(-1.00786 -0.0607252 0)
(-1.09942 -0.280434 0)
(-1.74193 0.265918 0)
(-2.16469 0.26291 0)
(-2.69887 0.305767 0)
(-2.2798 0.0445811 0)
(-2.47081 -0.221099 0)
(-1.75826 0.411749 0)
(-2.4542 -0.171423 0)
(-2.07916 -0.0515367 0)
(-1.69255 0.0988187 0)
(-1.46564 0.510507 0)
(-1.61542 -0.229268 0)
(-1.37061 0.357698 0)
(-1.84262 -0.398283 0)
(-1.56171 -0.218742 0)
(-1.58326 0.381081 0)
(-1.72395 0.530744 0)
(-1.79051 -0.444427 0)
(-1.31486 -0.0591202 0)
(-1.99465 0.0605337 0)
(-1.28032 0.20594 0)
(-2.26991 0.0423642 0)
(-2.17287 0.604333 0)
(-2.99047 -0.418482 0)
(-3.33552 0.272111 0)
(-2.88566 0.278869 0)
(-1.79877 -0.433282 0)
(-1.62957 0.530352 0)
(-1.506 0.379556 0)
(-1.57086 -0.227168 0)
(-1.31948 0.265137 0)
(-1.78696 -0.17141 0)
(-1.3804 0.450901 0)
(-2.04164 -0.298269 0)
(-1.49551 -0.00665399 0)
(-2.29515 0.351939 0)
(-1.64481 -0.328342 0)
(-2.02665 0.263669 0)
(-1.21237 -0.128639 0)
(-1.97654 0.404834 0)
(-1.78659 0.335278 0)
(-1.35319 -0.379619 0)
(-2.16935 0.121049 0)
(-2.78725 0.461642 0)
(-2.7521 -0.151326 0)
(-2.79681 0.0647623 0)
(-1.15993 0.318282 0)
(-1.82412 -0.32077 0)
(-1.21133 0.453331 0)
(-1.61504 -0.205192 0)
(-2.29929 0.374126 0)
(-1.52919 -0.0156683 0)
(-1.69238 -0.34285 0)
(-2.02936 0.273966 0)
(-1.29957 0.386117 0)
(-1.64078 -0.433531 0)
(-1.45024 -0.264796 0)
(-1.39494 0.508559 0)
(-1.31449 0.383135 0)
(-1.67246 -0.426612 0)
(-1.47603 -0.257202 0)
(-1.4102 0.510105 0)
(-2.2637 0.224404 0)
(-1.29984 0.0644495 0)
(-1.99982 0.190155 0)
(-1.38835 -0.224499 0)
(-3.26217 0.0951127 0)
(-2.99199 0.801652 0)
(-2.24284 -0.254355 0)
(-2.90018 -0.0051533 0)
(-1.77096 0.530531 0)
(-1.72274 -0.448069 0)
(-1.62133 0.391675 0)
(-1.50347 -0.211378 0)
(-2.19681 0.34552 0)
(-1.3447 -0.0319484 0)
(-1.47776 -0.323102 0)
(-1.95497 0.275541 0)
(-1.32656 0.0561735 0)
(-1.42353 -0.237197 0)
(-2.00961 0.202062 0)
(-2.27523 0.244007 0)
(-1.05498 -0.0455419 0)
(-1.78654 0.257625 0)
(-1.98455 0.294608 0)
(-1.14841 -0.275757 0)
(-1.81425 0.524516 0)
(-1.73304 -0.444886 0)
(-1.51337 -0.201401 0)
(-1.65768 0.385081 0)
(-1.29626 0.179402 0)
(-1.32908 0.389841 0)
(-1.87789 -0.117909 0)
(-2.14442 -0.213558 0)
(-1.31933 0.162041 0)
(-1.34894 0.381157 0)
(-1.90144 -0.103692 0)
(-2.17491 -0.195448 0)
(-1.37431 0.0705271 0)
(-2.03198 0.196965 0)
(-1.4731 -0.232222 0)
(-2.3065 0.241811 0)
(-1.5376 -0.460148 0)
(-1.53543 0.405316 0)
(-1.34517 -0.232707 0)
(-1.66838 0.514722 0)
(-2.20679 0.350218 0)
(-1.51683 -0.330305 0)
(-1.37883 -0.0354584 0)
(-1.96278 0.275928 0)
(-1.24507 -0.141477 0)
(-1.94353 0.134416 0)
(-1.18161 0.116256 0)
(-2.19176 0.144165 0)
(-1.80399 -0.109111 0)
(-1.14039 0.163872 0)
(-1.14949 0.344484 0)
(-2.03505 -0.179906 0)
(-1.9437 -0.33262 0)
(-3.77704 -0.0156552 0)
(-3.57594 0.802155 0)
(-2.73652 -0.162274 0)
(-1.39417 0.0958345 0)
(-1.48524 -0.213297 0)
(-2.05588 0.178976 0)
(-2.34152 0.216915 0)
(-2.19405 0.402166 0)
(-1.62984 -0.37236 0)
(-1.95308 0.303018 0)
(-1.46298 -0.0688336 0)
(-1.79987 -0.0795917 0)
(-2.15099 0.502743 0)
(-1.92819 0.292059 0)
(-2.09001 -0.384843 0)
(-3.09449 -5.7607e-05 0)
(-2.8607 0.671063 0)
(-2.25088 -0.164319 0)
(-2.8758 0.0455259 0)
(-2.23752 0.108181 0)
(-2.52834 -0.122699 0)
(-2.80828 0.0305578 0)
(-2.58333 0.425333 0)
(-2.00654 0.289346 0)
(-1.78132 -0.367923 0)
(-2.26769 0.411917 0)
(-1.59183 -0.0390814 0)
(-1.28621 -0.0850151 0)
(-2.08622 0.387556 0)
(-1.42832 -0.355526 0)
(-1.87279 0.31331 0)
(-2.17608 0.189257 0)
(-2.01336 -0.294054 0)
(-1.82565 0.105086 0)
(-2.51862 0.324306 0)
(-1.10023 -0.23245 0)
(-1.79313 0.221328 0)
(-1.02009 -0.00560807 0)
(-1.99681 0.250483 0)
(-1.17119 -0.36168 0)
(-1.70146 0.34505 0)
(-1.86887 0.400429 0)
(-1.05068 -0.136555 0)
(-2.16596 0.193151 0)
(-2.0543 -0.31001 0)
(-2.50945 0.344714 0)
(-1.84841 0.0966597 0)
(-1.11496 -0.221693 0)
(-2.01515 0.236029 0)
(-1.80882 0.209154 0)
(-1.03666 0.00884533 0)
(-1.79991 0.109701 0)
(-0.965243 0.0990976 0)
(-2.0096 0.112307 0)
(-1.0144 -0.117685 0)
(-2.19627 0.393493 0)
(-1.43573 -0.0548247 0)
(-1.59575 -0.354536 0)
(-1.95546 0.299963 0)
(-2.59507 0.39012 0)
(-2.75661 -0.0658508 0)
(-2.19367 0.168208 0)
(-2.38879 -0.114851 0)
(-1.9891 0.300608 0)
(-1.7352 -0.373233 0)
(-1.5507 -0.0515746 0)
(-2.24314 0.417675 0)
(-2.14206 0.4021 0)
(-2.21511 0.0504526 0)
(-2.09633 -0.0491384 0)
(-2.69775 -0.0269657 0)
(-2.14658 0.543062 0)
(-2.64956 -0.309233 0)
(-3.05878 0.317221 0)
(-2.80177 0.126852 0)
(-2.70593 0.2727 0)
(-2.15209 0.289596 0)
(-2.41837 -0.203619 0)
(-2.27552 0.0475753 0)
(-2.29273 0.385899 0)
(-2.30319 0.00980089 0)
(-2.78034 0.213238 0)
(-2.52902 -0.148459 0)
(-2.06824 -0.0684724 0)
(-2.08919 0.373051 0)
(-2.68253 0.00212517 0)
(-2.21808 0.0554827 0)
(-1.09333 -0.126276 0)
(-1.73744 0.333376 0)
(-1.21594 -0.359344 0)
(-1.9157 0.388668 0)
(-1.11409 -0.139785 0)
(-1.914 0.398922 0)
(-1.73659 0.33964 0)
(-1.2421 -0.375938 0)
(-3.20587 -0.76244 0)
(-2.06476 0.977067 0)
(-3.68902 0.0678006 0)
(-2.89382 0.540714 0)
(-1.86985 0.329631 0)
(-2.08227 0.422157 0)
(-1.37293 -0.108719 0)
(-1.53679 -0.387525 0)
(-2.34514 0.320485 0)
(-2.06227 0.240605 0)
(-1.64612 -0.304553 0)
(-1.50805 0.0236345 0)
(-1.11766 0.35453 0)
(-1.10422 0.193374 0)
(-1.75534 -0.133875 0)
(-1.97242 -0.209583 0)
(-1.96766 -0.230318 0)
(-1.14337 0.375732 0)
(-1.74795 -0.146232 0)
(-1.12287 0.217261 0)
(-1.58286 0.517985 0)
(-1.51771 -0.459787 0)
(-1.46332 0.41018 0)
(-1.32697 -0.241886 0)
(-3.72261 0.211476 0)
(-1.97775 -0.395447 0)
(-3.46272 1.04659 0)
(-2.76841 -0.166684 0)
(-1.2099 -0.338513 0)
(-1.9523 0.365497 0)
(-1.76559 0.314734 0)
(-1.0935 -0.103141 0)
(-1.56699 0.524476 0)
(-1.44847 0.409891 0)
(-1.36129 -0.248548 0)
(-1.55142 -0.461096 0)
(-1.93592 0.241115 0)
(-0.975557 -0.014443 0)
(-1.05035 -0.22775 0)
(-1.74059 0.214175 0)
(-1.56612 0.516319 0)
(-1.48596 -0.459086 0)
(-1.44945 0.413533 0)
(-1.29473 -0.242706 0)
(-1.08673 0.341538 0)
(-1.74356 -0.134977 0)
(-1.07601 0.186824 0)
(-1.95431 -0.206655 0)
(-1.25954 0.337938 0)
(-1.83358 -0.362021 0)
(-1.33251 0.482498 0)
(-1.61643 -0.221538 0)
(-2.22291 0.074718 0)
(-2.34137 -0.0943306 0)
(-2.76354 0.0243018 0)
(-2.36572 0.425433 0)
(-1.56345 0.107345 0)
(-2.4362 0.237414 0)
(-1.6702 -0.23796 0)
(-2.12172 0.180458 0)
(-2.2306 0.114414 0)
(-1.96133 -0.1951 0)
(-2.6288 0.173276 0)
(-1.86331 0.22517 0)
(-1.9681 -0.036381 0)
(-1.95316 0.207914 0)
(-2.33554 -0.319049 0)
(-2.16141 0.493884 0)
(-2.04184 -0.182022 0)
(-2.24262 0.0961786 0)
(-2.66006 0.151149 0)
(-1.94931 0.254855 0)
(-2.0995 -0.168405 0)
(-2.24697 0.0837682 0)
(-2.68972 0.10827 0)
(-2.04085 0.282958 0)
(-1.8971 0.0944934 0)
(-2.12608 -0.318788 0)
(-2.52222 0.350509 0)
(-2.17318 0.176684 0)
(-1.7649 0.508238 0)
(-1.61527 0.395955 0)
(-1.57003 -0.458808 0)
(-1.37506 -0.219743 0)
(-2.21171 -0.248869 0)
(-1.50886 0.435051 0)
(-1.44792 0.20309 0)
(-1.91483 -0.124327 0)
(-2.01717 -0.0201065 0)
(-1.98718 0.171403 0)
(-2.41383 -0.292116 0)
(-2.18937 0.487234 0)
(-1.83624 0.528493 0)
(-1.67914 0.358455 0)
(-1.64536 -0.185419 0)
(-1.89671 -0.427221 0)
(-1.94274 -0.124219 0)
(-1.71893 0.479127 0)
(-2.27299 -0.292724 0)
(-1.61926 0.224189 0)
(-2.10742 -0.146692 0)
(-1.19103 0.133813 0)
(-1.19664 0.336543 0)
(-1.85988 -0.0807192 0)
(-2.44894 0.268459 0)
(-1.59916 0.0913041 0)
(-1.72376 -0.262338 0)
(-2.13149 0.196263 0)
(-2.3381 0.302148 0)
(-1.59739 -0.29196 0)
(-2.0563 0.232515 0)
(-1.47062 0.0321615 0)
(-1.45409 0.172604 0)
(-1.50636 0.419677 0)
(-1.95528 -0.10557 0)
(-2.26229 -0.2192 0)
(-1.71009 0.291756 0)
(-1.00475 -0.0921998 0)
(-1.8869 0.332793 0)
(-1.10372 -0.307663 0)
(-1.02353 -0.180676 0)
(-0.957056 0.0485324 0)
(-1.95872 0.185426 0)
(-1.76168 0.169688 0)
(-1.88491 -0.434033 0)
(-1.72661 0.362274 0)
(-1.63465 -0.178115 0)
(-1.89783 0.531034 0)
(-1.71597 0.489392 0)
(-1.90862 -0.137441 0)
(-2.22776 -0.314668 0)
(-1.60966 0.24695 0)
(-1.33427 0.0136074 0)
(-2.24704 0.29853 0)
(-1.45016 -0.281628 0)
(-1.99045 0.241581 0)
(-1.93297 0.241779 0)
(-2.16949 0.290301 0)
(-1.35658 -0.274021 0)
(-1.24949 -0.00134219 0)
(-2.24937 0.106972 0)
(-1.98387 0.105457 0)
(-1.30411 -0.115385 0)
(-1.25163 0.151944 0)
(-1.67031 0.351701 0)
(-1.93386 -0.426742 0)
(-1.82572 0.529585 0)
(-1.67503 -0.187386 0)
(-1.2592 0.251098 0)
(-1.30624 0.429062 0)
(-2.022 -0.272561 0)
(-1.77782 -0.161031 0)
(-1.46566 0.404309 0)
(-1.19019 -0.232751 0)
(-1.58119 0.485527 0)
(-1.36734 -0.450993 0)
(-2.69362 0.355692 0)
(-2.30734 -0.0048186 0)
(-2.15168 0.280907 0)
(-2.56752 -0.1664 0)
(-1.50862 -0.234804 0)
(-1.61562 0.526357 0)
(-1.72223 -0.443671 0)
(-1.49167 0.38875 0)
(-2.15201 0.236393 0)
(-2.67245 -0.124004 0)
(-2.65424 0.386982 0)
(-2.33808 -0.0654414 0)
(-2.63443 0.346901 0)
(-2.09473 0.210345 0)
(-2.25217 0.0808825 0)
(-2.41258 -0.242045 0)
(-1.92202 -0.136871 0)
(-1.00867 0.129946 0)
(-1.72102 -0.0872325 0)
(-1.00266 0.289998 0)
(-2.46916 0.357505 0)
(-2.25526 0.0478857 0)
(-2.53932 -0.20014 0)
(-2.80619 0.0904403 0)
(-2.72358 0.385322 0)
(-2.17985 0.291024 0)
(-2.35602 -0.0687191 0)
(-2.68676 -0.120882 0)
(-2.14757 0.248249 0)
(-2.63971 0.404208 0)
(-2.69031 -0.101534 0)
(-2.33325 -0.0707602 0)
(-2.07417 0.257514 0)
(-1.8828 -0.35456 0)
(-2.36459 0.393603 0)
(-1.68402 0.000840487 0)
(-1.58973 0.386508 0)
(-1.19221 -0.217707 0)
(-1.73289 0.465248 0)
(-1.35415 -0.443253 0)
(-1.02905 0.254177 0)
(-1.79366 -0.0210573 0)
(-2.0133 -0.0552246 0)
(-1.04922 0.0620226 0)
(-2.25578 0.102702 0)
(-2.19774 -0.190778 0)
(-2.69706 0.198236 0)
(-2.06316 0.289156 0)
(-1.96214 -0.312458 0)
(-1.32503 0.452087 0)
(-1.72577 -0.187298 0)
(-1.26636 0.286488 0)
(-1.54038 0.523863 0)
(-1.53388 -0.237006 0)
(-1.42984 0.382763 0)
(-1.74935 -0.427583 0)
(-2.27526 0.0823304 0)
(-2.30327 -0.199048 0)
(-2.12552 0.291914 0)
(-2.72132 0.220701 0)
(-1.41365 0.105706 0)
(-1.99328 -0.0584108 0)
(-1.4356 0.361858 0)
(-2.29641 -0.137729 0)
(-1.97726 -0.103362 0)
(-1.64733 0.437184 0)
(-2.30733 -0.241742 0)
(-1.57179 0.174629 0)
(-1.78891 0.363349 0)
(-1.9774 0.509625 0)
(-1.56328 -0.163661 0)
(-1.78873 -0.435566 0)
(-2.00144 -0.296843 0)
(-1.33206 0.441404 0)
(-1.2761 0.267579 0)
(-1.7585 -0.175237 0)
(-1.53439 -0.233009 0)
(-1.75249 -0.432711 0)
(-1.4691 0.385776 0)
(-1.58632 0.528499 0)
(-1.88771 0.45817 0)
(-2.04024 -0.0637542 0)
(-1.78144 0.149223 0)
(-2.42378 -0.232488 0)
(-1.70938 0.516388 0)
(-1.39691 -0.227819 0)
(-1.56919 0.399257 0)
(-1.59472 -0.45878 0)
(-1.11914 -0.0204842 0)
(-1.87616 0.0416301 0)
(-2.11238 0.0230498 0)
(-1.08501 0.201843 0)
(-2.32125 0.090512 0)
(-2.03392 0.0941551 0)
(-1.3331 0.177973 0)
(-1.3819 -0.107263 0)
(-1.946 -0.114801 0)
(-1.64414 0.453386 0)
(-1.56388 0.202454 0)
(-2.26715 -0.259673 0)
(-1.71129 0.521452 0)
(-1.43537 -0.225989 0)
(-1.57084 0.397185 0)
(-1.63968 -0.456259 0)
(-1.21452 -0.293689 0)
(-1.11146 -0.0499823 0)
(-2.02996 0.311161 0)
(-1.82451 0.2685 0)
(-1.55656 0.340619 0)
(-1.71143 -0.196377 0)
(-1.97481 -0.397471 0)
(-1.67885 0.52381 0)
(-1.10053 -0.0651066 0)
(-1.20844 -0.303887 0)
(-1.99878 0.332575 0)
(-1.8008 0.286076 0)
(-1.20585 0.358731 0)
(-1.83151 -0.106969 0)
(-1.19165 0.167986 0)
(-2.07447 -0.183466 0)
(-2.10604 0.237181 0)
(-1.91462 -0.333321 0)
(-1.7195 0.0346692 0)
(-2.41034 0.371151 0)
(-2.20934 -0.261873 0)
(-1.53453 0.458064 0)
(-1.46741 0.224398 0)
(-1.90697 -0.129216 0)
(-1.42314 -0.144604 0)
(-1.60967 -0.415 0)
(-2.00795 0.466009 0)
(-1.813 0.355247 0)
(-1.55201 0.490725 0)
(-1.81705 -0.16887 0)
(-1.4651 0.285291 0)
(-2.09688 -0.326526 0)
(-1.61911 0.388368 0)
(-1.76807 0.46623 0)
(-1.18405 -0.207387 0)
(-1.34362 -0.435167 0)
(-1.90353 -0.426048 0)
(-1.76067 0.350295 0)
(-1.65123 -0.163416 0)
(-1.93912 0.521389 0)
(-1.53604 0.407356 0)
(-1.97648 -0.0897008 0)
(-1.48607 0.152213 0)
(-2.29152 -0.200195 0)
(-1.24511 0.375547 0)
(-1.8366 -0.116549 0)
(-1.22293 0.182335 0)
(-2.08495 -0.201571 0)
(-1.89367 0.441187 0)
(-1.36275 -0.416913 0)
(-1.20962 -0.173473 0)
(-1.72049 0.364541 0)
(-1.81094 -0.00741754 0)
(-2.03301 -0.0384856 0)
(-1.03036 0.235047 0)
(-1.05352 0.0364132 0)
(-2.26001 -0.0355734 0)
(-1.30675 0.267931 0)
(-1.31967 0.0144396 0)
(-1.98142 0.00545143 0)
(-2.52175 -0.205375 0)
(-2.23554 0.0634168 0)
(-2.10168 0.183591 0)
(-2.55981 0.416322 0)
(-2.60088 -0.144607 0)
(-2.16453 0.282103 0)
(-2.30316 -9.41161e-06 0)
(-2.66839 0.380044 0)
(-2.29386 -0.0879123 0)
(-1.37417 0.0526989 0)
(-1.37889 0.311599 0)
(-2.00019 -0.0283668 0)
(-1.21961 -0.255412 0)
(-2.08414 0.266012 0)
(-1.12739 -0.00532017 0)
(-1.86518 0.230748 0)
(-1.37241 0.397819 0)
(-1.41981 -0.263092 0)
(-1.61082 -0.451418 0)
(-1.48035 0.519335 0)
(-1.29013 -0.329581 0)
(-1.82012 0.300613 0)
(-2.02001 0.356411 0)
(-1.16894 -0.0810456 0)
(-2.25425 0.0916934 0)
(-2.69805 0.180831 0)
(-2.19084 -0.177415 0)
(-2.06489 0.294335 0)
(-2.46024 -0.164766 0)
(-2.34503 0.38104 0)
(-2.25467 0.0507843 0)
(-2.77662 0.135534 0)
(-1.33685 -0.345305 0)
(-2.03654 0.372878 0)
(-1.20702 -0.0898263 0)
(-1.83285 0.310203 0)
(-1.17656 0.413233 0)
(-1.71557 -0.164263 0)
(-1.14417 0.260895 0)
(-1.93603 -0.26011 0)
(-1.684 -0.177792 0)
(-1.18712 0.424593 0)
(-1.90037 -0.280364 0)
(-1.14828 0.278633 0)
(-1.40689 0.401514 0)
(-1.59816 -0.460477 0)
(-1.52135 0.521595 0)
(-1.40677 -0.261893 0)
(-1.31038 0.0279809 0)
(-2.24092 0.275323 0)
(-1.41687 -0.261722 0)
(-1.98556 0.226055 0)
(-1.67332 0.368043 0)
(-1.83422 0.438064 0)
(-1.15433 -0.183476 0)
(-1.30066 -0.414631 0)
(-2.43617 0.478733 0)
(-2.76873 -0.10173 0)
(-2.3263 -0.119491 0)
(-2.84626 0.189485 0)
(-1.70391 0.353652 0)
(-1.14314 -0.169693 0)
(-1.87243 0.418691 0)
(-1.28179 -0.405233 0)
(-1.81656 -0.382679 0)
(-1.29361 0.351716 0)
(-1.59892 -0.230883 0)
(-1.376 0.49631 0)
(-1.79699 0.501165 0)
(-1.64262 0.388719 0)
(-1.58239 -0.450243 0)
(-1.38807 -0.208285 0)
(-1.75077 -0.363646 0)
(-1.18517 0.344357 0)
(-1.25118 0.472569 0)
(-1.55044 -0.233945 0)
(-2.05133 0.0236019 0)
(-1.02705 0.191388 0)
(-1.82927 0.0412445 0)
(-1.06163 -0.0185112 0)
(-1.02861 0.169834 0)
(-2.06247 0.0594081 0)
(-1.07053 -0.0466188 0)
(-1.83969 0.0689097 0)
(-2.12759 -0.133929 0)
(-1.87569 -0.0698968 0)
(-1.21534 0.119781 0)
(-1.21944 0.327809 0)
(-1.68115 -0.402694 0)
(-1.48806 -0.25353 0)
(-1.31975 0.498146 0)
(-1.23838 0.373342 0)
(-1.83139 0.114769 0)
(-1.06672 -0.117607 0)
(-1.01207 0.10657 0)
(-2.04854 0.118151 0)
(-1.07118 -0.0952997 0)
(-2.06213 0.0954009 0)
(-1.02195 0.127904 0)
(-1.84115 0.0968177 0)
(-2.3295 0.121055 0)
(-2.04179 0.114434 0)
(-1.34318 0.161477 0)
(-1.40157 -0.130778 0)
(-1.7059 -0.423403 0)
(-1.49827 -0.148793 0)
(-2.00893 0.493905 0)
(-1.81386 0.363711 0)
(-2.08851 0.20112 0)
(-1.9324 0.0399791 0)
(-2.25633 -0.319246 0)
(-2.36856 0.451843 0)
(-1.3746 0.326101 0)
(-1.93209 -0.368501 0)
(-1.46125 0.493229 0)
(-1.6909 -0.209502 0)
(-1.65061 0.370768 0)
(-1.80671 0.438985 0)
(-1.28089 -0.420809 0)
(-1.13728 -0.193161 0)
(-1.81138 0.0381238 0)
(-2.02917 0.0205708 0)
(-1.03676 -0.00882837 0)
(-1.00299 0.195219 0)
(-2.12527 0.193273 0)
(-2.43135 0.438614 0)
(-1.94142 0.0663601 0)
(-2.25534 -0.317163 0)
(-1.37806 0.313809 0)
(-1.9778 -0.354066 0)
(-1.46118 0.489907 0)
(-1.72771 -0.199575 0)
(-1.75335 -0.418975 0)
(-1.5423 -0.245822 0)
(-1.45255 0.513778 0)
(-1.35443 0.375124 0)
(-2.50978 -0.153154 0)
(-1.87919 0.422174 0)
(-2.11231 -0.0248226 0)
(-1.80038 0.0819901 0)
(-2.1528 0.429396 0)
(-1.64113 -0.383325 0)
(-1.92335 0.321289 0)
(-1.46279 -0.0865479 0)
(-2.59801 0.383748 0)
(-2.72418 -0.0761157 0)
(-2.16786 0.180529 0)
(-2.37118 -0.107522 0)
(-2.07891 0.216967 0)
(-1.1612 -0.208651 0)
(-1.08329 0.0341488 0)
(-1.8592 0.192893 0)
(-1.37595 0.0781411 0)
(-2.27891 -0.106411 0)
(-1.38496 0.330255 0)
(-1.98579 -0.0416042 0)
(-1.11239 0.0912953 0)
(-1.89174 0.145711 0)
(-1.17734 -0.152799 0)
(-2.12318 0.157681 0)
(-1.72338 -0.430232 0)
(-1.51287 -0.158803 0)
(-1.97993 0.495794 0)
(-1.79074 0.363522 0)
(-1.13947 0.114295 0)
(-1.91263 0.127218 0)
(-1.19979 -0.132615 0)
(-2.1511 0.134401 0)
(-2.04791 -0.01469 0)
(-1.48057 0.319417 0)
(-1.47457 0.0389725 0)
(-2.36396 -0.0734975 0)
(-2.10038 0.480589 0)
(-1.57637 -0.112673 0)
(-1.88528 0.338864 0)
(-1.79365 -0.406965 0)
(-1.3578 -0.363514 0)
(-1.22212 -0.106957 0)
(-2.02035 0.38369 0)
(-1.82086 0.317737 0)
(-1.96152 0.146557 0)
(-2.57294 0.339342 0)
(-2.2082 -0.282144 0)
(-2.20913 0.145999 0)
(-2.53553 -0.207964 0)
(-2.09791 0.145024 0)
(-2.48949 0.42902 0)
(-2.19986 0.0642609 0)
(-2.15245 0.105741 0)
(-1.13943 0.13755 0)
(-1.19263 -0.105625 0)
(-1.91248 0.106222 0)
(-2.5559 0.366194 0)
(-2.03355 0.130806 0)
(-2.32978 -0.296201 0)
(-2.19878 0.125526 0)
(-1.18594 -0.231792 0)
(-1.62339 0.484694 0)
(-1.50004 0.40274 0)
(-1.35642 -0.449845 0)
(-1.05379 -0.0827048 0)
(-1.94295 0.333858 0)
(-1.15772 -0.310194 0)
(-1.75616 0.290344 0)
(-1.06375 -0.0978929 0)
(-1.93977 0.351045 0)
(-1.75469 0.304563 0)
(-1.17341 -0.328471 0)
(-2.01696 0.191142 0)
(-1.07985 -0.185078 0)
(-1.01062 0.0463248 0)
(-1.80913 0.173489 0)
(-2.03123 0.170518 0)
(-1.00916 0.0639737 0)
(-1.81952 0.156719 0)
(-1.07362 -0.166697 0)
(-1.09459 -0.171143 0)
(-1.69043 0.360097 0)
(-1.22621 -0.401326 0)
(-1.85603 0.421327 0)
(-2.02432 -0.265462 0)
(-2.20485 0.176909 0)
(-2.5646 0.304696 0)
(-1.84626 0.146635 0)
(-1.94702 -0.115484 0)
(-1.01137 0.108915 0)
(-1.74074 -0.0697718 0)
(-1.00379 0.279812 0)
(-0.982613 0.150165 0)
(-2.03797 0.0722597 0)
(-1.02576 -0.0639486 0)
(-1.8219 0.078269 0)
(-1.47398 0.514654 0)
(-1.57609 -0.233654 0)
(-1.37586 0.368612 0)
(-1.79586 -0.407054 0)
(-1.95474 0.472613 0)
(-2.03385 -0.0637606 0)
(-1.82338 0.161069 0)
(-2.42426 -0.258926 0)
(-2.19623 0.0568989 0)
(-2.1767 -0.0612699 0)
(-2.31623 0.378632 0)
(-2.69838 -0.118169 0)
(-1.79456 0.0587848 0)
(-2.0067 0.047025 0)
(-1.00507 -0.020473 0)
(-0.965846 0.181694 0)
(-1.79953 0.425113 0)
(-1.09734 -0.196551 0)
(-1.23192 -0.422 0)
(-1.6435 0.363583 0)
(-2.57874 -0.195573 0)
(-2.11369 0.148722 0)
(-2.50175 0.422795 0)
(-2.21468 0.0304622 0)
(-2.65468 0.271949 0)
(-2.23094 -0.237263 0)
(-2.24599 0.110654 0)
(-2.02659 0.222923 0)
(-2.17237 0.391019 0)
(-1.9387 0.303332 0)
(-1.54984 -0.352024 0)
(-1.39528 -0.0607573 0)
(-1.36967 0.478089 0)
(-1.67543 -0.20865 0)
(-1.29673 0.319905 0)
(-1.90648 -0.350366 0)
(-2.04974 0.265942 0)
(-1.0889 -0.0117291 0)
(-1.17869 -0.253648 0)
(-1.83732 0.232779 0)
(-2.07083 0.191866 0)
(-1.06165 0.0454503 0)
(-1.1322 -0.1948 0)
(-1.85202 0.173388 0)
(-1.41443 0.49156 0)
(-1.66463 -0.214752 0)
(-1.33257 0.33245 0)
(-1.89763 -0.367064 0)
(-1.71058 -0.189958 0)
(-1.29127 0.450028 0)
(-1.94173 -0.311291 0)
(-1.23618 0.289679 0)
(-2.2024 0.130494 0)
(-2.78214 -0.00320892 0)
(-2.47512 -0.131377 0)
(-2.58704 0.412564 0)
(-2.02422 0.516427 0)
(-1.79653 -0.114648 0)
(-1.83475 0.303153 0)
(-2.09209 -0.387013 0)
(-2.06435 0.518872 0)
(-1.77699 -0.109525 0)
(-1.86318 0.308768 0)
(-2.06915 -0.393475 0)
(-1.76591 0.33075 0)
(-1.14822 -0.1271 0)
(-1.95065 0.391299 0)
(-1.27761 -0.368674 0)
(-1.62712 -0.0690257 0)
(-1.84101 -0.387301 0)
(-1.96252 0.305548 0)
(-2.20496 0.44788 0)
(-1.83664 -0.373136 0)
(-1.62931 -0.044584 0)
(-1.99978 0.295771 0)
(-2.25588 0.434233 0)
(-1.15136 -0.014025 0)
(-2.1304 0.0102208 0)
(-1.88966 0.0327014 0)
(-1.12042 0.211552 0)
(-2.17799 -0.238274 0)
(-1.39243 0.202439 0)
(-1.44273 0.423646 0)
(-1.89355 -0.123672 0)
(-1.29003 -0.225679 0)
(-1.71091 0.496081 0)
(-1.57154 0.39873 0)
(-1.47507 -0.456952 0)
(-1.9563 -0.412237 0)
(-1.85536 0.3271 0)
(-1.69673 -0.125253 0)
(-2.05909 0.506875 0)
(-1.18149 -0.0280892 0)
(-1.91214 0.0445648 0)
(-2.15978 0.024843 0)
(-1.14856 0.205963 0)
(-1.903 -0.0393854 0)
(-2.15834 -0.0916393 0)
(-1.22055 0.0712379 0)
(-1.21596 0.291725 0)
(-1.90004 -0.0507249 0)
(-2.15768 -0.108305 0)
(-1.22957 0.313004 0)
(-1.23057 0.0947874 0)
(-1.59934 -0.197125 0)
(-1.80096 0.526862 0)
(-1.64879 0.368771 0)
(-1.83808 -0.434548 0)
(-2.04417 -0.12842 0)
(-1.11311 0.120251 0)
(-1.10926 0.309728 0)
(-1.81454 -0.0734706 0)
(-1.73073 0.362874 0)
(-1.90601 0.444064 0)
(-1.40169 -0.414139 0)
(-1.24447 -0.167971 0)
(-1.12041 0.0679009 0)
(-2.07836 -0.0727001 0)
(-1.10509 0.271411 0)
(-1.84383 -0.0309595 0)
(-1.76332 0.355184 0)
(-1.41946 -0.409076 0)
(-1.2626 -0.155891 0)
(-1.94668 0.436895 0)
(-1.69491 0.382844 0)
(-1.36435 -0.187563 0)
(-1.55272 -0.435962 0)
(-1.86037 0.489613 0)
(-1.22281 -0.412496 0)
(-1.81556 0.433178 0)
(-1.08829 -0.187003 0)
(-1.65678 0.370128 0)
(-1.68136 0.382585 0)
(-1.3866 -0.197384 0)
(-1.84477 0.493461 0)
(-1.57924 -0.445497 0)
(-1.80308 0.0605249 0)
(-2.01597 0.050129 0)
(-0.964252 0.166113 0)
(-1.00252 -0.0409372 0)
(-2.09294 0.017768 0)
(-1.55387 0.305293 0)
(-1.55735 -0.000840679 0)
(-2.42851 -0.027149 0)
(-1.56991 0.284735 0)
(-2.45797 0.00355879 0)
(-2.11605 0.0369173 0)
(-1.58395 -0.0347493 0)
(-2.88114 0.853025 0)
(-3.25087 0.170169 0)
(-2.99525 -0.0607391 0)
(-2.37028 -0.413523 0)
(-1.78723 0.477991 0)
(-1.43948 -0.443632 0)
(-1.63469 0.387515 0)
(-1.26569 -0.20737 0)
(-2.19275 0.231397 0)
(-2.64077 -0.208469 0)
(-2.81176 0.380678 0)
(-2.82029 0.0472772 0)
(-2.56457 0.635246 0)
(-2.27982 -0.0968276 0)
(-2.80792 0.0048061 0)
(-2.86084 0.118291 0)
(-1.9949 -0.406286 0)
(-1.83599 0.328176 0)
(-1.72339 -0.126186 0)
(-2.03229 0.518657 0)
(-1.26701 -0.235239 0)
(-1.1779 0.0257558 0)
(-1.91309 0.210487 0)
(-2.14582 0.24397 0)
(-1.27821 -0.218075 0)
(-1.19326 0.0479782 0)
(-1.93608 0.195424 0)
(-2.17758 0.224815 0)
(-1.32114 0.288298 0)
(-1.32722 0.0386946 0)
(-2.25892 -0.0625262 0)
(-1.97797 -0.0135022 0)
(-1.22997 -0.22714 0)
(-1.5351 0.402356 0)
(-1.66637 0.490654 0)
(-1.40704 -0.450598 0)
(-1.99278 -0.120465 0)
(-1.05695 0.109062 0)
(-1.77598 -0.0711448 0)
(-1.04905 0.289224 0)
(-2.09913 0.0857245 0)
(-2.32079 0.462635 0)
(-2.53782 -0.230007 0)
(-2.08341 0.0515467 0)
(-1.51851 -0.369102 0)
(-2.12478 0.405257 0)
(-1.36218 -0.0860371 0)
(-1.90173 0.317638 0)
(-1.52012 0.52432 0)
(-1.51032 -0.245726 0)
(-1.41062 0.387819 0)
(-1.72 -0.435063 0)
(-2.10415 0.440765 0)
(-3.38212 0.286893 0)
(-3.15764 -0.421999 0)
(-2.84454 0.221135 0)
(-1.89138 -0.0640601 0)
(-2.22298 -0.353162 0)
(-2.14379 0.500619 0)
(-1.93322 0.250307 0)
(-2.17735 0.259382 0)
(-2.59366 -0.200827 0)
(-2.79703 0.0239374 0)
(-2.81902 0.371716 0)
(-2.27203 1.47831 0)
(-3.93316 0.108318 0)
(-2.98133 -1.10483 0)
(-3.14748 0.763644 0)
(-1.65419 0.485647 0)
(-1.20054 -0.227085 0)
(-1.37265 -0.447123 0)
(-1.52549 0.402004 0)
(-1.0937 0.249188 0)
(-1.70974 -0.166392 0)
(-1.11749 0.394498 0)
(-1.92229 -0.254094 0)
(-1.84324 0.523736 0)
(-1.84586 -0.144474 0)
(-2.15748 -0.364445 0)
(-1.70026 0.294239 0)
(-1.24817 -0.276506 0)
(-1.86788 0.247141 0)
(-2.08614 0.287982 0)
(-1.14847 -0.0229215 0)
(-1.76101 -0.0643951 0)
(-1.9727 -0.110073 0)
(-1.0318 0.099811 0)
(-1.02223 0.277477 0)
(-1.88692 -0.273572 0)
(-1.6778 -0.181648 0)
(-1.11116 0.409921 0)
(-1.0823 0.269659 0)
(-1.35361 -0.267891 0)
(-1.50345 0.530811 0)
(-1.39098 0.41588 0)
(-1.53968 -0.467304 0)
(-1.54199 -0.466336 0)
(-1.4593 0.533097 0)
(-1.35671 -0.276431 0)
(-1.35194 0.417655 0)
(-1.83548 -0.138146 0)
(-1.90535 0.526439 0)
(-1.74626 0.297458 0)
(-2.14745 -0.376385 0)
(-1.13072 -0.34225 0)
(-1.69227 0.327754 0)
(-1.85808 0.375679 0)
(-1.01902 -0.123429 0)
(-1.38803 0.385598 0)
(-1.91535 -0.104813 0)
(-2.19617 -0.201943 0)
(-1.35291 0.160524 0)
(-1.76992 -0.437585 0)
(-1.83597 0.527142 0)
(-1.543 -0.191692 0)
(-1.67595 0.380868 0)
(-1.7726 0.12948 0)
(-0.948448 0.0733765 0)
(-1.97473 0.1358 0)
(-1.00251 -0.142911 0)
(-1.44512 -0.152831 0)
(-1.63875 -0.42205 0)
(-1.79677 0.362033 0)
(-1.98741 0.478862 0)
(-2.5969 0.23446 0)
(-1.85036 0.168765 0)
(-2.21747 0.144576 0)
(-1.98405 -0.247942 0)
(-2.28193 0.081553 0)
(-1.28357 0.178429 0)
(-2.00541 0.0876164 0)
(-1.32888 -0.0951975 0)
(-1.60933 0.400203 0)
(-2.03621 -0.0603251 0)
(-2.37475 -0.161792 0)
(-1.56342 0.116387 0)
(-2.59349 0.215636 0)
(-2.21574 0.139219 0)
(-1.82641 0.189196 0)
(-1.94572 -0.219282 0)
(-2.11346 0.386625 0)
(-1.32542 -0.075547 0)
(-1.47097 -0.352413 0)
(-1.89417 0.308189 0)
(-1.55441 -0.0662483 0)
(-1.52555 0.251301 0)
(-2.10724 0.0575238 0)
(-2.4384 0.038261 0)
(-1.17795 0.360499 0)
(-1.48737 -0.247431 0)
(-1.24761 0.480548 0)
(-1.67553 -0.380799 0)
(-2.27307 0.381292 0)
(-2.33169 -0.0481853 0)
(-2.62436 -0.140004 0)
(-2.78896 0.269099 0)
(-1.75098 -0.40913 0)
(-1.5416 -0.244611 0)
(-1.41264 0.50986 0)
(-1.32079 0.372283 0)
(-1.68451 0.520457 0)
(-1.5481 0.392327 0)
(-1.665 -0.456895 0)
(-1.45902 -0.231836 0)
(-1.82041 -0.127459 0)
(-1.23459 0.206407 0)
(-2.0683 -0.219702 0)
(-1.26239 0.394852 0)
(-0.98805 0.0422461 0)
(-1.749 -0.00813632 0)
(-1.95515 -0.0362516 0)
(-0.96631 0.226068 0)
(-1.27278 -0.431826 0)
(-1.12304 -0.215739 0)
(-1.69406 0.45735 0)
(-1.56006 0.38838 0)
(-1.13137 -0.332229 0)
(-1.71187 0.310251 0)
(-1.88547 0.356193 0)
(-1.02477 -0.111422 0)
(-2.38736 -0.820933 0)
(-2.92243 1.38023 0)
(-3.45084 0.582998 0)
(-3.11527 -0.302291 0)
(-1.78116 0.14858 0)
(-0.966754 0.0681059 0)
(-1.98406 0.159547 0)
(-1.02327 -0.154924 0)
(-1.58799 -0.457994 0)
(-1.39294 -0.242168 0)
(-1.48476 0.40424 0)
(-1.60972 0.522566 0)
(-1.18305 0.379835 0)
(-1.77329 -0.13904 0)
(-2.00216 -0.225026 0)
(-1.16035 0.211007 0)
(-1.30072 0.203488 0)
(-1.85673 -0.12716 0)
(-1.33792 0.407516 0)
(-2.12122 -0.227789 0)
(-1.66222 -0.176524 0)
(-1.12024 0.422393 0)
(-1.87123 -0.269401 0)
(-1.09035 0.283557 0)
(-1.36806 -0.281669 0)
(-1.44718 0.518289 0)
(-1.54965 -0.468912 0)
(-1.34026 0.404892 0)
(-1.65743 -0.209537 0)
(-1.3294 0.474804 0)
(-1.8825 -0.344956 0)
(-1.26127 0.322837 0)
(-1.73911 0.525817 0)
(-1.51863 -0.218725 0)
(-1.59473 0.385515 0)
(-1.73841 -0.449972 0)
(-1.11045 -0.103955 0)
(-1.05738 0.127499 0)
(-2.09724 0.109511 0)
(-1.86937 0.107903 0)
(-1.65255 -0.131984 0)
(-3.883 0.839838 0)
(-2.55884 -0.0544546 0)
(-4.00006 -0.0759558 0)
(-1.34422 0.400183 0)
(-1.40574 -0.270645 0)
(-1.59326 -0.453989 0)
(-1.44889 0.518951 0)
(-1.6431 0.416838 0)
(-2.02494 -0.0741379 0)
(-2.36723 -0.189652 0)
(-1.58468 0.134446 0)
(-1.73724 -0.193295 0)
(-1.34032 0.298277 0)
(-1.41415 0.472832 0)
(-1.98401 -0.336136 0)
(-1.85106 0.413353 0)
(-1.68596 0.356687 0)
(-1.19433 -0.397655 0)
(-1.06743 -0.169246 0)
(-1.66239 -0.184992 0)
(-1.87371 -0.286876 0)
(-1.12779 0.289506 0)
(-1.16614 0.429666 0)
(-1.80886 0.0900697 0)
(-2.02201 0.0863733 0)
(-0.959667 0.13694 0)
(-1.00599 -0.0756033 0)
(-1.61339 0.355137 0)
(-1.9293 -0.419655 0)
(-1.67306 -0.196732 0)
(-1.7536 0.530954 0)
(-1.55874 0.522473 0)
(-1.44963 0.367373 0)
(-1.6056 -0.223762 0)
(-1.83686 -0.411257 0)
(-1.60715 0.346438 0)
(-1.97858 -0.403756 0)
(-1.71162 -0.188478 0)
(-1.74198 0.532252 0)
(-1.88173 0.143139 0)
(-1.08118 0.0895348 0)
(-1.14496 -0.151793 0)
(-2.1103 0.153964 0)
(-1.75531 0.504201 0)
(-3.68115 -0.479402 0)
(-2.62683 0.319781 0)
(-3.84208 0.358892 0)
(-4.00308 -0.52919 0)
(-1.56841 0.318142 0)
(-2.51414 0.203912 0)
(-4.08189 0.37708 0)
(-2.26982 0.200305 0)
(-2.00378 0.172843 0)
(-1.29328 0.0851561 0)
(-1.3748 -0.202088 0)
(-2.4046 0.333999 0)
(-1.77437 -0.308671 0)
(-1.61805 0.0446893 0)
(-2.10347 0.234927 0)
(-2.05628 -0.39155 0)
(-1.81344 0.52091 0)
(-1.77225 -0.166576 0)
(-1.66842 0.318765 0)
(-2.52594 -1.18242 0)
(-2.86037 1.54283 0)
(-3.51384 0.725404 0)
(-3.2515 -0.556725 0)
(-1.85124 -0.292349 0)
(-2.13501 0.213758 0)
(-2.45173 0.318756 0)
(-1.69162 0.0762431 0)
(-1.69339 0.168587 0)
(-1.79268 0.458097 0)
(-2.01457 -0.089647 0)
(-2.37704 -0.251737 0)
(-1.22966 -0.23457 0)
(-1.45198 0.410552 0)
(-1.56547 0.501669 0)
(-1.40366 -0.457465 0)
(-1.92881 -0.164671 0)
(-1.03081 0.151793 0)
(-1.02882 0.309509 0)
(-1.72612 -0.105999 0)
(-2.07029 -0.0253762 0)
(-1.58763 0.360888 0)
(-1.56401 0.0648556 0)
(-2.41017 -0.100482 0)
(-2.06588 -0.0407325 0)
(-1.62973 0.385989 0)
(-1.59208 0.0890319 0)
(-2.41296 -0.131808 0)
(-1.87975 0.189804 0)
(-2.10547 0.214328 0)
(-1.11364 0.0404053 0)
(-1.19236 -0.208054 0)
(-2.01144 -0.399674 0)
(-1.80347 0.528792 0)
(-1.73686 -0.174105 0)
(-1.6588 0.335551 0)
(-1.8866 0.211152 0)
(-2.11255 0.24222 0)
(-1.22446 -0.233844 0)
(-1.13779 0.0191368 0)
(-2.0309 -0.353192 0)
(-2.07088 0.248103 0)
(-1.78914 0.0079153 0)
(-2.3579 0.423322 0)
(-1.75142 0.330979 0)
(-1.72509 -0.155913 0)
(-1.9237 0.522265 0)
(-1.99894 -0.411712 0)
(-1.97319 0.424533 0)
(-1.25127 -0.137633 0)
(-1.40242 -0.392318 0)
(-1.78488 0.346634 0)
(-1.44353 -0.460498 0)
(-1.5158 0.402136 0)
(-1.64363 0.495117 0)
(-1.2595 -0.234651 0)
(-1.77351 -0.0881924 0)
(-1.06914 0.313027 0)
(-1.07223 0.138466 0)
(-1.99111 -0.14394 0)
(-1.24698 -0.292743 0)
(-1.84019 0.265565 0)
(-1.14103 -0.0445305 0)
(-2.04884 0.309711 0)
(-2.34688 0.0691744 0)
(-2.05016 0.0790078 0)
(-1.37161 0.201993 0)
(-1.41294 -0.0875802 0)
(-1.96673 -0.369325 0)
(-2.04117 0.273557 0)
(-1.73215 -0.0201576 0)
(-2.31561 0.439379 0)
(-1.47969 0.400392 0)
(-1.42135 -0.245731 0)
(-1.61921 -0.459608 0)
(-1.60456 0.523113 0)
(-1.20834 0.397627 0)
(-1.77103 -0.144742 0)
(-2.00333 -0.236785 0)
(-1.18044 0.227649 0)
(-1.72201 0.337456 0)
(-1.19259 -0.355322 0)
(-1.89496 0.39094 0)
(-1.07131 -0.126718 0)
(-1.767 0.318422 0)
(-1.76855 -0.144011 0)
(-1.9394 0.523894 0)
(-2.05668 -0.398627 0)
(-1.81901 0.117685 0)
(-0.991955 0.0969927 0)
(-2.03302 0.121709 0)
(-1.04639 -0.124918 0)
(-2.1349 0.485809 0)
(-1.66679 -0.101243 0)
(-1.90847 -0.405658 0)
(-1.91147 0.320614 0)
(-1.70484 -0.104128 0)
(-1.90118 0.318493 0)
(-1.96122 -0.404228 0)
(-2.11924 0.496839 0)
(-1.59385 -0.238831 0)
(-1.48565 0.0928492 0)
(-2.09539 0.195046 0)
(-2.39504 0.249806 0)
(-1.4443 -0.46354 0)
(-1.47845 0.407769 0)
(-1.59807 0.502231 0)
(-1.2591 -0.236768 0)
(-1.89713 0.441955 0)
(-2.07452 -0.0518202 0)
(-2.47187 -0.213572 0)
(-1.79334 0.116681 0)
(-1.75268 -0.106345 0)
(-1.06105 0.321477 0)
(-1.96414 -0.167102 0)
(-1.05991 0.156741 0)
(-2.29386 0.146335 0)
(-2.01867 0.13284 0)
(-1.37106 -0.15453 0)
(-1.30624 0.131658 0)
(-2.29884 0.178783 0)
(-2.02459 0.156243 0)
(-1.3961 -0.176689 0)
(-1.3207 0.115153 0)
(-2.06157 0.0854513 0)
(-2.09288 0.0230918 0)
(-2.24798 0.460333 0)
(-2.54454 -0.219692 0)
(-2.34348 0.0341837 0)
(-2.04553 0.055482 0)
(-1.37352 0.224441 0)
(-1.40381 -0.0610625 0)
(-1.45723 0.10922 0)
(-2.0888 0.173934 0)
(-2.38896 0.216718 0)
(-1.55167 -0.215353 0)
(-2.17554 0.0509029 0)
(-2.57639 -0.197844 0)
(-2.10324 0.101186 0)
(-2.42026 0.449778 0)
(-1.57834 0.148043 0)
(-2.47574 0.209855 0)
(-2.14415 0.160965 0)
(-1.67589 -0.20632 0)
(-1.56114 -0.190974 0)
(-2.41836 0.186259 0)
(-2.10593 0.152674 0)
(-1.47759 0.138214 0)
(-1.95702 0.219888 0)
(-2.20204 0.262334 0)
(-1.3647 -0.254554 0)
(-1.26474 0.0232632 0)
(-2.19077 0.105166 0)
(-2.31447 -0.082237 0)
(-2.47364 0.403194 0)
(-2.73319 -0.0803615 0)
(-2.01521 -0.0109695 0)
(-1.00288 0.215611 0)
(-1.03073 0.0175993 0)
(-1.79836 0.0132122 0)
(-1.62108 0.380962 0)
(-1.29912 -0.429069 0)
(-1.76992 0.452312 0)
(-1.14866 -0.203663 0)
(-1.17908 -0.161907 0)
(-1.73298 0.353403 0)
(-1.90889 0.423218 0)
(-1.32213 -0.404195 0)
(-1.10768 -0.0492922 0)
(-1.06688 0.17494 0)
(-2.10075 0.0564854 0)
(-1.86924 0.0671678 0)
(-2.34657 0.365939 0)
(-2.06345 0.258377 0)
(-1.75997 -0.331212 0)
(-1.59192 0.00982417 0)
(-1.71139 0.376207 0)
(-1.88143 0.470624 0)
(-1.47878 -0.430529 0)
(-1.30494 -0.182551 0)
(-2.05629 0.264573 0)
(-2.34035 0.384355 0)
(-1.8068 -0.352001 0)
(-1.62424 -0.00482777 0)
(-1.89861 -0.00671918 0)
(-2.14742 -0.0441551 0)
(-1.16487 0.256762 0)
(-1.1832 0.0333532 0)
(-1.19835 -0.0486621 0)
(-2.0959 0.324935 0)
(-1.87774 0.272778 0)
(-1.31207 -0.310229 0)
(-1.57103 0.0562388 0)
(-1.70851 -0.288198 0)
(-2.39741 0.303977 0)
(-2.09844 0.222139 0)
(-3.85458 0.380252 0)
(-1.93492 -0.780657 0)
(-2.77057 -0.433301 0)
(-3.4658 1.2735 0)
(-1.51538 -0.459041 0)
(-1.50887 0.406413 0)
(-1.63572 0.512639 0)
(-1.32477 -0.234616 0)
(-1.10849 0.31863 0)
(-1.77058 -0.315826 0)
(-1.15158 0.438125 0)
(-1.57196 -0.207523 0)
(-1.23066 -0.232682 0)
(-1.41005 0.410334 0)
(-1.51322 0.500483 0)
(-1.42562 -0.462947 0)
(-1.78264 -0.114597 0)
(-1.12554 0.340987 0)
(-1.1179 0.168385 0)
(-2.00652 -0.184418 0)
(-1.90327 -0.195076 0)
(-1.02448 0.173903 0)
(-1.70763 -0.130684 0)
(-1.02916 0.322018 0)
(-1.40024 -0.26875 0)
(-1.33949 0.496807 0)
(-1.25128 0.384101 0)
(-1.579 -0.42855 0)
(-1.18824 -0.0570595 0)
(-1.91719 0.0623456 0)
(-1.14947 0.181263 0)
(-2.16383 0.0480847 0)
(-2.37706 -0.00461989 0)
(-2.06302 0.0284805 0)
(-1.4527 -0.0119677 0)
(-1.43518 0.27859 0)
(-1.87674 -0.263252 0)
(-1.67237 -0.17612 0)
(-1.05955 0.263117 0)
(-1.08378 0.397012 0)
(-1.54233 0.387132 0)
(-1.56141 -0.2241 0)
(-1.79142 -0.440085 0)
(-1.67407 0.538743 0)
(-1.51076 -0.468272 0)
(-1.34455 0.417921 0)
(-1.32975 -0.277706 0)
(-1.4523 0.530491 0)
(-1.94667 0.487003 0)
(-1.99958 -0.0778946 0)
(-2.37472 -0.28393 0)
(-1.80745 0.191834 0)
(-1.3752 0.439439 0)
(-2.08164 -0.281564 0)
(-1.31947 0.244447 0)
(-1.81978 -0.160215 0)
(-2.45336 -0.262933 0)
(-2.1145 0.132195 0)
(-2.37408 0.463543 0)
(-2.04628 0.0650369 0)
(-2.25696 -0.289885 0)
(-1.9862 0.134994 0)
(-2.195 0.15345 0)
(-2.54829 0.368168 0)
(-1.84966 -0.121718 0)
(-1.95795 0.521061 0)
(-1.78841 0.2883 0)
(-2.16527 -0.369598 0)
(-1.32164 -0.0135752 0)
(-2.21157 0.319119 0)
(-1.44424 -0.30345 0)
(-1.96501 0.257406 0)
(-2.39794 0.0980341 0)
(-1.48461 -0.127502 0)
(-1.43429 0.184544 0)
(-2.08632 0.0973939 0)
(-1.24574 -0.187442 0)
(-2.16684 0.193908 0)
(-1.92663 0.172509 0)
(-1.16971 0.0711689 0)
(-2.2592 0.0874771 0)
(-2.23959 -0.168921 0)
(-2.18118 0.323023 0)
(-2.7412 0.110509 0)
(-1.95296 0.510269 0)
(-1.92016 -0.102775 0)
(-2.2609 -0.333685 0)
(-1.79681 0.251106 0)
(-2.42124 0.120108 0)
(-1.4716 0.179622 0)
(-1.53067 -0.141474 0)
(-2.10384 0.109356 0)
(-2.27296 0.0817141 0)
(-2.30406 -0.161203 0)
(-2.19886 0.334638 0)
(-2.74638 0.151263 0)
(-3.57025 -0.97372 0)
(-1.80269 0.939659 0)
(-2.73599 0.560977 0)
(-3.92129 -0.129538 0)
(-1.40989 -0.0130591 0)
(-2.25696 0.337798 0)
(-1.54637 -0.319716 0)
(-1.99867 0.263092 0)
(-1.37397 0.115586 0)
(-2.04961 0.155977 0)
(-2.33551 0.182543 0)
(-1.45246 -0.186984 0)
(-1.76651 0.0370839 0)
(-0.984938 -0.00257011 0)
(-1.9733 0.0206836 0)
(-0.952186 0.190244 0)
(-1.69564 0.465107 0)
(-1.17339 -0.225222 0)
(-1.3344 -0.446264 0)
(-1.5591 0.389019 0)
(-1.77015 -0.0280026 0)
(-1.00486 0.257849 0)
(-1.98331 -0.0623751 0)
(-1.02419 0.0724768 0)
(-1.09028 -0.202279 0)
(-1.75084 0.434926 0)
(-1.60462 0.372593 0)
(-1.22796 -0.420858 0)
(-1.13323 0.327297 0)
(-1.75684 -0.334547 0)
(-1.56077 -0.218387 0)
(-1.1845 0.450691 0)
(-2.2248 0.061249 0)
(-2.26875 0.401447 0)
(-2.73105 -0.0236796 0)
(-2.20952 -0.0726842 0)
(-1.17285 0.351778 0)
(-1.71335 -0.370533 0)
(-1.23973 0.475042 0)
(-1.51951 -0.240537 0)
(-1.20624 0.371462 0)
(-1.47981 -0.252182 0)
(-1.28186 0.49358 0)
(-1.66962 -0.393879 0)
(-1.22947 0.245352 0)
(-1.27071 0.41855 0)
(-2.00929 -0.265023 0)
(-1.77039 -0.159353 0)
(-1.431 -0.264345 0)
(-1.32613 0.498086 0)
(-1.61436 -0.418721 0)
(-1.24085 0.381428 0)
(-1.83698 0.525826 0)
(-1.80759 -0.438149 0)
(-1.57464 -0.191736 0)
(-1.67622 0.373674 0)
(-1.42164 0.403066 0)
(-1.91565 -0.108877 0)
(-2.20254 -0.212628 0)
(-1.38064 0.17539 0)
(-1.4784 -0.239073 0)
(-1.60322 0.527358 0)
(-1.68616 -0.447345 0)
(-1.48065 0.395004 0)
(-2.07389 0.00987684 0)
(-1.49734 0.302911 0)
(-1.50144 0.00950382 0)
(-2.3963 -0.0368754 0)
(-2.20101 0.46752 0)
(-1.67374 -0.0717147 0)
(-1.90776 -0.390236 0)
(-1.9609 0.307025 0)
(-2.24807 0.460584 0)
(-1.72454 -0.048045 0)
(-1.96887 -0.379857 0)
(-1.99452 0.288871 0)
(-1.30703 -0.169601 0)
(-1.23497 0.101427 0)
(-1.97208 0.153739 0)
(-2.22835 0.170908 0)
(-1.00149 0.065477 0)
(-1.75563 -0.0241295 0)
(-1.96428 -0.0564537 0)
(-0.980938 0.248061 0)
(-1.14809 -0.225656 0)
(-1.68206 0.464961 0)
(-1.30565 -0.442848 0)
(-1.54759 0.392183 0)
(-1.88181 -0.418788 0)
(-1.6565 0.528416 0)
(-1.53234 0.363128 0)
(-1.63756 -0.213719 0)
(-1.58461 -0.0913391 0)
(-2.16096 0.460596 0)
(-1.93088 0.323282 0)
(-1.79474 -0.397629 0)
(-1.3908 0.273184 0)
(-1.46366 0.467338 0)
(-2.06637 -0.312959 0)
(-1.80076 -0.171262 0)
(-1.90584 0.334533 0)
(-1.91693 -0.067086 0)
(-2.62402 0.0259879 0)
(-2.20346 0.053319 0)
(-1.9515 -0.0419679 0)
(-1.96496 0.368899 0)
(-2.64178 -0.00454843 0)
(-2.20521 0.0461247 0)
(-2.0988 -0.00182788 0)
(-1.61062 0.340466 0)
(-1.59789 0.031229 0)
(-2.4454 -0.0637189 0)
(-1.66482 0.0218338 0)
(-1.68247 0.347597 0)
(-2.48361 -0.0609324 0)
(-2.12031 0.00325632 0)
(-2.3077 -0.775834 0)
(-3.56605 0.430613 0)
(-3.02627 -0.341524 0)
(-3.11302 1.2158 0)
(-2.43968 -0.150792 0)
(-2.17291 0.270347 0)
(-2.75342 -0.0475515 0)
(-2.72927 0.36906 0)
(-1.45482 0.33979 0)
(-1.55696 0.513986 0)
(-1.94785 -0.38386 0)
(-1.69706 -0.206132 0)
(-1.66273 -0.0407617 0)
(-2.49937 0.00822261 0)
(-1.65015 0.296429 0)
(-2.13981 0.0410013 0)
(-1.70292 0.374137 0)
(-1.87099 0.462081 0)
(-1.43772 -0.428261 0)
(-1.27053 -0.183529 0)
(-2.53667 -0.210386 0)
(-1.93078 0.0876885 0)
(-2.06713 0.446933 0)
(-2.10496 -0.0174505 0)
(-2.31117 -0.317218 0)
(-1.98811 0.218129 0)
(-1.94623 -0.0224127 0)
(-2.20707 0.500569 0)
(-2.15471 0.447582 0)
(-1.53011 -0.0978375 0)
(-1.72548 -0.40372 0)
(-1.92346 0.324385 0)
(-2.12617 -0.0282553 0)
(-1.15491 0.0222125 0)
(-1.88364 0.00397597 0)
(-1.13206 0.242163 0)
(-1.57184 0.508191 0)
(-1.47066 0.326387 0)
(-1.72725 -0.195811 0)
(-1.98587 -0.372435 0)
(-2.40209 -0.271913 0)
(-2.09915 0.155438 0)
(-2.35917 0.463905 0)
(-2.01676 0.060396 0)
(-1.21329 0.460323 0)
(-1.5792 -0.218815 0)
(-1.15756 0.331268 0)
(-1.78267 -0.338562 0)
(-1.39692 0.131797 0)
(-1.42672 0.376736 0)
(-1.96383 -0.0795236 0)
(-2.26031 -0.167803 0)
(-1.56411 -0.176337 0)
(-1.92157 0.518209 0)
(-1.74452 0.369207 0)
(-1.79301 -0.438006 0)
(-1.30025 0.396695 0)
(-1.3664 -0.279754 0)
(-1.40079 0.50967 0)
(-1.54448 -0.456026 0)
(-1.455 -0.26347 0)
(-1.35037 0.502546 0)
(-1.64392 -0.422188 0)
(-1.2621 0.381283 0)
(-1.11491 0.424525 0)
(-1.82316 -0.281759 0)
(-1.62308 -0.186317 0)
(-1.08378 0.296375 0)
(-2.33258 -0.0236986 0)
(-2.03252 0.0153542 0)
(-1.39134 0.275246 0)
(-1.40549 0.00135576 0)
(-2.5032 0.488303 0)
(-2.24266 -0.0317852 0)
(-2.81202 0.114374 0)
(-2.67818 -0.116542 0)
(-1.39892 0.137916 0)
(-2.06744 0.140214 0)
(-2.36187 0.162204 0)
(-1.47109 -0.169548 0)
(-1.69583 -0.0740585 0)
(-2.52624 0.0384353 0)
(-1.67156 0.277742 0)
(-2.15857 0.0584181 0)
(-2.06019 0.136766 0)
(-2.45968 -0.261021 0)
(-2.04134 0.0277772 0)
(-2.28222 0.47613 0)
(-1.99668 0.0631824 0)
(-0.945202 0.154196 0)
(-1.79079 0.0706521 0)
(-0.985396 -0.0531284 0)
(-1.80866 0.425692 0)
(-1.65146 0.365745 0)
(-1.06443 -0.183202 0)
(-1.19371 -0.406186 0)
(-1.68332 0.204369 0)
(-2.31595 -0.283405 0)
(-1.9693 -0.1075 0)
(-1.79191 0.474406 0)
(-2.21546 0.103992 0)
(-2.46021 0.405861 0)
(-2.76243 -0.0383066 0)
(-2.34127 -0.0974046 0)
(-2.60568 0.998388 0)
(-3.15646 0.0403953 0)
(-2.52185 -0.506627 0)
(-3.12357 0.320393 0)
(-2.06739 0.214995 0)
(-1.45903 0.0571264 0)
(-1.57682 -0.266055 0)
(-2.35415 0.278379 0)
(-2.31597 -0.299005 0)
(-1.73988 0.219593 0)
(-1.86618 0.49222 0)
(-1.96378 -0.102792 0)
(-1.49995 -0.0684719 0)
(-2.09294 0.0609218 0)
(-2.41376 0.0437808 0)
(-1.46786 0.239243 0)
(-2.50742 0.425969 0)
(-2.4242 -0.251659 0)
(-2.04549 0.141612 0)
(-2.18708 0.116017 0)
(-2.422 -0.280426 0)
(-1.93384 0.172934 0)
(-2.02325 -0.0370967 0)
(-2.11013 0.491311 0)
(-1.42983 -0.250977 0)
(-1.55662 0.522862 0)
(-1.62646 -0.454374 0)
(-1.439 0.399015 0)
(-1.15198 -0.231753 0)
(-1.06891 0.00601807 0)
(-1.83225 0.216707 0)
(-2.04446 0.24578 0)
(-1.46247 -0.245864 0)
(-1.55651 0.528592 0)
(-1.66587 -0.445989 0)
(-1.44018 0.398733 0)
(-2.44932 0.181538 0)
(-1.61248 -0.185301 0)
(-1.52772 0.153464 0)
(-2.12623 0.146287 0)
(-1.73844 -0.159771 0)
(-1.96509 -0.258213 0)
(-1.1755 0.250638 0)
(-1.20942 0.410971 0)
(-1.20317 0.258579 0)
(-1.73923 -0.169947 0)
(-1.24565 0.421359 0)
(-1.96994 -0.276798 0)
(-1.66308 0.50458 0)
(-1.84231 -0.159184 0)
(-2.13913 -0.337305 0)
(-1.55805 0.284691 0)
(-1.71555 0.505003 0)
(-1.84684 -0.158415 0)
(-2.14936 -0.347994 0)
(-1.59973 0.281947 0)
(-1.71661 -0.178265 0)
(-1.25391 0.439158 0)
(-1.94566 -0.289777 0)
(-1.2071 0.280329 0)
(-1.87493 0.573418 0)
(-3.60444 -0.638395 0)
(-3.82453 0.170126 0)
(-2.7311 0.342765 0)
(-1.77491 -0.39353 0)
(-1.56377 -0.23838 0)
(-1.37752 0.501434 0)
(-1.29226 0.362384 0)
(-1.43395 0.252895 0)
(-2.38625 0.0123579 0)
(-2.07169 0.0406562 0)
(-1.45556 -0.0442011 0)
(-1.91593 0.288593 0)
(-1.72812 0.254382 0)
(-1.06987 -0.262768 0)
(-0.983574 -0.0482164 0)
(-2.7045 0.0395094 0)
(-2.12748 -0.102246 0)
(-2.23145 0.0666724 0)
(-2.12341 0.359435 0)
(-1 0.0205116 0)
(-1.76946 0.0117446 0)
(-1.97883 -0.0115225 0)
(-0.973195 0.21117 0)
(-1.73455 0.448656 0)
(-1.12087 -0.207769 0)
(-1.59224 0.380273 0)
(-1.26627 -0.426904 0)
(-1.93804 0.47354 0)
(-1.35971 -0.167266 0)
(-1.54039 -0.426525 0)
(-1.75706 0.37062 0)
(-2.20176 -0.0452445 0)
(-1.93896 -0.00478201 0)
(-1.22843 0.263541 0)
(-1.24379 0.0269136 0)
(-2.80208 -0.535738 0)
(-2.30227 0.750917 0)
(-3.31116 0.173786 0)
(-2.98725 0.267872 0)
(-1.83701 0.286691 0)
(-2.02795 0.516247 0)
(-1.83841 -0.114757 0)
(-2.15132 -0.38653 0)
(-2.20857 -0.365134 0)
(-1.88123 -0.0895817 0)
(-2.07789 0.507683 0)
(-1.88019 0.262961 0)
(-2.36051 0.460935 0)
(-1.9566 0.0392061 0)
(-2.07983 0.188866 0)
(-2.30469 -0.321417 0)
(-1.80675 -0.249598 0)
(-2.16166 0.179985 0)
(-1.68166 0.121732 0)
(-2.49595 0.256523 0)
(-2.70285 -0.525703 0)
(-2.36995 0.807085 0)
(-3.25602 0.121595 0)
(-2.99976 0.250521 0)
(-2.16704 0.192229 0)
(-1.86125 -0.270263 0)
(-2.50208 0.287035 0)
(-1.71588 0.109249 0)
(-2.14055 -0.00274072 0)
(-1.78112 0.0280269 0)
(-2.53411 -0.0920806 0)
(-1.82643 0.374576 0)
(-2.15208 -0.00322139 0)
(-2.00837 0.408048 0)
(-1.91811 0.0360899 0)
(-2.5854 -0.140557 0)
(-1.2929 0.461653 0)
(-1.67131 -0.202243 0)
(-1.89623 -0.329098 0)
(-1.23255 0.309537 0)
(-2.16254 0.0139225 0)
(-2.09007 0.409736 0)
(-1.98829 0.0185852 0)
(-2.61381 -0.131147 0)
(-1.51552 -0.044554 0)
(-1.68747 -0.36512 0)
(-2.25523 0.397895 0)
(-1.99726 0.291895 0)
(-1.08261 -0.0338619 0)
(-1.81614 0.248094 0)
(-2.02226 0.284625 0)
(-1.1766 -0.272083 0)
(-1.27026 0.214003 0)
(-1.82865 -0.133602 0)
(-2.0825 -0.233319 0)
(-1.30559 0.406947 0)
(-1.49606 -0.226129 0)
(-1.69524 0.52297 0)
(-1.7094 -0.450426 0)
(-1.55831 0.387881 0)
(-2.11851 0.230092 0)
(-1.98868 -0.32669 0)
(-1.77756 0.0514077 0)
(-2.42984 0.380685 0)
(-1.51396 0.466926 0)
(-2.14772 -0.287912 0)
(-1.44262 0.250592 0)
(-1.86097 -0.148828 0)
(-1.55922 0.476202 0)
(-2.13536 -0.312604 0)
(-1.47544 0.262472 0)
(-1.84855 -0.159324 0)
(-1.63707 0.266715 0)
(-2.20524 -0.329824 0)
(-1.88589 -0.141709 0)
(-1.75314 0.505833 0)
(-1.93747 0.266233 0)
(-1.74538 0.234691 0)
(-1.07268 -0.247667 0)
(-0.991731 -0.0308175 0)
(-1.40301 0.254224 0)
(-1.84054 -0.153775 0)
(-2.11684 -0.288221 0)
(-1.47007 0.461189 0)
(-2.13592 0.217809 0)
(-1.91009 -0.309813 0)
(-1.73314 0.0668699 0)
(-2.45578 0.338678 0)
(-1.58039 0.36426 0)
(-1.63808 -0.207823 0)
(-1.88486 -0.425597 0)
(-1.71484 0.531182 0)
(-2.38365 -0.27942 0)
(-2.13514 0.15246 0)
(-2.42318 0.452654 0)
(-2.00919 0.0829332 0)
(-1.89253 -0.421828 0)
(-2.00201 0.503941 0)
(-1.81011 0.339075 0)
(-1.64822 -0.146262 0)
(-2.1987 -0.0645549 0)
(-1.25067 0.0512688 0)
(-1.2406 0.284779 0)
(-1.93415 -0.0186842 0)
(-1.5661 -0.435344 0)
(-1.37967 -0.177141 0)
(-1.91805 0.479154 0)
(-1.7406 0.37244 0)
(-1.71368 -0.197413 0)
(-1.36835 0.467611 0)
(-1.95176 -0.333946 0)
(-1.29988 0.301694 0)
(-1.57228 -0.233345 0)
(-1.52432 0.520381 0)
(-1.79425 -0.417642 0)
(-1.41806 0.373191 0)
(-2.09798 -0.0961342 0)
(-3.16931 0.634408 0)
(-2.80403 0.00651299 0)
(-3.2993 -0.0909451 0)
(-2.17914 0.442771 0)
(-1.51737 -0.0796921 0)
(-1.7089 -0.387507 0)
(-1.94221 0.321926 0)
(-1.81822 0.0510048 0)
(-2.13748 -0.0095646 0)
(-2.54101 -0.11598 0)
(-1.87785 0.402816 0)
(-1.53771 0.389979 0)
(-2.32687 -0.159803 0)
(-1.5005 0.123379 0)
(-2.00695 -0.0654364 0)
(-1.51668 0.222768 0)
(-2.22685 -0.273084 0)
(-1.91851 -0.129673 0)
(-1.594 0.461156 0)
(-1.13284 0.306228 0)
(-1.83792 -0.30488 0)
(-1.62959 -0.197421 0)
(-1.17631 0.44044 0)
(-1.60704 -0.443124 0)
(-1.4201 -0.269207 0)
(-1.40938 0.512231 0)
(-1.31085 0.393077 0)
(-1.94313 0.295417 0)
(-2.03051 -0.389694 0)
(-1.75927 -0.0769893 0)
(-2.17412 0.489077 0)
(-2.034 -0.378333 0)
(-1.98999 0.284828 0)
(-2.23896 0.475951 0)
(-1.76828 -0.0489688 0)
(-2.09298 0.458151 0)
(-1.87876 0.338399 0)
(-1.49526 -0.117316 0)
(-1.68895 -0.407025 0)
(-2.5558 -0.0195907 0)
(-1.7941 0.340517 0)
(-2.16485 0.0297171 0)
(-1.78645 -0.0204212 0)
(-2.17541 -0.314117 0)
(-2.14782 0.196006 0)
(-1.90631 0.0820546 0)
(-2.47118 0.402077 0)
(-2.13536 0.0328594 0)
(-2.61811 -0.170788 0)
(-2.31609 0.450311 0)
(-2.12815 0.0568486 0)
(-1.69724 -0.147339 0)
(-1.95738 0.525777 0)
(-1.96443 -0.41117 0)
(-1.77765 0.340571 0)
(-2.49459 0.416245 0)
(-2.16814 0.153691 0)
(-1.9957 0.109784 0)
(-2.32337 -0.291322 0)
(-1.53397 0.156074 0)
(-2.30965 -0.216781 0)
(-1.98392 -0.0944034 0)
(-1.59519 0.418379 0)
(-2.17451 -0.328277 0)
(-1.89395 0.0523996 0)
(-2.1159 0.210538 0)
(-2.42019 0.424809 0)
(-2.12008 -0.0142199 0)
(-1.70535 0.0506299 0)
(-2.49622 -0.0996477 0)
(-1.74248 0.380398 0)
(-3.27758 -0.253398 0)
(-2.00226 0.272065 0)
(-3.36271 0.486895 0)
(-2.75853 0.162805 0)
(-2.71767 -0.615087 0)
(-2.46344 0.987342 0)
(-3.34585 0.0757062 0)
(-3.0895 0.357838 0)
(-2.15112 0.362449 0)
(-1.31999 -0.0515176 0)
(-1.45631 -0.333372 0)
(-1.92174 0.290284 0)
(-2.04896 0.326598 0)
(-1.2791 -0.30714 0)
(-1.84177 0.277296 0)
(-1.16691 -0.0561235 0)
(-2.1032 -0.360082 0)
(-2.29549 0.459553 0)
(-2.0306 0.254704 0)
(-1.82567 -0.0150263 0)
(-2.29236 0.467887 0)
(-2.16907 -0.353032 0)
(-2.03065 0.24188 0)
(-1.8679 -0.0106554 0)
(-1.5228 0.201548 0)
(-2.45215 0.108537 0)
(-2.12228 0.10069 0)
(-1.57808 -0.13012 0)
(-1.55355 0.234216 0)
(-2.47216 0.0744513 0)
(-1.59561 -0.0999209 0)
(-2.13135 0.0795907 0)
(-2.50874 0.0728191 0)
(-1.62198 0.249694 0)
(-1.66292 -0.0986158 0)
(-2.15266 0.0774369 0)
(-2.19441 0.175691 0)
(-1.93628 -0.262909 0)
(-2.54924 0.278908 0)
(-1.78505 0.135734 0)
(-2.54375 0.11002 0)
(-1.65225 0.240957 0)
(-1.70803 -0.126919 0)
(-2.17528 0.0983823 0)
(-1.13817 0.338459 0)
(-1.72045 -0.351477 0)
(-1.19688 0.458561 0)
(-1.52883 -0.231107 0)
(-1.44412 -0.259073 0)
(-1.28661 0.495345 0)
(-1.20796 0.377564 0)
(-1.62743 -0.403986 0)
(-2.56948 -0.0500046 0)
(-1.84544 0.366228 0)
(-1.81906 0.00070056 0)
(-2.16625 0.0182389 0)
(-3.25975 -0.14772 0)
(-2.07296 0.00854098 0)
(-2.78658 0.0361925 0)
(-3.20752 0.569895 0)
(-1.13221 0.0665052 0)
(-1.90194 0.168833 0)
(-2.13495 0.188205 0)
(-1.20497 -0.184329 0)
(-1.31085 -0.442858 0)
(-1.1505 -0.230494 0)
(-1.6355 0.471391 0)
(-1.50874 0.395951 0)
(-1.9375 -0.0843844 0)
(-0.975499 0.261419 0)
(-0.990032 0.0841706 0)
(-1.73292 -0.0465273 0)
(-1.30936 -0.207193 0)
(-1.49127 -0.447556 0)
(-1.80166 0.489685 0)
(-1.64645 0.390642 0)
(-1.14705 0.289752 0)
(-1.86435 -0.0443398 0)
(-1.15571 0.0819034 0)
(-2.10682 -0.0931654 0)
(-1.32771 -0.195884 0)
(-1.50928 -0.441778 0)
(-1.68242 0.382365 0)
(-1.84593 0.482266 0)
(-1.88804 -0.0301102 0)
(-1.17502 0.283397 0)
(-2.1371 -0.0762381 0)
(-1.18624 0.0666499 0)
(-1.80441 -0.2977 0)
(-1.10694 0.306574 0)
(-1.6032 -0.196037 0)
(-1.14668 0.433432 0)
(-1.37829 0.503375 0)
(-1.39461 -0.271478 0)
(-1.57438 -0.440039 0)
(-1.28432 0.38916 0)
(-1.6755 -0.432599 0)
(-1.35099 0.386793 0)
(-1.4768 -0.25488 0)
(-1.45214 0.515128 0)
(-2.10921 0.231785 0)
(-2.0383 -0.336333 0)
(-2.41422 0.402726 0)
(-1.80386 0.0393703 0)
(-2.45694 -0.135129 0)
(-1.70996 0.395504 0)
(-1.66198 0.0813395 0)
(-2.09051 -0.035742 0)
(-2.92187 0.603859 0)
(-2.82881 0.01115 0)
(-2.17079 -0.129378 0)
(-3.08735 -0.0814032 0)
(-1.83867 -0.219684 0)
(-2.18695 0.153259 0)
(-2.5397 0.219098 0)
(-1.72788 0.163101 0)
(-1.32365 -0.169265 0)
(-1.4968 -0.422615 0)
(-1.74202 0.369091 0)
(-1.91907 0.464762 0)
(-1.19318 0.249448 0)
(-1.91926 0.00377064 0)
(-2.17325 -0.0321323 0)
(-1.21315 0.0182329 0)
(-1.41565 0.300619 0)
(-1.41482 0.0337232 0)
(-2.02186 -0.0133559 0)
(-2.32159 -0.0682694 0)
(-1.82099 0.18408 0)
(-1.03433 0.0333151 0)
(-2.03124 0.204642 0)
(-1.10613 -0.200222 0)
(-1.84017 0.14983 0)
(-2.05738 0.162183 0)
(-1.09794 -0.15724 0)
(-1.03324 0.0759702 0)
(-2.25972 0.141503 0)
(-1.99396 0.130922 0)
(-1.32717 -0.147673 0)
(-1.26327 0.127611 0)
(-1.89948 -0.367201 0)
(-1.68519 -0.0202968 0)
(-2.31555 0.427197 0)
(-2.04032 0.278985 0)
(-1.79075 -0.139573 0)
(-1.21579 0.223992 0)
(-1.24627 0.401997 0)
(-2.0305 -0.234311 0)
(-1.6406 -0.220913 0)
(-1.49756 0.512898 0)
(-1.40043 0.353273 0)
(-1.87535 -0.392994 0)
(-1.65427 -0.455906 0)
(-1.45119 -0.238692 0)
(-1.63693 0.520181 0)
(-1.5085 0.393693 0)
(-1.54484 0.514523 0)
(-1.63545 -0.221807 0)
(-1.43932 0.354775 0)
(-1.87134 -0.4044 0)
(-1.3619 0.134263 0)
(-1.38575 0.371086 0)
(-1.94657 -0.0775175 0)
(-2.23337 -0.160337 0)
(-2.61512 0.278026 0)
(-1.94643 0.182783 0)
(-2.23616 0.141182 0)
(-2.12739 -0.245976 0)
(-2.64358 0.224283 0)
(-1.96054 0.211562 0)
(-2.09935 -0.229606 0)
(-2.2443 0.126289 0)
(-1.72268 0.371676 0)
(-1.53281 -0.185615 0)
(-1.89512 0.512173 0)
(-1.75313 -0.443431 0)
(-1.85332 0.348809 0)
(-2.05675 0.47895 0)
(-1.72805 -0.40963 0)
(-1.52205 -0.127698 0)
(-2.80312 0.0660854 0)
(-2.72032 0.462934 0)
(-2.8505 -0.173816 0)
(-2.18954 -0.0384733 0)
(-2.04639 -0.0207229 0)
(-2.66459 -0.0982746 0)
(-2.13678 0.400586 0)
(-2.19014 0.0289744 0)
(-2.02084 -0.0222223 0)
(-2.65998 -0.0664391 0)
(-2.08674 0.398017 0)
(-2.19584 0.0338989 0)
(-1.06625 -0.0666163 0)
(-1.77662 0.280041 0)
(-1.16826 -0.297523 0)
(-1.9698 0.322122 0)
(-1.9102 -0.0766857 0)
(-2.17726 -0.149226 0)
(-1.28786 0.342661 0)
(-1.27486 0.121537 0)
(-1.41436 0.0129556 0)
(-1.54429 -0.296924 0)
(-2.28423 0.320787 0)
(-2.01867 0.250641 0)
(-2.13751 0.11687 0)
(-1.62366 -0.159312 0)
(-2.47273 0.136241 0)
(-1.55695 0.183957 0)
(-1.99703 0.275116 0)
(-1.4508 -0.027132 0)
(-1.59961 -0.336857 0)
(-2.25323 0.360647 0)
(-2.16423 0.110787 0)
(-1.68499 -0.154945 0)
(-2.51618 0.12962 0)
(-1.62057 0.204463 0)
(-1.49703 -0.280281 0)
(-2.27707 0.298319 0)
(-1.37782 0.0232072 0)
(-2.01255 0.237655 0)
(-2.3109 0.268678 0)
(-1.51091 -0.262368 0)
(-1.40096 0.0466552 0)
(-2.03614 0.214069 0)
(-2.76662 0.0622453 0)
(-3.40971 -0.170478 0)
(-2.00795 0.0756222 0)
(-3.39891 0.582726 0)
(-1.93016 0.25913 0)
(-1.39606 -0.302177 0)
(-2.16499 0.315582 0)
(-1.27827 -0.0251759 0)
(-1.16312 -0.340376 0)
(-1.91035 0.359316 0)
(-1.73244 0.312557 0)
(-1.05225 -0.112848 0)
(-1.80765 0.145706 0)
(-2.01738 0.156752 0)
(-0.987937 0.0760007 0)
(-1.04858 -0.149781 0)
(-2.01296 0.504617 0)
(-1.95842 -0.0811243 0)
(-1.84616 0.225084 0)
(-2.32041 -0.320534 0)
(-1.79313 -0.149644 0)
(-1.73171 0.311155 0)
(-1.89258 0.524035 0)
(-2.08886 -0.391343 0)
(-1.84175 0.513043 0)
(-1.44848 -0.197107 0)
(-1.6793 0.388089 0)
(-1.65362 -0.445907 0)
(-1.29867 0.37519 0)
(-1.70692 -0.413383 0)
(-1.50626 -0.250731 0)
(-1.38949 0.505787 0)
(-2.51372 -0.0268666 0)
(-1.70059 -0.0112987 0)
(-1.7058 0.3285 0)
(-2.1436 0.0231357 0)
(-2.06592 0.134891 0)
(-1.03485 0.0944801 0)
(-1.84614 0.128372 0)
(-1.09369 -0.136595 0)
(-1.37686 0.390227 0)
(-1.65305 -0.443748 0)
(-1.48417 0.515952 0)
(-1.45679 -0.25728 0)
(-2.50702 1.3024 0)
(-2.76103 -0.940744 0)
(-3.52793 -0.0782552 0)
(-3.21842 0.577704 0)
(-1.52815 0.523574 0)
(-1.47607 -0.252871 0)
(-1.67943 -0.447416 0)
(-1.4152 0.39275 0)
(-1.95408 -0.0946693 0)
(-1.41536 0.158197 0)
(-1.45494 0.40219 0)
(-2.25494 -0.194334 0)
(-1.72574 0.367432 0)
(-1.83382 -0.442571 0)
(-1.5958 -0.183208 0)
(-1.89939 0.524685 0)
(-1.8767 -0.148676 0)
(-1.65218 0.492908 0)
(-2.1815 -0.3165 0)
(-1.5548 0.26326 0)
(-2.29382 0.48246 0)
(-1.93302 0.00552991 0)
(-2.0384 0.217092 0)
(-2.27648 -0.329584 0)
(-2.30437 -0.333141 0)
(-1.88855 0.229987 0)
(-1.94581 -0.071897 0)
(-2.07487 0.50525 0)
(-2.36983 -0.299243 0)
(-1.86116 0.200079 0)
(-2.02233 0.495437 0)
(-1.99335 -0.0682286 0)
(-1.92273 -0.405844 0)
(-1.5152 0.353863 0)
(-1.63275 0.526198 0)
(-1.67197 -0.209345 0)
(-1.41802 0.289244 0)
(-1.49875 0.481751 0)
(-2.05161 -0.327156 0)
(-1.78587 -0.176278 0)
(-1.10017 0.32164 0)
(-1.78865 -0.0908961 0)
(-1.10104 0.143796 0)
(-2.01165 -0.150545 0)
(-1.47703 -0.459466 0)
(-1.66152 0.498426 0)
(-1.53074 0.400422 0)
(-1.29086 -0.231903 0)
(-1.47342 0.520505 0)
(-1.51311 -0.249477 0)
(-1.37069 0.385043 0)
(-1.72068 -0.429227 0)
(-1.7779 -0.0754373 0)
(-2.17848 0.0626995 0)
(-1.75137 0.294499 0)
(-2.56263 0.0480873 0)
(-1.8742 0.12352 0)
(-1.06296 0.105941 0)
(-1.12022 -0.130816 0)
(-2.10199 0.129037 0)
(-1.71464 -0.443381 0)
(-1.72408 0.376236 0)
(-1.50082 -0.185116 0)
(-1.8968 0.509914 0)
(-1.69285 -0.437922 0)
(-1.48445 -0.175798 0)
(-1.7488 0.374167 0)
(-1.92772 0.503025 0)
(-1.33564 0.118842 0)
(-2.22677 -0.145147 0)
(-1.35292 0.35448 0)
(-1.94469 -0.0693897 0)
(-2.24083 -0.121108 0)
(-1.33355 0.0939997 0)
(-1.34388 0.33449 0)
(-1.95834 -0.0535448 0)
(-1.77233 0.053108 0)
(-3.76562 -0.239608 0)
(-2.6334 0.0477223 0)
(-3.73706 0.611828 0)
(-1.52991 0.388714 0)
(-1.74128 -0.445127 0)
(-1.66054 0.530457 0)
(-1.52202 -0.228568 0)
(-2.57851 0.0131531 0)
(-1.80978 0.320079 0)
(-2.1832 0.0469687 0)
(-1.81708 -0.0538951 0)
(-2.0623 -0.263645 0)
(-1.80938 -0.15256 0)
(-1.28231 0.236959 0)
(-1.32849 0.425826 0)
(-1.91635 -0.402124 0)
(-1.4733 0.350307 0)
(-1.58298 0.519789 0)
(-1.66954 -0.215158 0)
(-1.47163 -0.0969027 0)
(-2.39425 0.0802248 0)
(-1.42653 0.209043 0)
(-2.08213 0.0846938 0)
(-2.18874 -0.11556 0)
(-1.26649 0.099293 0)
(-1.92156 -0.0537217 0)
(-1.27006 0.325681 0)
(-2.51963 -0.196241 0)
(-1.86827 0.0931521 0)
(-1.98235 0.439026 0)
(-2.10248 -0.0306894 0)
(-1.87221 0.498851 0)
(-1.70361 0.381134 0)
(-1.62312 -0.447343 0)
(-1.42439 -0.193776 0)
(-2.11142 -0.325293 0)
(-2.13897 0.211456 0)
(-1.8607 0.0677671 0)
(-2.46217 0.399965 0)
(-1.90409 -0.292282 0)
(-1.18258 0.290283 0)
(-1.68371 -0.182181 0)
(-1.22809 0.439277 0)
(-2.18049 -0.307829 0)
(-1.51906 0.250855 0)
(-1.87978 -0.150004 0)
(-1.60785 0.478194 0)
(-1.5202 -0.168934 0)
(-2.09409 0.137935 0)
(-2.40281 0.161551 0)
(-1.44684 0.151021 0)
(-2.12472 -0.0193753 0)
(-2.54574 -0.166845 0)
(-1.9668 0.416183 0)
(-1.86822 0.062538 0)
(-2.0076 -0.350077 0)
(-1.41518 0.303742 0)
(-1.50217 0.48667 0)
(-1.75094 -0.190889 0)
(-1.96485 0.0131348 0)
(-2.23486 -0.0224408 0)
(-1.27314 0.00546894 0)
(-1.25397 0.253199 0)
(-1.98815 0.464071 0)
(-1.7965 0.361215 0)
(-1.55266 -0.420302 0)
(-1.3743 -0.153184 0)
(-1.45768 0.310085 0)
(-2.01314 -0.3624 0)
(-1.75133 -0.19198 0)
(-1.55404 0.496424 0)
(-2.10483 -0.348301 0)
(-2.35597 0.442134 0)
(-2.07266 0.242201 0)
(-1.83565 0.0119511 0)
(-1.91675 -0.0785418 0)
(-1.30456 0.132284 0)
(-1.32153 0.356128 0)
(-2.18868 -0.155504 0)
(-1.85031 0.509897 0)
(-1.68654 0.380386 0)
(-1.48017 -0.195352 0)
(-1.68967 -0.445403 0)
(-2.2043 0.117577 0)
(-2.03765 0.160087 0)
(-2.40325 -0.248034 0)
(-2.53858 0.415889 0)
(-1.32521 -0.19554 0)
(-1.24774 0.0799584 0)
(-2.22962 0.192219 0)
(-1.97366 0.168956 0)
(-1.90702 -0.0179144 0)
(-2.61372 -0.0431333 0)
(-1.94051 0.374239 0)
(-2.18532 0.0289868 0)
(-1.86015 0.162426 0)
(-1.06027 0.0678544 0)
(-2.08224 0.178586 0)
(-1.12855 -0.171732 0)
(-1.67838 -0.209741 0)
(-1.5012 0.508546 0)
(-1.92121 -0.377735 0)
(-1.40716 0.340707 0)
(-1.23027 0.0568777 0)
(-1.31552 -0.214521 0)
(-1.95396 0.191335 0)
(-2.20096 0.221276 0)
(-1.25866 0.0464843 0)
(-1.35066 -0.229925 0)
(-1.96155 0.203066 0)
(-2.21009 0.238425 0)
(-2.25044 0.0668389 0)
(-2.10765 0.213282 0)
(-2.62131 0.376201 0)
(-2.47455 -0.227381 0)
(-2.66434 -0.141039 0)
(-2.25085 -0.0199 0)
(-2.46074 0.417565 0)
(-2.15867 0.10996 0)
(-1.28493 0.29672 0)
(-2.22388 -0.078687 0)
(-1.28879 0.0581098 0)
(-1.95137 -0.0267066 0)
(-2.62537 -0.149954 0)
(-2.24554 0.00851084 0)
(-2.49443 0.43484 0)
(-2.12874 0.145779 0)
(-2.55766 0.104941 0)
(-2.18425 0.092633 0)
(-1.77573 -0.123602 0)
(-1.7208 0.249829 0)
(-1.7676 0.271019 0)
(-2.58267 0.0677691 0)
(-2.1914 0.0737189 0)
(-1.80305 -0.11179 0)
(-2.12915 -0.0369209 0)
(-2.69196 -0.0894236 0)
(-2.22821 0.406027 0)
(-2.1971 0.043507 0)
(-1.93421 -0.00262353 0)
(-2.1822 0.0217881 0)
(-1.98916 0.393639 0)
(-2.62203 -0.0727857 0)
(-1.70076 0.340474 0)
(-1.71111 -0.172755 0)
(-1.85975 0.527676 0)
(-1.9801 -0.414912 0)
(-1.61424 -0.432401 0)
(-1.42053 -0.171075 0)
(-1.75621 0.371855 0)
(-1.93691 0.486223 0)
(-2.2517 -0.352842 0)
(-1.86021 0.252664 0)
(-1.90883 -0.0889081 0)
(-2.04725 0.511523 0)
(-1.64303 -0.439768 0)
(-1.44259 -0.179579 0)
(-1.91628 0.494221 0)
(-1.73894 0.374657 0)
(-2.22018 -0.101871 0)
(-1.29713 0.0825614 0)
(-1.29985 0.318559 0)
(-1.94535 -0.0424804 0)
(-1.21612 -0.00944985 0)
(-1.18772 0.226598 0)
(-1.92642 0.0297902 0)
(-2.17986 0.00354832 0)
(-1.30658 -0.156192 0)
(-1.47103 -0.412708 0)
(-1.76849 0.355959 0)
(-1.95217 0.444854 0)
(-2.16137 0.00626906 0)
(-1.89088 0.0246769 0)
(-2.59149 -0.104421 0)
(-1.95896 0.402784 0)
(-2.1375 -0.159403 0)
(-1.24785 0.136164 0)
(-1.88033 -0.085575 0)
(-1.26107 0.345322 0)
(-2.12653 -0.182778 0)
(-1.25482 0.161968 0)
(-1.27462 0.367339 0)
(-1.86883 -0.100916 0)
(-1.63236 -0.446482 0)
(-1.43016 -0.205235 0)
(-1.79434 0.510549 0)
(-1.64115 0.389508 0)
(-1.65911 -0.452096 0)
(-1.45195 -0.213988 0)
(-1.76746 0.51669 0)
(-1.61802 0.390437 0)
(-2.21736 -0.351493 0)
(-1.80723 0.270132 0)
(-1.97675 0.518039 0)
(-1.88724 -0.105125 0)
(-2.28785 0.491704 0)
(-1.96754 0.0188304 0)
(-2.33243 -0.295921 0)
(-2.04861 0.205245 0)
(-2.20373 0.0673593 0)
(-2.72422 -0.0488621 0)
(-2.31711 0.425517 0)
(-2.22744 -0.0538324 0)
(-1.44502 -0.143259 0)
(-1.38589 0.160032 0)
(-2.06381 0.117953 0)
(-2.36041 0.126861 0)
)
;

boundaryField
{
    insideCircle
    {
        type            myHeatFlux;
        alpha           uniform 1;
        Theta_wall      uniform 4;
        value           nonuniform List<vector> 
24
(
(-2.37611 1.69352 0)
(-4.36707 0.164389 0)
(-3.18771 -1.34465 0)
(-3.28844 0.951439 -0)
(-1.59277 -0.190971 0)
(-4.24639 0.864647 0)
(-2.52963 -0.112016 0)
(-4.37012 -0.0791926 -0)
(-4.30099 -0.538866 0)
(-1.5048 0.366233 0)
(-2.47589 0.247543 -0)
(-4.37686 0.382083 0)
(-2.61926 -1.34563 0)
(-3.0007 1.75879 0)
(-3.67114 0.91942 -0)
(-3.30785 -0.771314 0)
(-4.1472 0.524408 -0)
(-1.925 -0.932028 0)
(-2.77445 -0.588923 0)
(-3.74662 1.44667 0)
(-3.85932 -1.13529 0)
(-1.78843 1.09084 0)
(-2.75055 0.701463 -0)
(-4.18439 -0.321491 0)
)
;
    }
    outsideCircle
    {
        type            myHeatFlux;
        alpha           uniform 1;
        Theta_wall      uniform 1;
        value           nonuniform List<vector> 
124
(
(-1.46141 -0.464383 0)
(-1.27986 -0.263018 -0)
(-1.47444 0.531447 0)
(-1.36853 0.426525 0)
(-1.6926 -0.16606 -0)
(-1.03138 0.223906 0)
(-1.04804 0.362641 0)
(-1.89328 -0.243786 0)
(-1.15558 -0.382603 0)
(-1.67584 0.357392 0)
(-1.03371 -0.159478 -0)
(-1.8385 0.414235 0)
(-1.78719 0.0952675 0)
(-1.99346 0.0944534 0)
(-0.935673 0.114276 0)
(-0.979991 -0.0978177 0)
(-1.92602 0.241698 0)
(-0.962649 -0.0159639 -0)
(-1.0367 -0.227742 0)
(-1.73448 0.215373 0)
(-1.70018 0.292602 0)
(-0.991442 -0.0942017 -0)
(-1.87393 0.332927 0)
(-1.08925 -0.307375 0)
(-1.00881 -0.180345 9.50906e-19)
(-0.94438 0.039791 -3.40894e-19)
(-1.94547 0.185533 5.20987e-18)
(-1.75193 0.170124 -4.69302e-18)
(-1.44979 0.403568 0)
(-1.1745 -0.232355 -0)
(-1.56246 0.482663 0)
(-1.3512 -0.450052 0)
(-1.90485 -0.136952 -5.08e-18)
(-0.993126 0.12782 8.05208e-19)
(-1.70835 -0.0883375 4.53968e-18)
(-0.987453 0.286572 -1.22052e-18)
(-1.11784 -0.339349 0)
(-1.6847 0.328868 0)
(-1.84953 0.376651 0)
(-1.00736 -0.122835 -0)
(-1.76545 0.129758 -4.72843e-18)
(-0.937059 0.0723736 -1.24632e-19)
(-1.96588 0.136103 5.2624e-18)
(-0.990819 -0.144159 7.17362e-19)
(-1.1631 0.361053 0)
(-1.47513 -0.250082 -0)
(-1.23147 0.478904 0)
(-1.66016 -0.38124 0)
(-0.973212 0.042876 0)
(-1.73856 -0.00920081 -0)
(-1.94174 -0.0368989 0)
(-0.951983 0.225251 0)
(-1.25765 -0.431488 0)
(-1.11038 -0.218956 -0)
(-1.67861 0.457158 0)
(-1.54598 0.388798 0)
(-1.09675 0.318784 0)
(-1.75382 -0.314217 0)
(-1.13956 0.437361 0)
(-1.56063 -0.208622 -0)
(-1.22559 -0.241427 -0)
(-1.40423 0.416095 0)
(-1.50993 0.508574 0)
(-1.4068 -0.456287 0)
(-1.8937 -0.195957 0)
(-1.0125 0.176298 0)
(-1.69924 -0.132093 -0)
(-1.01621 0.318503 0)
(-1.39118 -0.271369 -0)
(-1.32616 0.494919 0)
(-1.23898 0.383512 0)
(-1.56723 -0.428811 0)
(-1.87433 -0.266334 0)
(-1.67047 -0.179567 -0)
(-1.05096 0.267455 0)
(-1.07512 0.400465 0)
(-1.50556 -0.472843 0)
(-1.33798 0.421796 0)
(-1.32504 -0.283022 -0)
(-1.44533 0.533991 0)
(-1.75745 0.0362815 -0)
(-0.972269 -0.00145995 0)
(-1.962 0.02009 0)
(-0.939988 0.189055 0)
(-1.07962 -0.205351 -0)
(-1.73897 0.435648 0)
(-1.59498 0.374322 0)
(-1.21588 -0.42176 0)
(-1.28994 0.398281 0)
(-1.3573 -0.282221 -0)
(-1.38836 0.508795 0)
(-1.53354 -0.456601 0)
(-1.10362 0.424391 0)
(-1.81351 -0.283186 0)
(-1.6144 -0.18833 -0)
(-1.07299 0.298074 0)
(-1.99652 0.0630766 0)
(-0.935503 0.153311 0)
(-1.78896 0.070366 -0)
(-0.975294 -0.0524729 0)
(-1.80487 0.429083 0)
(-1.64846 0.369302 0)
(-1.05659 -0.187133 -0)
(-1.18562 -0.409912 0)
(-1.90857 0.289737 0)
(-1.72219 0.255677 0)
(-1.05782 -0.263703 0)
(-0.972329 -0.0508094 -0)
(-1.12945 0.340009 0)
(-1.71122 -0.352056 0)
(-1.187 0.45779 0)
(-1.52102 -0.232633 -0)
(-1.43643 -0.260813 -0)
(-1.27705 0.495219 0)
(-1.19949 0.379061 0)
(-1.6183 -0.404528 0)
(-1.30231 -0.444714 0)
(-1.14183 -0.232087 -0)
(-1.6271 0.472603 0)
(-1.50243 0.398516 0)
(-1.92928 -0.0849373 -5.14798e-18)
(-0.965804 0.259383 -1.01465e-18)
(-0.980424 0.0861336 5.59882e-19)
(-1.72704 -0.047502 4.5987e-18)
)
;
    }
    topAndBottom
    {
        type            empty;
    }
}


// ************************************************************************* //
