/*--------------------------------*- C++ -*----------------------------------*\
| =========                 |                                                 |
| \\      /  F ield         | OpenFOAM: The Open Source CFD Toolbox           |
|  \\    /   O peration     | Version:  2.2.0                                 |
|   \\  /    A nd           | Web:      www.OpenFOAM.org                      |
|    \\/     M anipulation  |                                                 |
\*---------------------------------------------------------------------------*/
FoamFile
{
    version     2.0;
    format      ascii;
    class       volScalarField;
    location    "0.2";
    object      Theta;
}
// * * * * * * * * * * * * * * * * * * * * * * * * * * * * * * * * * * * * * //

dimensions      [0 2 -2 0 0 0 0];

internalField   nonuniform List<scalar> 
1600
(
0.988595
0.935536
0.843637
0.772258
0.713971
0.666159
0.62708
0.595507
0.570522
0.551409
0.537591
0.528589
0.523996
0.523459
0.526666
0.533335
0.543209
0.556041
0.572335
0.579312
0.988629
0.935541
0.843639
0.772259
0.713971
0.666159
0.62708
0.595507
0.570522
0.551409
0.537591
0.528589
0.523996
0.523459
0.526666
0.533335
0.543209
0.556041
0.572335
0.579312
0.988643
0.935545
0.843641
0.77226
0.713972
0.666159
0.62708
0.595507
0.570522
0.551409
0.537591
0.528589
0.523996
0.523459
0.526666
0.533335
0.543209
0.556041
0.572335
0.579312
0.988647
0.935549
0.843642
0.77226
0.713972
0.666159
0.62708
0.595507
0.570522
0.551409
0.537591
0.528589
0.523996
0.523459
0.526666
0.533335
0.543209
0.556041
0.572335
0.579312
0.988648
0.935551
0.843644
0.772261
0.713973
0.666159
0.627081
0.595507
0.570522
0.551409
0.537591
0.528589
0.523996
0.523459
0.526666
0.533335
0.543209
0.556041
0.572335
0.579312
0.988649
0.935553
0.843645
0.772262
0.713973
0.66616
0.627081
0.595508
0.570522
0.551409
0.537591
0.528589
0.523996
0.523459
0.526666
0.533335
0.543209
0.556041
0.572335
0.579312
0.988649
0.935553
0.843646
0.772263
0.713974
0.66616
0.627081
0.595508
0.570522
0.551409
0.537591
0.528589
0.523996
0.523459
0.526666
0.533335
0.543209
0.556041
0.572335
0.579312
0.988649
0.935554
0.843646
0.772263
0.713974
0.66616
0.627081
0.595508
0.570522
0.551409
0.537591
0.528589
0.523996
0.523459
0.526666
0.533335
0.543209
0.556041
0.572335
0.579312
0.988648
0.935554
0.843647
0.772263
0.713974
0.666161
0.627081
0.595508
0.570522
0.551409
0.537591
0.528589
0.523996
0.523459
0.526666
0.533335
0.543209
0.556041
0.572335
0.579312
0.988648
0.935554
0.843647
0.772264
0.713974
0.666161
0.627082
0.595508
0.570523
0.551409
0.537591
0.528589
0.523996
0.523459
0.526666
0.533335
0.543209
0.556041
0.572335
0.579312
0.988648
0.935554
0.843647
0.772264
0.713975
0.666161
0.627082
0.595508
0.570523
0.551409
0.537591
0.528589
0.523996
0.523459
0.526666
0.533335
0.543209
0.556041
0.572335
0.579312
0.988648
0.935554
0.843647
0.772264
0.713974
0.666161
0.627082
0.595508
0.570523
0.551409
0.537591
0.528589
0.523996
0.523459
0.526666
0.533335
0.543209
0.556041
0.572335
0.579312
0.988649
0.935554
0.843647
0.772263
0.713974
0.66616
0.627082
0.595508
0.570523
0.551409
0.537591
0.528589
0.523996
0.523459
0.526666
0.533335
0.543209
0.556041
0.572335
0.579312
0.988649
0.935554
0.843646
0.772263
0.713974
0.66616
0.627081
0.595508
0.570523
0.551409
0.537591
0.528589
0.523996
0.523459
0.526666
0.533335
0.543209
0.556041
0.572335
0.579312
0.988649
0.935553
0.843645
0.772262
0.713974
0.66616
0.627081
0.595508
0.570522
0.551409
0.537591
0.528589
0.523996
0.523459
0.526666
0.533335
0.543209
0.556041
0.572335
0.579312
0.988648
0.935551
0.843644
0.772262
0.713973
0.66616
0.627081
0.595508
0.570522
0.551409
0.537591
0.528589
0.523996
0.523459
0.526666
0.533335
0.543209
0.556041
0.572335
0.579312
0.988647
0.935549
0.843643
0.772261
0.713972
0.666159
0.627081
0.595508
0.570522
0.551409
0.537591
0.528589
0.523996
0.523459
0.526666
0.533335
0.543209
0.556041
0.572335
0.579312
0.988642
0.935546
0.843641
0.77226
0.713972
0.666159
0.62708
0.595507
0.570522
0.551409
0.537591
0.528589
0.523996
0.523459
0.526666
0.533335
0.543209
0.556041
0.572335
0.579312
0.98863
0.935541
0.843639
0.772259
0.713971
0.666158
0.62708
0.595507
0.570522
0.551409
0.537591
0.528589
0.523996
0.523459
0.526666
0.533335
0.543209
0.556041
0.572335
0.579312
0.988596
0.935536
0.843638
0.772258
0.713971
0.666158
0.62708
0.595507
0.570522
0.551409
0.537591
0.528589
0.523996
0.523459
0.526666
0.533335
0.543209
0.556041
0.572335
0.579312
0.988596
0.935536
0.843638
0.772258
0.713971
0.666158
0.62708
0.595507
0.570522
0.551409
0.537591
0.528589
0.523996
0.523459
0.526666
0.533335
0.543209
0.556041
0.572335
0.579312
0.98863
0.935541
0.843639
0.772259
0.713971
0.666159
0.62708
0.595507
0.570522
0.551409
0.537591
0.528589
0.523996
0.523459
0.526665
0.533335
0.543209
0.556041
0.572335
0.579312
0.988643
0.935546
0.843641
0.77226
0.713972
0.666159
0.62708
0.595507
0.570522
0.551409
0.537591
0.528589
0.523996
0.523459
0.526665
0.533335
0.543209
0.556041
0.572335
0.579312
0.988647
0.935549
0.843643
0.772261
0.713973
0.666159
0.627081
0.595508
0.570522
0.551409
0.537591
0.528589
0.523996
0.523459
0.526665
0.533335
0.543209
0.556041
0.572335
0.579312
0.988648
0.935552
0.843644
0.772262
0.713973
0.66616
0.627081
0.595508
0.570522
0.551409
0.537591
0.528589
0.523996
0.523459
0.526665
0.533335
0.543209
0.556041
0.572335
0.579312
0.988649
0.935553
0.843646
0.772263
0.713974
0.66616
0.627081
0.595508
0.570522
0.551409
0.537591
0.528589
0.523996
0.523459
0.526666
0.533335
0.543209
0.556041
0.572335
0.579312
0.988649
0.935554
0.843646
0.772263
0.713974
0.66616
0.627081
0.595508
0.570523
0.551409
0.537591
0.528589
0.523996
0.523459
0.526666
0.533335
0.543209
0.556041
0.572335
0.579312
0.988648
0.935554
0.843647
0.772264
0.713975
0.666161
0.627082
0.595508
0.570523
0.551409
0.537591
0.528589
0.523996
0.523459
0.526666
0.533335
0.543209
0.556041
0.572335
0.579312
0.988648
0.935555
0.843647
0.772264
0.713975
0.666161
0.627082
0.595508
0.570523
0.551409
0.537591
0.528589
0.523996
0.523459
0.526666
0.533335
0.543209
0.556041
0.572335
0.579312
0.988648
0.935555
0.843647
0.772264
0.713975
0.666161
0.627082
0.595508
0.570523
0.551409
0.537591
0.528589
0.523996
0.523459
0.526666
0.533335
0.543209
0.556041
0.572335
0.579312
0.988648
0.935555
0.843647
0.772264
0.713975
0.666161
0.627082
0.595508
0.570523
0.551409
0.537591
0.528589
0.523996
0.523459
0.526666
0.533335
0.543209
0.556041
0.572335
0.579312
0.988649
0.935555
0.843647
0.772264
0.713975
0.666161
0.627082
0.595508
0.570523
0.551409
0.537591
0.528589
0.523996
0.523459
0.526666
0.533335
0.543209
0.556041
0.572335
0.579312
0.988649
0.935554
0.843647
0.772264
0.713974
0.66616
0.627081
0.595508
0.570522
0.551409
0.537591
0.528589
0.523996
0.523459
0.526666
0.533335
0.543209
0.556041
0.572335
0.579312
0.988649
0.935554
0.843646
0.772263
0.713974
0.66616
0.627081
0.595508
0.570522
0.551409
0.537591
0.528589
0.523996
0.523459
0.526666
0.533335
0.543209
0.556041
0.572335
0.579312
0.988649
0.935553
0.843645
0.772262
0.713974
0.66616
0.627081
0.595508
0.570522
0.551409
0.537591
0.528589
0.523996
0.523459
0.526666
0.533335
0.543209
0.556041
0.572335
0.579312
0.988649
0.935552
0.843644
0.772262
0.713973
0.66616
0.627081
0.595508
0.570522
0.551409
0.537591
0.528589
0.523996
0.523459
0.526666
0.533335
0.543209
0.556041
0.572335
0.579312
0.988647
0.935549
0.843643
0.772261
0.713972
0.666159
0.62708
0.595507
0.570522
0.551409
0.537591
0.528589
0.523996
0.523459
0.526666
0.533335
0.543209
0.556041
0.572335
0.579312
0.988643
0.935546
0.843641
0.77226
0.713972
0.666159
0.62708
0.595507
0.570522
0.551409
0.537591
0.528589
0.523996
0.523459
0.526666
0.533335
0.543209
0.556041
0.572335
0.579312
0.98863
0.935541
0.843639
0.772259
0.713971
0.666159
0.62708
0.595507
0.570522
0.551409
0.537591
0.528589
0.523996
0.523459
0.526666
0.533335
0.543209
0.556041
0.572335
0.579312
0.988596
0.935536
0.843638
0.772258
0.713971
0.666159
0.62708
0.595507
0.570522
0.551409
0.537591
0.528589
0.523996
0.523459
0.526666
0.533335
0.543209
0.556041
0.572335
0.579312
0.988596
0.935536
0.843638
0.772258
0.713971
0.666159
0.62708
0.595507
0.570522
0.551409
0.537591
0.528589
0.523996
0.523459
0.526666
0.533335
0.543209
0.556041
0.572335
0.579312
0.98863
0.935541
0.843639
0.772259
0.713972
0.666159
0.62708
0.595507
0.570522
0.551409
0.537591
0.528589
0.523996
0.523459
0.526666
0.533335
0.543209
0.556041
0.572335
0.579312
0.988643
0.935546
0.843641
0.77226
0.713972
0.666159
0.62708
0.595507
0.570522
0.551409
0.537591
0.528589
0.523996
0.523459
0.526666
0.533335
0.543209
0.556041
0.572335
0.579312
0.988647
0.935549
0.843643
0.772261
0.713973
0.666159
0.627081
0.595508
0.570522
0.551409
0.537591
0.528589
0.523996
0.523459
0.526666
0.533335
0.54321
0.556041
0.572335
0.579312
0.988648
0.935551
0.843644
0.772262
0.713973
0.66616
0.627081
0.595508
0.570522
0.551409
0.537591
0.528589
0.523996
0.523459
0.526666
0.533335
0.54321
0.556041
0.572335
0.579312
0.988649
0.935553
0.843645
0.772262
0.713974
0.66616
0.627081
0.595508
0.570523
0.551409
0.537591
0.528589
0.523996
0.523459
0.526666
0.533335
0.54321
0.556041
0.572335
0.579312
0.988648
0.935554
0.843646
0.772263
0.713974
0.66616
0.627082
0.595508
0.570523
0.551409
0.537591
0.528589
0.523996
0.523459
0.526666
0.533335
0.54321
0.556041
0.572335
0.579312
0.988648
0.935554
0.843647
0.772263
0.713974
0.666161
0.627082
0.595508
0.570523
0.55141
0.537591
0.528589
0.523996
0.523459
0.526666
0.533335
0.54321
0.556041
0.572335
0.579312
0.988648
0.935554
0.843647
0.772264
0.713975
0.666161
0.627082
0.595509
0.570523
0.55141
0.537591
0.528589
0.523996
0.523459
0.526666
0.533335
0.54321
0.556041
0.572335
0.579312
0.988648
0.935554
0.843647
0.772264
0.713975
0.666161
0.627082
0.595509
0.570523
0.55141
0.537591
0.528589
0.523996
0.523459
0.526666
0.533335
0.54321
0.556041
0.572335
0.579312
0.988648
0.935554
0.843647
0.772264
0.713975
0.666161
0.627082
0.595509
0.570523
0.55141
0.537591
0.528589
0.523996
0.523459
0.526666
0.533335
0.54321
0.556041
0.572335
0.579312
0.988648
0.935554
0.843647
0.772264
0.713975
0.666161
0.627082
0.595508
0.570523
0.551409
0.537591
0.528589
0.523996
0.523459
0.526666
0.533335
0.543209
0.556041
0.572335
0.579312
0.988648
0.935554
0.843647
0.772264
0.713975
0.666161
0.627082
0.595508
0.570523
0.551409
0.537591
0.528589
0.523996
0.523459
0.526666
0.533335
0.543209
0.556041
0.572335
0.579312
0.988648
0.935554
0.843646
0.772263
0.713974
0.66616
0.627081
0.595508
0.570523
0.551409
0.537591
0.528589
0.523996
0.523459
0.526666
0.533335
0.543209
0.556041
0.572335
0.579312
0.988648
0.935553
0.843645
0.772262
0.713974
0.66616
0.627081
0.595508
0.570523
0.551409
0.537591
0.528589
0.523996
0.523459
0.526666
0.533335
0.543209
0.556041
0.572335
0.579312
0.988648
0.935551
0.843644
0.772262
0.713973
0.66616
0.627081
0.595508
0.570522
0.551409
0.537591
0.528589
0.523996
0.523459
0.526666
0.533335
0.543209
0.556041
0.572335
0.579312
0.988647
0.935549
0.843643
0.772261
0.713972
0.666159
0.627081
0.595508
0.570522
0.551409
0.537591
0.528589
0.523996
0.523459
0.526666
0.533335
0.543209
0.556041
0.572335
0.579312
0.988643
0.935546
0.843641
0.77226
0.713972
0.666159
0.627081
0.595507
0.570522
0.551409
0.537591
0.528589
0.523996
0.523459
0.526666
0.533335
0.543209
0.556041
0.572335
0.579312
0.98863
0.935541
0.843639
0.772259
0.713972
0.666159
0.62708
0.595507
0.570522
0.551409
0.537591
0.528589
0.523996
0.523459
0.526666
0.533335
0.543209
0.556041
0.572335
0.579313
0.988596
0.935535
0.843637
0.772258
0.713971
0.666158
0.62708
0.595507
0.570522
0.551409
0.537591
0.528589
0.523996
0.523459
0.526666
0.533335
0.543209
0.556041
0.572335
0.579312
0.988595
0.98863
0.988642
0.988647
0.988648
0.988649
0.988648
0.988648
0.988648
0.988648
0.988648
0.988648
0.988648
0.988648
0.988648
0.988648
0.988647
0.988643
0.988629
0.988595
0.935536
0.935541
0.935546
0.935549
0.935551
0.935552
0.935553
0.935554
0.935554
0.935554
0.935554
0.935554
0.935554
0.935553
0.935553
0.935551
0.935549
0.935545
0.93554
0.935535
0.843637
0.843639
0.843641
0.843643
0.843644
0.843645
0.843646
0.843646
0.843647
0.843647
0.843647
0.843647
0.843646
0.843646
0.843645
0.843644
0.843642
0.84364
0.843638
0.843637
0.772258
0.772259
0.77226
0.772261
0.772262
0.772262
0.772263
0.772263
0.772264
0.772264
0.772264
0.772264
0.772263
0.772263
0.772262
0.772261
0.77226
0.772259
0.772259
0.772258
0.713971
0.713972
0.713972
0.713972
0.713973
0.713974
0.713974
0.713974
0.713975
0.713975
0.713975
0.713975
0.713974
0.713974
0.713973
0.713973
0.713972
0.713972
0.713972
0.713971
0.666159
0.666159
0.666159
0.666159
0.66616
0.66616
0.666161
0.666161
0.666161
0.666161
0.666161
0.666161
0.66616
0.66616
0.66616
0.666159
0.666159
0.666159
0.666159
0.666158
0.62708
0.62708
0.62708
0.627081
0.627081
0.627081
0.627081
0.627082
0.627082
0.627082
0.627082
0.627082
0.627082
0.627081
0.627081
0.627081
0.627081
0.62708
0.62708
0.62708
0.595507
0.595507
0.595507
0.595508
0.595508
0.595508
0.595508
0.595508
0.595508
0.595508
0.595508
0.595508
0.595508
0.595508
0.595508
0.595508
0.595507
0.595507
0.595507
0.595507
0.570522
0.570522
0.570522
0.570522
0.570522
0.570522
0.570523
0.570523
0.570523
0.570523
0.570523
0.570523
0.570523
0.570523
0.570523
0.570522
0.570522
0.570522
0.570522
0.570522
0.551409
0.551409
0.551409
0.551409
0.551409
0.551409
0.551409
0.551409
0.551409
0.551409
0.551409
0.551409
0.551409
0.551409
0.551409
0.551409
0.551409
0.551409
0.551409
0.551409
0.537591
0.537591
0.537591
0.537591
0.537591
0.537591
0.537591
0.537591
0.537591
0.537591
0.537591
0.537591
0.537591
0.537591
0.537591
0.537591
0.537591
0.537591
0.537591
0.537591
0.528589
0.528589
0.528589
0.528589
0.528589
0.528589
0.528589
0.528589
0.528589
0.528589
0.528589
0.528589
0.528589
0.528589
0.528589
0.528589
0.528589
0.528589
0.528589
0.528589
0.523996
0.523996
0.523996
0.523996
0.523996
0.523996
0.523996
0.523996
0.523996
0.523996
0.523996
0.523996
0.523996
0.523996
0.523996
0.523996
0.523996
0.523996
0.523996
0.523996
0.523459
0.523459
0.523459
0.523459
0.523459
0.523459
0.523459
0.523459
0.523459
0.523459
0.523459
0.523459
0.523459
0.523459
0.523459
0.523459
0.523459
0.523459
0.523459
0.523459
0.526666
0.526666
0.526666
0.526666
0.526666
0.526666
0.526666
0.526666
0.526666
0.526666
0.526666
0.526666
0.526666
0.526666
0.526666
0.526666
0.526666
0.526666
0.526666
0.526666
0.533335
0.533335
0.533335
0.533335
0.533335
0.533335
0.533335
0.533335
0.533335
0.533335
0.533335
0.533335
0.533335
0.533335
0.533335
0.533335
0.533335
0.533335
0.533335
0.533335
0.543209
0.543209
0.543209
0.543209
0.543209
0.543209
0.54321
0.54321
0.54321
0.54321
0.54321
0.543209
0.543209
0.543209
0.543209
0.543209
0.543209
0.54321
0.543209
0.54321
0.556041
0.556041
0.556041
0.556041
0.556041
0.556041
0.556041
0.556041
0.556041
0.556041
0.556041
0.556041
0.556041
0.556041
0.556041
0.556041
0.556041
0.556041
0.556041
0.556041
0.572335
0.572335
0.572335
0.572335
0.572335
0.572335
0.572335
0.572335
0.572335
0.572335
0.572335
0.572335
0.572335
0.572335
0.572335
0.572335
0.572335
0.572335
0.572335
0.572335
0.579312
0.579312
0.579312
0.579312
0.579312
0.579312
0.579312
0.579312
0.579312
0.579312
0.579312
0.579312
0.579312
0.579312
0.579312
0.579312
0.579312
0.579313
0.579313
0.579312
)
;

boundaryField
{
    up
    {
        type            myTemperature;
        value           nonuniform List<scalar> 
80
(
0.485207
0.485207
0.485207
0.485206
0.485206
0.485206
0.485206
0.485206
0.485207
0.485207
0.485207
0.485206
0.485206
0.485206
0.485206
0.485206
0.485206
0.485206
0.485206
0.485206
0.485206
0.485206
0.485206
0.485206
0.485206
0.485206
0.485206
0.485206
0.485206
0.485206
0.485206
0.485206
0.485206
0.485206
0.485206
0.485206
0.485206
0.485206
0.485206
0.485206
0.485206
0.485206
0.485206
0.485206
0.485206
0.485206
0.485206
0.485206
0.485206
0.485206
0.485206
0.485206
0.485206
0.485206
0.485206
0.485206
0.485206
0.485206
0.485206
0.485206
0.485207
0.485207
0.485206
0.485206
0.485206
0.485207
0.485207
0.485207
0.485207
0.485207
0.485206
0.485206
0.485206
0.485206
0.485206
0.485206
0.485206
0.485206
0.485206
0.485207
)
;
    }
    hole
    {
        type            myTemperature;
        value           nonuniform List<scalar> 
80
(
0.87066
0.870663
0.870666
0.870669
0.870671
0.870673
0.870674
0.870674
0.870675
0.870675
0.870675
0.870675
0.870675
0.870674
0.870673
0.870671
0.870669
0.870666
0.870663
0.870661
0.870661
0.870663
0.870666
0.870669
0.870671
0.870673
0.870674
0.870675
0.870675
0.870676
0.870676
0.870675
0.870675
0.870674
0.870673
0.870671
0.870669
0.870666
0.870663
0.870661
0.870661
0.870663
0.870666
0.870669
0.870671
0.870673
0.870674
0.870675
0.870675
0.870675
0.870675
0.870675
0.870675
0.870674
0.870673
0.870671
0.870669
0.870666
0.870662
0.87066
0.87066
0.870663
0.870666
0.870669
0.870671
0.870672
0.870673
0.870674
0.870675
0.870675
0.870675
0.870675
0.870674
0.870674
0.870673
0.870671
0.870668
0.870665
0.870662
0.87066
)
;
    }
    frontAndBack
    {
        type            empty;
    }
}


// ************************************************************************* //
