/*--------------------------------*- C++ -*----------------------------------*\
| =========                 |                                                 |
| \\      /  F ield         | OpenFOAM: The Open Source CFD Toolbox           |
|  \\    /   O peration     | Version:  2.2.0                                 |
|   \\  /    A nd           | Web:      www.OpenFOAM.org                      |
|    \\/     M anipulation  |                                                 |
\*---------------------------------------------------------------------------*/
FoamFile
{
    version     2.0;
    format      ascii;
    class       volVectorField;
    location    "15";
    object      s;
}
// * * * * * * * * * * * * * * * * * * * * * * * * * * * * * * * * * * * * * //

dimensions      [0 1 -1 0 0 0 0];

internalField   nonuniform List<vector> 
1600
(
(1.71288 0.0670285 0)
(1.45382 0.057082 0)
(1.26207 0.049522 0)
(1.11508 0.0437726 0)
(0.998457 0.0391902 0)
(0.903946 0.0354834 0)
(0.825682 0.0324121 0)
(0.759878 0.029832 0)
(0.703758 0.0276327 0)
(0.655342 0.0257372 0)
(0.613147 0.0240873 0)
(0.57605 0.0226394 0)
(0.543179 0.0213588 0)
(0.513859 0.0202223 0)
(0.487536 0.0192008 0)
(0.463795 0.0182972 0)
(0.442252 0.01745 0)
(0.42264 0.0167431 0)
(0.404718 0.0159586 0)
(0.388195 0.0154322 0)
(1.70235 0.201521 0)
(1.44489 0.171013 0)
(1.2543 0.14845 0)
(1.10821 0.131169 0)
(0.992305 0.117453 0)
(0.898376 0.106343 0)
(0.820595 0.0971415 0)
(0.755197 0.0894065 0)
(0.699423 0.0828102 0)
(0.651308 0.0771202 0)
(0.609375 0.0721616 0)
(0.57251 0.0678019 0)
(0.539846 0.0639386 0)
(0.510712 0.0604906 0)
(0.484559 0.0573945 0)
(0.460973 0.0545932 0)
(0.439576 0.0520582 0)
(0.4201 0.049718 0)
(0.402303 0.047629 0)
(0.385896 0.0456095 0)
(1.68127 0.334549 0)
(1.42698 0.283882 0)
(1.23879 0.246448 0)
(1.09451 0.217757 0)
(0.980038 0.194993 0)
(0.88727 0.176548 0)
(0.81045 0.161273 0)
(0.745862 0.14843 0)
(0.690779 0.137477 0)
(0.643259 0.128028 0)
(0.601846 0.119792 0)
(0.565437 0.112549 0)
(0.533175 0.106129 0)
(0.504402 0.100399 0)
(0.47856 0.0952491 0)
(0.455267 0.0905952 0)
(0.434085 0.0863697 0)
(0.414872 0.0825018 0)
(0.397157 0.078996 0)
(0.381065 0.0757142 0)
(1.64986 0.465337 0)
(1.40031 0.394994 0)
(1.21565 0.342917 0)
(1.07406 0.303005 0)
(0.96173 0.271331 0)
(0.870696 0.245666 0)
(0.795311 0.224411 0)
(0.73193 0.20654 0)
(0.677876 0.191298 0)
(0.631246 0.178148 0)
(0.590606 0.166686 0)
(0.554878 0.156606 0)
(0.523218 0.147672 0)
(0.494979 0.139699 0)
(0.469616 0.132535 0)
(0.446749 0.126073 0)
(0.425954 0.120191 0)
(0.407085 0.114858 0)
(0.389688 0.109928 0)
(0.373898 0.105474 0)
(1.60831 0.593327 0)
(1.36504 0.503682 0)
(1.18502 0.437278 0)
(1.047 0.386388 0)
(0.937495 0.346 0)
(0.848755 0.313273 0)
(0.775269 0.286168 0)
(0.713486 0.26338 0)
(0.660795 0.243942 0)
(0.61534 0.227173 0)
(0.575726 0.212556 0)
(0.540899 0.199702 0)
(0.510038 0.188309 0)
(0.482512 0.178145 0)
(0.457791 0.169012 0)
(0.435502 0.160777 0)
(0.415243 0.153283 0)
(0.396846 0.146487 0)
(0.379934 0.140212 0)
(0.3645 0.134517 0)
(1.55686 0.717721 0)
(1.32136 0.609276 0)
(1.14709 0.528951 0)
(1.01348 0.467396 0)
(0.907481 0.41854 0)
(0.821581 0.378952 0)
(0.750448 0.346165 0)
(0.690643 0.318598 0)
(0.63964 0.295085 0)
(0.595641 0.2748 0)
(0.557297 0.257118 0)
(0.523586 0.241569 0)
(0.493716 0.227789 0)
(0.467072 0.215493 0)
(0.443147 0.204447 0)
(0.421572 0.194485 0)
(0.401971 0.185423 0)
(0.384162 0.177196 0)
(0.367806 0.169612 0)
(0.35287 0.162709 0)
(1.49581 0.837703 0)
(1.26953 0.711127 0)
(1.10208 0.617372 0)
(0.973718 0.545528 0)
(0.871871 0.488504 0)
(0.789341 0.4423 0)
(0.720998 0.404031 0)
(0.663541 0.371856 0)
(0.61454 0.344413 0)
(0.572269 0.320736 0)
(0.535431 0.300098 0)
(0.503046 0.281951 0)
(0.47435 0.265867 0)
(0.448754 0.251517 0)
(0.425773 0.238627 0)
(0.405047 0.226999 0)
(0.386224 0.216428 0)
(0.369111 0.206822 0)
(0.353414 0.197982 0)
(0.339048 0.189914 0)
(1.42553 0.95254 0)
(1.20988 0.808603 0)
(1.05028 0.701996 0)
(0.927949 0.620304 0)
(0.830884 0.555463 0)
(0.752233 0.502926 0)
(0.687101 0.459411 0)
(0.632345 0.422825 0)
(0.585648 0.39162 0)
(0.545367 0.364698 0)
(0.510263 0.341231 0)
(0.479402 0.320597 0)
(0.452058 0.302309 0)
(0.427669 0.285993 0)
(0.405772 0.271337 0)
(0.386022 0.258114 0)
(0.368092 0.246098 0)
(0.351781 0.23517 0)
(0.336832 0.225129 0)
(0.323136 0.215949 0)
(1.34646 1.06151 0)
(1.14276 0.901105 0)
(0.992005 0.782301 0)
(0.876454 0.691263 0)
(0.78477 0.619003 0)
(0.710482 0.560456 0)
(0.648964 0.511962 0)
(0.597247 0.471191 0)
(0.553143 0.436416 0)
(0.515099 0.406414 0)
(0.481945 0.380264 0)
(0.4528 0.357269 0)
(0.426977 0.336891 0)
(0.403943 0.318708 0)
(0.383266 0.302378 0)
(0.364614 0.287642 0)
(0.347685 0.274256 0)
(0.332278 0.262076 0)
(0.318168 0.250896 0)
(0.305227 0.24066 0)
(1.25908 1.16396 0)
(1.06859 0.988061 0)
(0.927605 0.857791 0)
(0.819549 0.757967 0)
(0.733812 0.678732 0)
(0.664347 0.614535 0)
(0.606821 0.561362 0)
(0.558463 0.516657 0)
(0.517224 0.478526 0)
(0.481651 0.445629 0)
(0.450653 0.416955 0)
(0.423402 0.391742 0)
(0.399258 0.369398 0)
(0.377723 0.349461 0)
(0.358393 0.331557 0)
(0.340953 0.3154 0)
(0.325129 0.300727 0)
(0.310722 0.287369 0)
(0.297537 0.27512 0)
(0.285433 0.263891 0)
(1.16393 1.25923 0)
(0.987817 1.06893 0)
(0.857478 0.927999 0)
(0.757586 0.820004 0)
(0.678325 0.734282 0)
(0.614109 0.66483 0)
(0.560932 0.607304 0)
(0.51623 0.55894 0)
(0.47811 0.517688 0)
(0.445229 0.482099 0)
(0.416576 0.451079 0)
(0.391388 0.423803 0)
(0.369074 0.399631 0)
(0.34917 0.378063 0)
(0.331304 0.358696 0)
(0.315186 0.341216 0)
(0.300564 0.325347 0)
(0.287246 0.310894 0)
(0.275066 0.297651 0)
(0.263875 0.285499 0)
(1.0616 1.34676 0)
(0.90095 1.14323 0)
(0.782057 0.992493 0)
(0.690943 0.876991 0)
(0.618648 0.78531 0)
(0.560078 0.711031 0)
(0.511577 0.649506 0)
(0.470808 0.597781 0)
(0.436042 0.553662 0)
(0.406056 0.5156 0)
(0.379926 0.482425 0)
(0.356956 0.453254 0)
(0.336608 0.427403 0)
(0.318458 0.404337 0)
(0.302168 0.383626 0)
(0.28747 0.364932 0)
(0.274139 0.347964 0)
(0.261994 0.332506 0)
(0.250892 0.318352 0)
(0.240685 0.305351 0)
(0.952709 1.426 0)
(0.808517 1.21048 0)
(0.701805 1.05087 0)
(0.620032 0.928576 0)
(0.555149 0.8315 0)
(0.502587 0.752851 0)
(0.459062 0.687707 0)
(0.422477 0.632939 0)
(0.39128 0.586225 0)
(0.364372 0.545925 0)
(0.340926 0.510799 0)
(0.320317 0.479913 0)
(0.30206 0.452542 0)
(0.285776 0.428121 0)
(0.271162 0.406193 0)
(0.257976 0.386401 0)
(0.246018 0.36844 0)
(0.235122 0.35207 0)
(0.225166 0.337092 0)
(0.216006 0.323323 0)
(0.837935 1.49645 0)
(0.711089 1.27028 0)
(0.617217 1.10278 0)
(0.545289 0.97444 0)
(0.488218 0.872567 0)
(0.441989 0.790033 0)
(0.403708 0.72167 0)
(0.371533 0.664198 0)
(0.344097 0.615177 0)
(0.320435 0.572886 0)
(0.299818 0.536025 0)
(0.281697 0.503615 0)
(0.265644 0.474893 0)
(0.251327 0.449267 0)
(0.238478 0.426259 0)
(0.226885 0.405489 0)
(0.216374 0.386646 0)
(0.206793 0.369467 0)
(0.198044 0.353756 0)
(0.18999 0.339305 0)
(0.717979 1.55769 0)
(0.609263 1.32225 0)
(0.528812 1.14789 0)
(0.467174 1.0143 0)
(0.418269 0.908258 0)
(0.378657 0.822347 0)
(0.345857 0.751187 0)
(0.31829 0.691363 0)
(0.294786 0.640337 0)
(0.274515 0.596317 0)
(0.256855 0.557949 0)
(0.241332 0.524213 0)
(0.227583 0.494319 0)
(0.215321 0.467645 0)
(0.204318 0.443698 0)
(0.19439 0.42208 0)
(0.185391 0.40247 0)
(0.177186 0.384588 0)
(0.169697 0.368243 0)
(0.162799 0.353196 0)
(0.593584 1.60933 0)
(0.503667 1.36607 0)
(0.437136 1.18593 0)
(0.386168 1.04791 0)
(0.345731 0.938352 0)
(0.312981 0.849594 0)
(0.285865 0.776075 0)
(0.263077 0.714269 0)
(0.243649 0.661552 0)
(0.226895 0.616073 0)
(0.212299 0.576434 0)
(0.199472 0.541581 0)
(0.188112 0.510697 0)
(0.177981 0.483141 0)
(0.168891 0.458402 0)
(0.160689 0.436069 0)
(0.153256 0.415812 0)
(0.146478 0.397339 0)
(0.140295 0.380457 0)
(0.134596 0.364913 0)
(0.465504 1.65105 0)
(0.394952 1.40148 0)
(0.342752 1.21667 0)
(0.30277 1.07506 0)
(0.271052 0.962662 0)
(0.245366 0.871604 0)
(0.224102 0.79618 0)
(0.206233 0.732772 0)
(0.191001 0.67869 0)
(0.177867 0.632033 0)
(0.166427 0.591367 0)
(0.156375 0.555612 0)
(0.147474 0.523928 0)
(0.139537 0.495658 0)
(0.132417 0.470281 0)
(0.125994 0.44737 0)
(0.120174 0.426593 0)
(0.114867 0.40764 0)
(0.110026 0.390332 0)
(0.105564 0.374375 0)
(0.334542 1.6826 0)
(0.283786 1.42824 0)
(0.246244 1.2399 0)
(0.217495 1.09559 0)
(0.194692 0.98104 0)
(0.17623 0.888242 0)
(0.160948 0.811378 0)
(0.148109 0.746759 0)
(0.137167 0.691644 0)
(0.127735 0.644096 0)
(0.119521 0.602655 0)
(0.112305 0.566216 0)
(0.105918 0.533927 0)
(0.100225 0.505118 0)
(0.0951185 0.479256 0)
(0.0905139 0.455909 0)
(0.0863409 0.434736 0)
(0.0825376 0.415427 0)
(0.079067 0.397787 0)
(0.0758665 0.381542 0)
(0.20147 1.70377 0)
(0.170857 1.44621 0)
(0.148207 1.25549 0)
(0.130868 1.10936 0)
(0.117122 0.993371 0)
(0.105997 0.899406 0)
(0.0967921 0.821575 0)
(0.0890625 0.756144 0)
(0.0824779 0.700336 0)
(0.0768049 0.652191 0)
(0.0718675 0.610228 0)
(0.0675332 0.573332 0)
(0.0636989 0.540636 0)
(0.0602847 0.511466 0)
(0.057225 0.485278 0)
(0.0544701 0.461639 0)
(0.0519737 0.440204 0)
(0.0497055 0.42065 0)
(0.0476268 0.402811 0)
(0.0457225 0.386336 0)
(0.0671446 1.71443 0)
(0.056863 1.45523 0)
(0.0492447 1.26334 0)
(0.0434243 1.11629 0)
(0.0388204 0.999579 0)
(0.0351007 0.905026 0)
(0.0320304 0.826709 0)
(0.0294578 0.760869 0)
(0.0272715 0.704712 0)
(0.0253929 0.656266 0)
(0.0237627 0.614041 0)
(0.0223363 0.576914 0)
(0.021079 0.544013 0)
(0.0199647 0.514658 0)
(0.0189697 0.488301 0)
(0.0180831 0.464511 0)
(0.0172751 0.442925 0)
(0.0165661 0.423251 0)
(0.0158753 0.405254 0)
(0.015314 0.388721 0)
(-0.0674711 1.71454 0)
(-0.0574902 1.4553 0)
(-0.0500202 1.2634 0)
(-0.044298 1.11635 0)
(-0.0397299 0.999627 0)
(-0.0360217 0.905069 0)
(-0.0329382 0.826746 0)
(-0.0303381 0.760904 0)
(-0.0281124 0.704744 0)
(-0.0261854 0.656297 0)
(-0.0244993 0.61407 0)
(-0.0230108 0.576941 0)
(-0.0216858 0.544038 0)
(-0.0204985 0.514683 0)
(-0.0194262 0.488321 0)
(-0.0184559 0.464533 0)
(-0.0175643 0.442928 0)
(-0.0167587 0.423272 0)
(-0.0159926 0.405225 0)
(-0.01532 0.388744 0)
(-0.20173 1.7041 0)
(-0.171509 1.44646 0)
(-0.148995 1.25569 0)
(-0.131761 1.10953 0)
(-0.118047 0.993513 0)
(-0.106933 0.899533 0)
(-0.0977136 0.821688 0)
(-0.0899561 0.756249 0)
(-0.0833316 0.700434 0)
(-0.0776103 0.652284 0)
(-0.0726177 0.610318 0)
(-0.0682225 0.57342 0)
(-0.0643225 0.540723 0)
(-0.0608392 0.51155 0)
(-0.0577052 0.485361 0)
(-0.0548782 0.461716 0)
(-0.0522959 0.44028 0)
(-0.0499634 0.420715 0)
(-0.0477701 0.402872 0)
(-0.0458254 0.386399 0)
(-0.334881 1.68317 0)
(-0.284494 1.42868 0)
(-0.247077 1.24023 0)
(-0.218425 1.09587 0)
(-0.19565 0.981274 0)
(-0.177195 0.88845 0)
(-0.161897 0.811564 0)
(-0.149028 0.746931 0)
(-0.138045 0.691805 0)
(-0.128564 0.644249 0)
(-0.120294 0.602803 0)
(-0.113018 0.566362 0)
(-0.106564 0.534072 0)
(-0.100802 0.505263 0)
(-0.0956231 0.479405 0)
(-0.0909444 0.456057 0)
(-0.0866915 0.4349 0)
(-0.0828123 0.415583 0)
(-0.0792484 0.397982 0)
(-0.075972 0.381709 0)
(-0.465971 1.65184 0)
(-0.395747 1.40208 0)
(-0.343651 1.21712 0)
(-0.303758 1.07545 0)
(-0.272058 0.962984 0)
(-0.246377 0.871889 0)
(-0.225091 0.796434 0)
(-0.207191 0.733007 0)
(-0.191916 0.678909 0)
(-0.178732 0.632243 0)
(-0.167236 0.591571 0)
(-0.157123 0.555813 0)
(-0.148156 0.524129 0)
(-0.14015 0.49586 0)
(-0.132958 0.470491 0)
(-0.126458 0.447579 0)
(-0.120558 0.426825 0)
(-0.115169 0.40786 0)
(-0.110238 0.390599 0)
(-0.105689 0.374615 0)
(-0.594199 1.61031 0)
(-0.504574 1.36682 0)
(-0.438122 1.18651 0)
(-0.38723 1.04839 0)
(-0.346801 0.938752 0)
(-0.314049 0.849949 0)
(-0.286907 0.776392 0)
(-0.264085 0.714561 0)
(-0.244611 0.661826 0)
(-0.227806 0.616336 0)
(-0.213153 0.57669 0)
(-0.200264 0.541833 0)
(-0.188837 0.51095 0)
(-0.178636 0.483395 0)
(-0.169474 0.458668 0)
(-0.161194 0.436334 0)
(-0.153686 0.416107 0)
(-0.146821 0.397617 0)
(-0.140558 0.380794 0)
(-0.134765 0.365211 0)
(-0.71877 1.55883 0)
(-0.610304 1.32313 0)
(-0.529904 1.14857 0)
(-0.468328 1.01487 0)
(-0.419416 0.908728 0)
(-0.379795 0.822765 0)
(-0.346964 0.751559 0)
(-0.319359 0.691707 0)
(-0.295806 0.640659 0)
(-0.275482 0.596625 0)
(-0.257762 0.558249 0)
(-0.242177 0.52451 0)
(-0.228361 0.494617 0)
(-0.216028 0.467945 0)
(-0.204954 0.444011 0)
(-0.194946 0.422393 0)
(-0.185874 0.402816 0)
(-0.177578 0.384916 0)
(-0.170019 0.368637 0)
(-0.163018 0.353547 0)
(-0.838923 1.49774 0)
(-0.712284 1.27126 0)
(-0.61843 1.10354 0)
(-0.546548 0.975078 0)
(-0.489456 0.873096 0)
(-0.443209 0.790503 0)
(-0.40489 0.722089 0)
(-0.372671 0.664584 0)
(-0.345185 0.615538 0)
(-0.321467 0.573232 0)
(-0.300789 0.536362 0)
(-0.282603 0.503948 0)
(-0.266483 0.475228 0)
(-0.252094 0.449605 0)
(-0.239175 0.426611 0)
(-0.2275 0.405841 0)
(-0.216921 0.387035 0)
(-0.207244 0.369836 0)
(-0.198434 0.354198 0)
(-0.190269 0.3397 0)
(-0.953914 1.4274 0)
(-0.809883 1.21155 0)
(-0.703152 1.05169 0)
(-0.621408 0.929269 0)
(-0.556486 0.832075 0)
(-0.503899 0.753362 0)
(-0.460327 0.688162 0)
(-0.423694 0.633358 0)
(-0.392442 0.586618 0)
(-0.365476 0.5463 0)
(-0.341968 0.511164 0)
(-0.321293 0.480274 0)
(-0.302968 0.452905 0)
(-0.286612 0.428487 0)
(-0.271928 0.406575 0)
(-0.258658 0.386782 0)
(-0.246637 0.368861 0)
(-0.235639 0.352471 0)
(-0.225632 0.337572 0)
(-0.216353 0.323754 0)
(-1.06304 1.34825 0)
(-0.902499 1.14436 0)
(-0.783549 0.99336 0)
(-0.692445 0.877724 0)
(-0.620093 0.785918 0)
(-0.56149 0.711571 0)
(-0.512934 0.649986 0)
(-0.472112 0.598223 0)
(-0.437287 0.554076 0)
(-0.407239 0.515995 0)
(-0.381045 0.482809 0)
(-0.358008 0.453633 0)
(-0.337591 0.427784 0)
(-0.319368 0.404721 0)
(-0.303009 0.384027 0)
(-0.288226 0.365333 0)
(-0.274836 0.348409 0)
(-0.262585 0.332929 0)
(-0.251442 0.318859 0)
(-0.241106 0.305807 0)
(-1.16561 1.26077 0)
(-0.98956 1.0701 0)
(-0.859121 0.928894 0)
(-0.759221 0.820759 0)
(-0.679885 0.73491 0)
(-0.615626 0.665386 0)
(-0.562386 0.607798 0)
(-0.517626 0.559394 0)
(-0.479443 0.518112 0)
(-0.446498 0.482504 0)
(-0.417779 0.451472 0)
(-0.392523 0.424191 0)
(-0.370139 0.40002 0)
(-0.350161 0.378456 0)
(-0.332228 0.359106 0)
(-0.316023 0.341627 0)
(-0.301346 0.325803 0)
(-0.287917 0.311328 0)
(-0.275705 0.298174 0)
(-0.264376 0.285971 0)
(-1.26101 1.1655 0)
(-1.07053 0.989232 0)
(-0.929404 0.858692 0)
(-0.821323 0.758728 0)
(-0.735492 0.679364 0)
(-0.665974 0.615094 0)
(-0.608377 0.561857 0)
(-0.559956 0.517111 0)
(-0.518649 0.478949 0)
(-0.48301 0.446032 0)
(-0.451943 0.417346 0)
(-0.424623 0.392127 0)
(-0.40041 0.369785 0)
(-0.3788 0.349851 0)
(-0.359403 0.331965 0)
(-0.341875 0.315809 0)
(-0.326001 0.301183 0)
(-0.311477 0.287804 0)
(-0.298271 0.275647 0)
(-0.286018 0.264367 0)
(-1.34864 1.06304 0)
(-1.1449 0.902255 0)
(-0.993963 0.783189 0)
(-0.878367 0.692011 0)
(-0.78657 0.619624 0)
(-0.712222 0.561004 0)
(-0.650623 0.512447 0)
(-0.598839 0.471635 0)
(-0.554664 0.436828 0)
(-0.516551 0.406805 0)
(-0.483327 0.380642 0)
(-0.454111 0.357641 0)
(-0.428218 0.337264 0)
(-0.405109 0.319084 0)
(-0.384367 0.302772 0)
(-0.365624 0.288038 0)
(-0.348651 0.274701 0)
(-0.33312 0.2625 0)
(-0.319002 0.251415 0)
(-0.3059 0.241129 0)
(-1.42796 0.954005 0)
(-1.21222 0.809706 0)
(-1.0524 0.70285 0)
(-0.930003 0.621022 0)
(-0.832805 0.556058 0)
(-0.754085 0.503449 0)
(-0.688865 0.459872 0)
(-0.634036 0.423246 0)
(-0.587265 0.392009 0)
(-0.546913 0.365065 0)
(-0.511737 0.341585 0)
(-0.480805 0.320944 0)
(-0.453391 0.302658 0)
(-0.428926 0.286345 0)
(-0.406966 0.271708 0)
(-0.387123 0.258487 0)
(-0.369154 0.24652 0)
(-0.352712 0.235574 0)
(-0.337767 0.225629 0)
(-0.323897 0.216401 0)
(-1.49848 0.839079 0)
(-1.27207 0.712154 0)
(-1.10435 0.618171 0)
(-0.97591 0.546197 0)
(-0.873912 0.489058 0)
(-0.791305 0.442786 0)
(-0.722865 0.404457 0)
(-0.665331 0.372242 0)
(-0.616252 0.344767 0)
(-0.573908 0.321069 0)
(-0.536998 0.300418 0)
(-0.50454 0.282263 0)
(-0.475775 0.266181 0)
(-0.450103 0.251834 0)
(-0.42706 0.238962 0)
(-0.406239 0.227336 0)
(-0.387385 0.216814 0)
(-0.370133 0.20719 0)
(-0.354454 0.198447 0)
(-0.3399 0.190335 0)
(-1.55977 0.71897 0)
(-1.32409 0.610203 0)
(-1.1495 0.529675 0)
(-1.01581 0.468 0)
(-0.909635 0.419038 0)
(-0.823651 0.379387 0)
(-0.752414 0.346543 0)
(-0.692529 0.318938 0)
(-0.641445 0.295395 0)
(-0.597372 0.275088 0)
(-0.558954 0.257392 0)
(-0.52517 0.241837 0)
(-0.495231 0.228057 0)
(-0.46851 0.215765 0)
(-0.444527 0.204737 0)
(-0.422855 0.194779 0)
(-0.403231 0.185766 0)
(-0.385275 0.177523 0)
(-0.368955 0.170037 0)
(-0.35381 0.16309 0)
(-1.61143 0.59442 0)
(-1.36794 0.504483 0)
(-1.18757 0.437908 0)
(-1.04944 0.386911 0)
(-0.939755 0.346429 0)
(-0.850925 0.313644 0)
(-0.777329 0.286488 0)
(-0.715462 0.263663 0)
(-0.662688 0.244197 0)
(-0.617158 0.227407 0)
(-0.57747 0.212775 0)
(-0.542569 0.199914 0)
(-0.51164 0.188521 0)
(-0.484036 0.178359 0)
(-0.459259 0.169243 0)
(-0.43687 0.161013 0)
(-0.416597 0.153566 0)
(-0.398046 0.146757 0)
(-0.381188 0.140574 0)
(-0.365541 0.134838 0)
(-1.65316 0.466203 0)
(-1.40336 0.395645 0)
(-1.21832 0.343437 0)
(-1.07662 0.303431 0)
(-0.964086 0.27168 0)
(-0.872957 0.245963 0)
(-0.797456 0.224662 0)
(-0.733989 0.206759 0)
(-0.679851 0.19149 0)
(-0.633144 0.17832 0)
(-0.592431 0.166843 0)
(-0.55663 0.156755 0)
(-0.524901 0.147819 0)
(-0.496584 0.139849 0)
(-0.471166 0.132701 0)
(-0.448198 0.126249 0)
(-0.427398 0.120414 0)
(-0.408366 0.115079 0)
(-0.391069 0.110239 0)
(-0.375019 0.105749 0)
(-1.68471 0.335121 0)
(-1.43014 0.284362 0)
(-1.24156 0.246845 0)
(-1.09716 0.218073 0)
(-0.982477 0.195249 0)
(-0.889611 0.17676 0)
(-0.812669 0.161447 0)
(-0.747994 0.148576 0)
(-0.692825 0.137598 0)
(-0.645231 0.12813 0)
(-0.603745 0.119878 0)
(-0.567263 0.112624 0)
(-0.534934 0.106199 0)
(-0.506079 0.100469 0)
(-0.480179 0.0953314 0)
(-0.456773 0.0906933 0)
(-0.435576 0.086507 0)
(-0.416179 0.0826765 0)
(-0.398549 0.0792189 0)
(-0.382193 0.0760001 0)
(-1.70588 0.201992 0)
(-1.44812 0.171322 0)
(-1.25715 0.14872 0)
(-1.11094 0.131364 0)
(-0.994813 0.117609 0)
(-0.900782 0.106462 0)
(-0.822873 0.0972321 0)
(-0.757389 0.0894736 0)
(-0.701531 0.0828568 0)
(-0.653342 0.0771489 0)
(-0.611341 0.0721745 0)
(-0.574407 0.0678012 0)
(-0.541678 0.0639275 0)
(-0.512466 0.0604718 0)
(-0.486247 0.057376 0)
(-0.462546 0.0545793 0)
(-0.441089 0.0520634 0)
(-0.421431 0.0497581 0)
(-0.403574 0.0476952 0)
(-0.386997 0.0457752 0)
(-1.71658 0.0677034 0)
(-1.4572 0.0572088 0)
(-1.265 0.0496729 0)
(-1.11788 0.0438352 0)
(-1.00101 0.0392362 0)
(-0.906398 0.0355017 0)
(-0.828004 0.0324139 0)
(-0.762113 0.0298171 0)
(-0.705909 0.0276026 0)
(-0.657425 0.0256917 0)
(-0.615166 0.0240258 0)
(-0.578008 0.02256 0)
(-0.545083 0.0212611 0)
(-0.515697 0.020099 0)
(-0.489328 0.0190615 0)
(-0.465489 0.0181104 0)
(-0.443917 0.0172829 0)
(-0.42415 0.0164708 0)
(-0.406198 0.0158661 0)
(-0.389531 0.0151384 0)
(-1.7167 -0.067245 0)
(-1.45735 -0.0572856 0)
(-1.26505 -0.0497126 0)
(-1.11792 -0.0439744 0)
(-1.00104 -0.0393866 0)
(-0.906424 -0.0356817 0)
(-0.828026 -0.0326072 0)
(-0.762137 -0.0300248 0)
(-0.705934 -0.0278217 0)
(-0.657453 -0.025922 0)
(-0.615199 -0.0242667 0)
(-0.578048 -0.0228123 0)
(-0.545134 -0.021524 0)
(-0.515757 -0.0203767 0)
(-0.48942 -0.0193438 0)
(-0.465579 -0.0184206 0)
(-0.444096 -0.01756 0)
(-0.424266 -0.0168161 0)
(-0.406543 -0.0160338 0)
(-0.389638 -0.0154458 0)
(-1.70615 -0.202 0)
(-1.4484 -0.171443 0)
(-1.25727 -0.14882 0)
(-1.11105 -0.13152 0)
(-0.994887 -0.117773 0)
(-0.900853 -0.106648 0)
(-0.822938 -0.097429 0)
(-0.757455 -0.0896819 0)
(-0.7016 -0.0830736 0)
(-0.653419 -0.0773732 0)
(-0.611427 -0.0724047 0)
(-0.574507 -0.0680354 0)
(-0.541798 -0.0641632 0)
(-0.512605 -0.0607047 0)
(-0.486432 -0.0576018 0)
(-0.462741 -0.0547859 0)
(-0.441389 -0.0522513 0)
(-0.421689 -0.0498881 0)
(-0.404046 -0.0478162 0)
(-0.387289 -0.0457648 0)
(-1.685 -0.335291 0)
(-1.43045 -0.284531 0)
(-1.24172 -0.246991 0)
(-1.09731 -0.218252 0)
(-0.98259 -0.195431 0)
(-0.889721 -0.176957 0)
(-0.81277 -0.16165 0)
(-0.748098 -0.148786 0)
(-0.692933 -0.137813 0)
(-0.645348 -0.128348 0)
(-0.603875 -0.120098 0)
(-0.56741 -0.112843 0)
(-0.535103 -0.106414 0)
(-0.506267 -0.100674 0)
(-0.480406 -0.0955256 0)
(-0.457004 -0.0908597 0)
(-0.435877 -0.0866592 0)
(-0.416436 -0.0827691 0)
(-0.398905 -0.0793182 0)
(-0.382445 -0.076005 0)
(-1.65345 -0.466421 0)
(-1.40367 -0.39585 0)
(-1.2185 -0.343627 0)
(-1.0768 -0.303635 0)
(-0.964227 -0.271881 0)
(-0.873096 -0.246172 0)
(-0.797585 -0.224873 0)
(-0.734122 -0.206972 0)
(-0.679988 -0.191703 0)
(-0.633291 -0.178531 0)
(-0.592592 -0.16705 0)
(-0.556806 -0.156955 0)
(-0.525098 -0.14801 0)
(-0.496797 -0.140025 0)
(-0.471411 -0.132865 0)
(-0.448442 -0.126384 0)
(-0.427694 -0.120543 0)
(-0.408612 -0.115158 0)
(-0.391397 -0.110343 0)
(-0.375233 -0.105785 0)
(-1.61171 -0.594671 0)
(-1.36823 -0.50471 0)
(-1.18776 -0.438131 0)
(-1.04964 -0.387137 0)
(-0.939914 -0.346649 0)
(-0.851082 -0.313865 0)
(-0.777477 -0.286706 0)
(-0.715614 -0.263879 0)
(-0.662845 -0.244409 0)
(-0.617324 -0.227613 0)
(-0.577648 -0.212974 0)
(-0.54276 -0.200102 0)
(-0.511846 -0.188697 0)
(-0.484253 -0.178519 0)
(-0.459497 -0.16939 0)
(-0.437104 -0.161133 0)
(-0.41686 -0.153683 0)
(-0.398273 -0.146832 0)
(-0.381456 -0.140676 0)
(-0.365747 -0.134884 0)
(-1.56004 -0.719228 0)
(-1.32437 -0.61045 0)
(-1.1497 -0.529921 0)
(-1.01601 -0.468244 0)
(-0.909803 -0.419273 0)
(-0.823819 -0.379619 0)
(-0.752574 -0.346768 0)
(-0.692692 -0.319157 0)
(-0.641613 -0.295606 0)
(-0.597548 -0.27529 0)
(-0.559139 -0.257584 0)
(-0.525366 -0.242017 0)
(-0.495438 -0.228224 0)
(-0.468725 -0.215915 0)
(-0.444754 -0.204877 0)
(-0.423077 -0.194896 0)
(-0.403473 -0.185884 0)
(-0.385484 -0.177608 0)
(-0.369198 -0.170148 0)
(-0.353991 -0.163158 0)
(-1.49875 -0.839354 0)
(-1.27234 -0.712415 0)
(-1.10455 -0.618434 0)
(-0.976108 -0.546455 0)
(-0.874082 -0.489305 0)
(-0.791475 -0.443027 0)
(-0.723029 -0.404688 0)
(-0.665499 -0.372464 0)
(-0.616423 -0.344978 0)
(-0.574086 -0.321269 0)
(-0.537183 -0.300605 0)
(-0.504732 -0.282438 0)
(-0.475974 -0.266342 0)
(-0.450306 -0.251978 0)
(-0.427271 -0.239096 0)
(-0.406443 -0.22745 0)
(-0.3876 -0.216928 0)
(-0.370323 -0.207276 0)
(-0.354661 -0.198557 0)
(-0.340067 -0.190408 0)
(-1.42822 -0.954291 0)
(-1.21247 -0.809979 0)
(-1.05259 -0.703126 0)
(-0.930194 -0.62129 0)
(-0.832973 -0.556314 0)
(-0.754253 -0.503697 0)
(-0.689028 -0.460108 0)
(-0.634202 -0.42347 0)
(-0.587434 -0.392221 0)
(-0.547086 -0.365265 0)
(-0.511915 -0.341771 0)
(-0.480987 -0.321116 0)
(-0.453579 -0.302816 0)
(-0.429114 -0.286488 0)
(-0.407158 -0.27184 0)
(-0.387308 -0.258603 0)
(-0.369345 -0.246636 0)
(-0.352882 -0.235667 0)
(-0.337948 -0.225742 0)
(-0.324044 -0.216484 0)
(-1.34889 -1.06334 0)
(-1.14514 -0.90254 0)
(-0.994145 -0.783474 0)
(-0.87855 -0.692288 0)
(-0.786733 -0.619887 0)
(-0.712384 -0.561257 0)
(-0.650781 -0.512687 0)
(-0.598999 -0.471862 0)
(-0.554826 -0.437042 0)
(-0.516715 -0.407005 0)
(-0.483495 -0.380827 0)
(-0.454281 -0.357812 0)
(-0.42839 -0.337421 0)
(-0.405281 -0.319227 0)
(-0.384539 -0.302905 0)
(-0.36579 -0.288155 0)
(-0.348818 -0.274817 0)
(-0.333271 -0.262597 0)
(-0.319156 -0.251527 0)
(-0.30603 -0.241216 0)
(-1.26125 -1.16582 0)
(-1.07075 -0.989528 0)
(-0.929577 -0.858985 0)
(-0.821494 -0.759011 0)
(-0.735646 -0.679633 0)
(-0.666128 -0.615352 0)
(-0.608527 -0.5621 0)
(-0.560106 -0.517341 0)
(-0.5188 -0.479165 0)
(-0.483163 -0.446233 0)
(-0.452097 -0.417532 0)
(-0.424778 -0.392299 0)
(-0.400565 -0.369943 0)
(-0.378954 -0.349995 0)
(-0.359555 -0.332098 0)
(-0.342022 -0.315928 0)
(-0.326146 -0.3013 0)
(-0.311609 -0.287904 0)
(-0.298403 -0.275758 0)
(-0.286132 -0.264458 0)
(-1.16584 -1.2611 0)
(-0.989766 -1.07041 0)
(-0.859284 -0.929193 0)
(-0.75938 -0.821047 0)
(-0.68003 -0.735183 0)
(-0.61577 -0.665648 0)
(-0.562525 -0.608044 0)
(-0.517766 -0.559627 0)
(-0.479582 -0.51833 0)
(-0.446637 -0.482707 0)
(-0.417918 -0.45166 0)
(-0.392661 -0.424364 0)
(-0.370276 -0.40018 0)
(-0.350296 -0.378601 0)
(-0.33236 -0.35924 0)
(-0.31615 -0.341748 0)
(-0.301469 -0.32592 0)
(-0.288031 -0.311431 0)
(-0.275815 -0.298284 0)
(-0.264474 -0.286064 0)
(-1.06325 -1.34859 0)
(-0.902688 -1.14468 0)
(-0.783701 -0.993666 0)
(-0.692592 -0.878017 0)
(-0.620228 -0.786196 0)
(-0.561622 -0.711835 0)
(-0.513062 -0.650236 0)
(-0.472239 -0.598458 0)
(-0.437413 -0.554296 0)
(-0.407364 -0.516201 0)
(-0.381168 -0.483 0)
(-0.35813 -0.453809 0)
(-0.33771 -0.427946 0)
(-0.319484 -0.40487 0)
(-0.303122 -0.384164 0)
(-0.288335 -0.365458 0)
(-0.27494 -0.348527 0)
(-0.262682 -0.333034 0)
(-0.251533 -0.318967 0)
(-0.24119 -0.305903 0)
(-0.954115 -1.42776 0)
(-0.810055 -1.21188 0)
(-0.703295 -1.05201 0)
(-0.621543 -0.929567 0)
(-0.55661 -0.832357 0)
(-0.50402 -0.75363 0)
(-0.460443 -0.688415 0)
(-0.423808 -0.633597 0)
(-0.392554 -0.586842 0)
(-0.365585 -0.54651 0)
(-0.342075 -0.511359 0)
(-0.321397 -0.480454 0)
(-0.303069 -0.453071 0)
(-0.286709 -0.428639 0)
(-0.272022 -0.406716 0)
(-0.258748 -0.386911 0)
(-0.246722 -0.368982 0)
(-0.23572 -0.352581 0)
(-0.225706 -0.337679 0)
(-0.216424 -0.323851 0)
(-0.839107 -1.49812 0)
(-0.712439 -1.2716 0)
(-0.618562 -1.10385 0)
(-0.546671 -0.975381 0)
(-0.489569 -0.873382 0)
(-0.443318 -0.790775 0)
(-0.404994 -0.722346 0)
(-0.372772 -0.664826 0)
(-0.345282 -0.615767 0)
(-0.32156 -0.573446 0)
(-0.30088 -0.536562 0)
(-0.28269 -0.504133 0)
(-0.266566 -0.4754 0)
(-0.252174 -0.449763 0)
(-0.239251 -0.426757 0)
(-0.227573 -0.405975 0)
(-0.216989 -0.387158 0)
(-0.20731 -0.36995 0)
(-0.198495 -0.354307 0)
(-0.190329 -0.3398 0)
(-0.718939 -1.55923 0)
(-0.610443 -1.32348 0)
(-0.530026 -1.14889 0)
(-0.468439 -1.01518 0)
(-0.419519 -0.90902 0)
(-0.379892 -0.823042 0)
(-0.347055 -0.751821 0)
(-0.319446 -0.691954 0)
(-0.295889 -0.640893 0)
(-0.275561 -0.596845 0)
(-0.257837 -0.558455 0)
(-0.242247 -0.524702 0)
(-0.228427 -0.494795 0)
(-0.21609 -0.468111 0)
(-0.205012 -0.444164 0)
(-0.195 -0.422533 0)
(-0.185925 -0.402944 0)
(-0.177627 -0.385035 0)
(-0.170066 -0.368746 0)
(-0.163066 -0.353651 0)
(-0.594353 -1.61071 0)
(-0.504696 -1.36719 0)
(-0.438234 -1.18684 0)
(-0.387329 -1.04871 0)
(-0.346892 -0.939049 0)
(-0.314133 -0.850232 0)
(-0.286986 -0.776659 0)
(-0.264159 -0.714814 0)
(-0.24468 -0.662066 0)
(-0.22787 -0.616562 0)
(-0.213213 -0.576903 0)
(-0.200318 -0.542034 0)
(-0.188887 -0.511138 0)
(-0.178682 -0.483571 0)
(-0.169516 -0.45883 0)
(-0.161233 -0.436485 0)
(-0.153722 -0.416245 0)
(-0.146856 -0.397744 0)
(-0.140595 -0.380911 0)
(-0.134803 -0.365319 0)
(-0.466118 -1.65226 0)
(-0.395851 -1.40246 0)
(-0.343751 -1.21747 0)
(-0.303843 -1.07578 0)
(-0.272136 -0.963287 0)
(-0.246448 -0.872178 0)
(-0.225157 -0.796707 0)
(-0.207252 -0.733266 0)
(-0.191972 -0.679155 0)
(-0.178783 -0.632476 0)
(-0.167282 -0.591793 0)
(-0.157163 -0.556023 0)
(-0.14819 -0.524328 0)
(-0.140179 -0.496048 0)
(-0.132982 -0.470666 0)
(-0.126478 -0.447743 0)
(-0.120579 -0.426976 0)
(-0.115186 -0.407999 0)
(-0.110264 -0.390722 0)
(-0.105715 -0.374733 0)
(-0.33503 -1.68361 0)
(-0.284582 -1.42908 0)
(-0.247162 -1.24059 0)
(-0.218495 -1.09621 0)
(-0.195714 -0.981585 0)
(-0.177253 -0.888745 0)
(-0.16195 -0.811841 0)
(-0.149077 -0.747195 0)
(-0.138089 -0.692056 0)
(-0.128603 -0.64449 0)
(-0.120328 -0.603033 0)
(-0.113046 -0.566582 0)
(-0.106587 -0.534284 0)
(-0.100818 -0.505465 0)
(-0.0956348 -0.479599 0)
(-0.090949 -0.456239 0)
(-0.0866963 -0.435074 0)
(-0.0828094 -0.415737 0)
(-0.0792586 -0.398126 0)
(-0.0759779 -0.381837 0)
(-0.201888 -1.70458 0)
(-0.171573 -1.44689 0)
(-0.149062 -1.25606 0)
(-0.131813 -1.10988 0)
(-0.118096 -0.993829 0)
(-0.106976 -0.899832 0)
(-0.0977533 -0.821969 0)
(-0.0899918 -0.756517 0)
(-0.0833634 -0.70069 0)
(-0.0776378 -0.65253 0)
(-0.0726406 -0.610555 0)
(-0.0682404 -0.573649 0)
(-0.0643353 -0.540946 0)
(-0.0608452 -0.511767 0)
(-0.057707 -0.485576 0)
(-0.0548687 -0.461923 0)
(-0.0522896 -0.44049 0)
(-0.049934 -0.420911 0)
(-0.0477734 -0.403074 0)
(-0.0457873 -0.386578 0)
(-0.067538 -1.71504 0)
(-0.0575227 -1.45578 0)
(-0.0500582 -1.26378 0)
(-0.0443296 -1.11671 0)
(-0.0397609 -0.999945 0)
(-0.0360499 -0.905371 0)
(-0.0329644 -0.82703 0)
(-0.0303616 -0.761174 0)
(-0.0281332 -0.705003 0)
(-0.0262032 -0.656546 0)
(-0.0245139 -0.614312 0)
(-0.023022 -0.577177 0)
(-0.0216938 -0.544272 0)
(-0.0205027 -0.514911 0)
(-0.0194282 -0.488557 0)
(-0.0184521 -0.464757 0)
(-0.0175633 -0.443186 0)
(-0.0167457 -0.423491 0)
(-0.015998 -0.405527 0)
(-0.0153015 -0.388949 0)
(1.71281 -0.0675381 0)
(1.70225 -0.201439 0)
(1.68128 -0.334346 0)
(1.64995 -0.465281 0)
(1.60845 -0.593356 0)
(1.55701 -0.717801 0)
(1.49598 -0.837823 0)
(1.42571 -0.952694 0)
(1.34664 -1.0617 0)
(1.25927 -1.16418 0)
(1.16412 -1.25949 0)
(1.06178 -1.34704 0)
(0.952887 -1.42631 0)
(0.8381 -1.49679 0)
(0.71813 -1.55805 0)
(0.593714 -1.60972 0)
(0.46562 -1.65147 0)
(0.334632 -1.68304 0)
(0.201566 -1.70424 0)
(0.0672237 -1.71493 0)
(1.4537 -0.057182 0)
(1.44475 -0.17108 0)
(1.42695 -0.283939 0)
(1.40035 -0.395067 0)
(1.36512 -0.50378 0)
(1.32147 -0.6094 0)
(1.26966 -0.711276 0)
(1.21002 -0.808778 0)
(1.1429 -0.901305 0)
(1.06873 -0.988287 0)
(0.987965 -1.06919 0)
(0.901093 -1.1435 0)
(0.808653 -1.21078 0)
(0.711213 -1.2706 0)
(0.609374 -1.32259 0)
(0.503762 -1.36644 0)
(0.395028 -1.40187 0)
(0.283843 -1.42865 0)
(0.170889 -1.44663 0)
(0.0568665 -1.4557 0)
(1.26206 -0.0496785 0)
(1.25428 -0.14855 0)
(1.2388 -0.246528 0)
(1.21568 -0.343001 0)
(1.18508 -0.437376 0)
(1.14717 -0.529069 0)
(1.10218 -0.617512 0)
(1.05039 -0.702159 0)
(0.992113 -0.782486 0)
(0.927715 -0.857998 0)
(0.857588 -0.928228 0)
(0.782164 -0.992742 0)
(0.701907 -1.05114 0)
(0.61731 -1.10307 0)
(0.528895 -1.1482 0)
(0.437207 -1.18626 0)
(0.342809 -1.217 0)
(0.246284 -1.24025 0)
(0.148228 -1.25585 0)
(0.0492425 -1.26371 0)
(1.11506 -0.0438888 0)
(1.1082 -0.131278 0)
(1.09451 -0.217863 0)
(1.07408 -0.303114 0)
(1.04704 -0.386508 0)
(1.01354 -0.467529 0)
(0.973791 -0.545678 0)
(0.928031 -0.620472 0)
(0.876542 -0.69145 0)
(0.819641 -0.758173 0)
(0.757678 -0.820228 0)
(0.691033 -0.877234 0)
(0.620117 -0.928837 0)
(0.545367 -0.974718 0)
(0.467242 -1.0146 0)
(0.386224 -1.04822 0)
(0.302813 -1.07539 0)
(0.217523 -1.09592 0)
(0.130878 -1.10971 0)
(0.0434143 -1.11665 0)
(0.998457 -0.0393105 0)
(0.992308 -0.117567 0)
(0.980049 -0.195104 0)
(0.961753 -0.271445 0)
(0.93753 -0.346121 0)
(0.907528 -0.418672 0)
(0.871928 -0.488651 0)
(0.830948 -0.555625 0)
(0.78484 -0.619181 0)
(0.733885 -0.678927 0)
(0.678398 -0.734493 0)
(0.61872 -0.785537 0)
(0.555217 -0.831743 0)
(0.48828 -0.872825 0)
(0.418323 -0.908529 0)
(0.345776 -0.938636 0)
(0.271085 -0.962958 0)
(0.194712 -0.981345 0)
(0.117127 -0.993684 0)
(0.0388081 -0.999897 0)
(0.903945 -0.0355943 0)
(0.898378 -0.106453 0)
(0.887278 -0.17666 0)
(0.870713 -0.245783 0)
(0.848783 -0.313397 0)
(0.821619 -0.379087 0)
(0.789389 -0.442446 0)
(0.752287 -0.503086 0)
(0.710542 -0.56063 0)
(0.66441 -0.614724 0)
(0.614173 -0.665035 0)
(0.560141 -0.71125 0)
(0.502647 -0.753084 0)
(0.442043 -0.79028 0)
(0.378704 -0.822607 0)
(0.313019 -0.849865 0)
(0.245394 -0.871886 0)
(0.176245 -0.888533 0)
(0.105999 -0.899703 0)
(0.0350878 -0.905328 0)
(0.825683 -0.0325173 0)
(0.820597 -0.0972476 0)
(0.810458 -0.161382 0)
(0.795325 -0.224526 0)
(0.775292 -0.286291 0)
(0.750479 -0.346297 0)
(0.721037 -0.404174 0)
(0.687147 -0.459566 0)
(0.649015 -0.512131 0)
(0.606876 -0.561543 0)
(0.560988 -0.607499 0)
(0.511632 -0.649715 0)
(0.459114 -0.687928 0)
(0.403755 -0.721905 0)
(0.345898 -0.751433 0)
(0.285898 -0.776332 0)
(0.224125 -0.796446 0)
(0.16096 -0.811652 0)
(0.0967922 -0.821855 0)
(0.0320177 -0.826991 0)
(0.759878 -0.0299278 0)
(0.755197 -0.0895053 0)
(0.745865 -0.148534 0)
(0.731939 -0.206651 0)
(0.713503 -0.263499 0)
(0.690669 -0.318727 0)
(0.663574 -0.371996 0)
(0.632386 -0.422976 0)
(0.597294 -0.471355 0)
(0.558513 -0.516832 0)
(0.516281 -0.559128 0)
(0.470859 -0.597981 0)
(0.422524 -0.633151 0)
(0.371576 -0.664422 0)
(0.318327 -0.691599 0)
(0.263107 -0.714514 0)
(0.206254 -0.733027 0)
(0.14812 -0.747021 0)
(0.0890623 -0.756411 0)
(0.029446 -0.761139 0)
(0.703756 -0.0277176 0)
(0.69942 -0.0829002 0)
(0.690778 -0.137574 0)
(0.677881 -0.191404 0)
(0.660808 -0.244057 0)
(0.639661 -0.29521 0)
(0.614569 -0.344548 0)
(0.585685 -0.391766 0)
(0.553186 -0.436574 0)
(0.51727 -0.478694 0)
(0.478157 -0.517868 0)
(0.436089 -0.553854 0)
(0.391324 -0.586429 0)
(0.344138 -0.615391 0)
(0.29482 -0.640562 0)
(0.243676 -0.661787 0)
(0.19102 -0.678933 0)
(0.137176 -0.691895 0)
(0.0824777 -0.700592 0)
(0.027261 -0.704971 0)
(0.655338 -0.0258086 0)
(0.6513 -0.0771999 0)
(0.643253 -0.128117 0)
(0.631245 -0.178249 0)
(0.615348 -0.227283 0)
(0.595659 -0.27492 0)
(0.572296 -0.320866 0)
(0.545402 -0.364838 0)
(0.51514 -0.406566 0)
(0.481696 -0.445791 0)
(0.445275 -0.482272 0)
(0.406101 -0.515784 0)
(0.364415 -0.546119 0)
(0.320474 -0.573091 0)
(0.274548 -0.596532 0)
(0.226921 -0.616298 0)
(0.177885 -0.632266 0)
(0.127744 -0.644337 0)
(0.076805 -0.652437 0)
(0.0253838 -0.656515 0)
(0.613138 -0.0241424 0)
(0.60936 -0.0722298 0)
(0.601831 -0.119873 0)
(0.590599 -0.166781 0)
(0.57573 -0.212662 0)
(0.557312 -0.257234 0)
(0.535457 -0.300224 0)
(0.510297 -0.341366 0)
(0.481985 -0.380409 0)
(0.450696 -0.41711 0)
(0.416622 -0.451244 0)
(0.379971 -0.4826 0)
(0.340969 -0.510984 0)
(0.299857 -0.536221 0)
(0.256887 -0.558155 0)
(0.212325 -0.57665 0)
(0.166445 -0.591591 0)
(0.119529 -0.602887 0)
(0.071868 -0.610466 0)
(0.0237549 -0.614283 0)
(0.576035 -0.0226743 0)
(0.572484 -0.0678583 0)
(0.565413 -0.112623 0)
(0.554864 -0.156696 0)
(0.540899 -0.199804 0)
(0.5236 -0.241681 0)
(0.503071 -0.282071 0)
(0.479436 -0.320726 0)
(0.45284 -0.357407 0)
(0.423446 -0.39189 0)
(0.391435 -0.42396 0)
(0.357002 -0.453421 0)
(0.32036 -0.480089 0)
(0.281735 -0.503801 0)
(0.241365 -0.52441 0)
(0.199498 -0.541788 0)
(0.156392 -0.555827 0)
(0.112314 -0.56644 0)
(0.0675339 -0.573562 0)
(0.0223293 -0.577149 0)
(0.543153 -0.0213703 0)
(0.539803 -0.0639826 0)
(0.533139 -0.106197 0)
(0.523197 -0.147758 0)
(0.510036 -0.188407 0)
(0.493729 -0.227896 0)
(0.474377 -0.265982 0)
(0.452095 -0.302432 0)
(0.42702 -0.337022 0)
(0.399305 -0.369538 0)
(0.369122 -0.39978 0)
(0.336655 -0.427561 0)
(0.302105 -0.45271 0)
(0.265684 -0.475071 0)
(0.227617 -0.494506 0)
(0.188138 -0.510894 0)
(0.147491 -0.524134 0)
(0.105926 -0.534144 0)
(0.0636996 -0.540861 0)
(0.0210724 -0.544245 0)
(0.513824 -0.0202015 0)
(0.510652 -0.0605251 0)
(0.504352 -0.100464 0)
(0.494952 -0.139784 0)
(0.482508 -0.178239 0)
(0.467087 -0.215595 0)
(0.448783 -0.251626 0)
(0.427707 -0.286108 0)
(0.403989 -0.318831 0)
(0.377772 -0.349592 0)
(0.34922 -0.378203 0)
(0.318507 -0.404486 0)
(0.285822 -0.428279 0)
(0.251368 -0.449435 0)
(0.215356 -0.467822 0)
(0.178008 -0.483328 0)
(0.139554 -0.495855 0)
(0.100233 -0.505326 0)
(0.0602841 -0.511682 0)
(0.019957 -0.514885 0)
(0.487467 -0.0191512 0)
(0.484457 -0.0574167 0)
(0.478493 -0.0953106 0)
(0.469585 -0.132616 0)
(0.45779 -0.169102 0)
(0.443167 -0.204543 0)
(0.425808 -0.238729 0)
(0.405816 -0.271445 0)
(0.383316 -0.302493 0)
(0.358446 -0.33168 0)
(0.331359 -0.358828 0)
(0.302221 -0.383767 0)
(0.271212 -0.406344 0)
(0.238523 -0.426419 0)
(0.204355 -0.443867 0)
(0.16892 -0.458581 0)
(0.132436 -0.47047 0)
(0.0951279 -0.479459 0)
(0.0572242 -0.485491 0)
(0.0189615 -0.488532 0)
(0.463725 -0.0181891 0)
(0.460857 -0.0546212 0)
(0.455188 -0.0906713 0)
(0.446719 -0.126157 0)
(0.435504 -0.160862 0)
(0.421595 -0.194572 0)
(0.405083 -0.227091 0)
(0.386068 -0.258211 0)
(0.364665 -0.287746 0)
(0.341008 -0.315511 0)
(0.315241 -0.341336 0)
(0.287523 -0.365061 0)
(0.258026 -0.386539 0)
(0.22693 -0.405637 0)
(0.194428 -0.422237 0)
(0.16072 -0.436235 0)
(0.126013 -0.447546 0)
(0.0905228 -0.456098 0)
(0.0544654 -0.461839 0)
(0.0180678 -0.464732 0)
(0.442079 -0.0173352 0)
(0.43935 -0.0520649 0)
(0.433987 -0.0864349 0)
(0.425932 -0.120267 0)
(0.415258 -0.153359 0)
(0.402008 -0.185502 0)
(0.386273 -0.216512 0)
(0.368148 -0.246188 0)
(0.347746 -0.274354 0)
(0.325193 -0.300833 0)
(0.300627 -0.325463 0)
(0.2742 -0.34809 0)
(0.246075 -0.368574 0)
(0.216426 -0.38679 0)
(0.185434 -0.402623 0)
(0.153292 -0.415976 0)
(0.120197 -0.426765 0)
(0.0863549 -0.434925 0)
(0.0519715 -0.440401 0)
(0.0172631 -0.443165 0)
(0.422532 -0.0165089 0)
(0.419906 -0.0497804 0)
(0.414771 -0.0826186 0)
(0.407075 -0.114936 0)
(0.396864 -0.146552 0)
(0.384198 -0.17726 0)
(0.369157 -0.206888 0)
(0.351834 -0.235244 0)
(0.332336 -0.262157 0)
(0.310782 -0.287458 0)
(0.287306 -0.310992 0)
(0.262052 -0.332613 0)
(0.235176 -0.352187 0)
(0.206843 -0.369593 0)
(0.177228 -0.384723 0)
(0.146514 -0.397482 0)
(0.114889 -0.407793 0)
(0.0825518 -0.41559 0)
(0.049695 -0.420827 0)
(0.016533 -0.423463 0)
(0.404337 -0.0158563 0)
(0.401873 -0.0476038 0)
(0.397067 -0.0790405 0)
(0.389718 -0.109981 0)
(0.379979 -0.140257 0)
(0.367864 -0.169665 0)
(0.353478 -0.198042 0)
(0.336902 -0.225199 0)
(0.318242 -0.250975 0)
(0.297612 -0.275209 0)
(0.275139 -0.297751 0)
(0.250963 -0.318462 0)
(0.225232 -0.337212 0)
(0.198105 -0.353886 0)
(0.16975 -0.368382 0)
(0.14034 -0.380606 0)
(0.110059 -0.390487 0)
(0.0790917 -0.39796 0)
(0.0476304 -0.402978 0)
(0.0158705 -0.405515 0)
(0.388092 -0.0151131 0)
(0.385652 -0.0457425 0)
(0.380967 -0.0758586 0)
(0.373923 -0.10551 0)
(0.364538 -0.134541 0)
(0.352915 -0.162739 0)
(0.339101 -0.189952 0)
(0.323195 -0.215996 0)
(0.30529 -0.240716 0)
(0.285498 -0.263957 0)
(0.263939 -0.285575 0)
(0.240747 -0.305437 0)
(0.216065 -0.323419 0)
(0.190045 -0.33941 0)
(0.162847 -0.353311 0)
(0.134639 -0.365034 0)
(0.105594 -0.37451 0)
(0.075895 -0.381674 0)
(0.0457164 -0.386492 0)
(0.015264 -0.388914 0)
)
;

boundaryField
{
    up
    {
        type            myHeatFlux;
        alpha           uniform 1;
        Theta_wall      uniform 1;
        value           nonuniform List<vector> 
80
(
(0.380711 0.0149581 -3.28808e-19)
(0.378457 0.0447933 0)
(0.37357 0.0743078 0)
(0.366548 0.103377 0)
(0.357398 0.131851 0)
(0.345991 0.159504 0)
(0.332453 0.186183 0)
(0.316854 0.211715 0)
(0.299301 0.23595 0)
(0.279896 0.258733 0)
(0.258761 0.279926 -5.26367e-18)
(0.236025 0.299396 0)
(0.211829 0.317024 0)
(0.186321 0.332699 0)
(0.159659 0.346327 0)
(0.132006 0.357817 0)
(0.103535 0.367107 0)
(0.0744188 0.374128 0)
(0.0448416 0.378865 1.31697e-18)
(0.0149755 0.381152 3.29189e-19)
(-0.0149746 0.381129 -1.29333e-08)
(-0.0448478 0.378917 -3.79704e-08)
(-0.0744598 0.374335 -6.06913e-08)
(-0.103611 0.367376 -8.05912e-08)
(-0.13213 0.358154 -9.79964e-08)
(-0.159841 0.346722 -1.12909e-07)
(-0.186569 0.333143 -1.24837e-07)
(-0.212152 0.317508 -1.3388e-07)
(-0.236429 0.299909 -1.40031e-07)
(-0.259252 0.280458 -1.43031e-07)
(-0.280479 0.259272 -1.43042e-07)
(-0.299978 0.236484 -1.40064e-07)
(-0.31763 0.212233 -1.33931e-07)
(-0.333326 0.186671 -1.24906e-07)
(-0.346967 0.159954 -1.12989e-07)
(-0.358474 0.132248 -9.80839e-08)
(-0.367768 0.103721 -8.06771e-08)
(-0.374803 0.074553 -6.07672e-08)
(-0.379489 0.0449155 -3.80277e-08)
(-0.381976 0.0150079 -1.2962e-08)
(-0.382303 -0.0150207 -3.30183e-19)
(-0.37994 -0.0449689 0)
(-0.37509 -0.0746101 0)
(-0.368026 -0.103794 0)
(-0.358692 -0.132328 0)
(-0.347168 -0.160047 0)
(-0.333498 -0.186768 0)
(-0.317782 -0.212335 0)
(-0.300108 -0.236586 0)
(-0.28059 -0.259375 0)
(-0.259346 -0.280559 -5.27558e-18)
(-0.236509 -0.30001 0)
(-0.212218 -0.317607 0)
(-0.186626 -0.333244 0)
(-0.159887 -0.346821 0)
(-0.132169 -0.35826 0)
(-0.103642 -0.367487 0)
(-0.0744821 -0.374447 0)
(-0.0448689 -0.379096 1.31778e-18)
(-0.0149853 -0.381403 3.29406e-19)
(0.380335 -0.0149434 3.28483e-19)
(0.378028 -0.0447425 1.31407e-18)
(0.373534 -0.0743006 0)
(0.366622 -0.103398 0)
(0.357447 -0.131869 0)
(0.346048 -0.15953 0)
(0.332516 -0.186218 0)
(0.316924 -0.211762 0)
(0.299373 -0.236007 0)
(0.27997 -0.258801 -5.26449e-18)
(0.258834 -0.280005 0)
(0.236096 -0.299486 0)
(0.211896 -0.317124 0)
(0.186382 -0.332809 0)
(0.159714 -0.346445 0)
(0.132053 -0.357946 0)
(0.103573 -0.367242 0)
(0.0744475 -0.374273 0)
(0.0448576 -0.379 0)
(0.0149846 -0.381385 -3.2939e-19)
)
;
    }
    hole
    {
        type            myHeatFlux;
        alpha           uniform 1;
        Theta_wall      uniform 4;
        value           nonuniform List<vector> 
80
(
(1.90473 0.0748481 0)
(1.89318 0.224083 0)
(1.86925 0.371825 0)
(1.83416 0.517294 4.11159e-18)
(1.7881 0.659672 0)
(1.73095 0.797983 0)
(1.66309 0.931381 0)
(1.58497 1.05905 0)
(1.49707 1.1802 -4.11293e-18)
(1.39994 1.29409 8.22631e-18)
(1.29417 1.40002 -8.22678e-18)
(1.1804 1.49733 4.11364e-18)
(1.05935 1.58543 0)
(0.931757 1.66376 0)
(0.798403 1.73186 -4.11444e-18)
(0.660109 1.78928 0)
(0.517727 1.83569 -4.11503e-18)
(0.372135 1.8708 0)
(0.224226 1.89439 0)
(0.0749003 1.90606 0)
(-0.0749002 1.90606 0)
(-0.224259 1.89467 0)
(-0.372279 1.87153 0)
(-0.518005 1.83668 4.11724e-18)
(-0.660557 1.7905 0)
(-0.799056 1.73327 0)
(-0.932646 1.66535 0)
(-1.0605 1.58715 0)
(-1.18184 1.49915 -4.11863e-18)
(-1.29589 1.40189 8.23778e-18)
(-1.40197 1.29597 -8.23827e-18)
(-1.49942 1.18205 4.11937e-18)
(-1.58762 1.06082 0)
(-1.66604 0.933031 0)
(-1.73418 0.799474 -4.11996e-18)
(-1.79163 0.660974 0)
(-1.83801 0.51838 -4.12022e-18)
(-1.87304 0.37258 0)
(-1.89644 0.224469 0)
(-1.90851 0.0749965 0)
(-1.90922 -0.0750247 0)
(-1.89748 -0.224592 0)
(-1.87362 -0.372695 0)
(-1.83845 -0.518504 4.12121e-18)
(-1.79201 -0.661112 0)
(-1.73454 -0.79964 0)
(-1.66639 -0.933226 0)
(-1.58796 -1.06104 0)
(-1.49974 -1.18231 -4.12027e-18)
(-1.40229 -1.29626 8.24011e-18)
(-1.29619 -1.40221 -8.23964e-18)
(-1.18211 -1.49949 4.11958e-18)
(-1.06075 -1.58752 0)
(-0.932864 -1.66574 0)
(-0.799242 -1.73368 -4.11877e-18)
(-0.660711 -1.79092 0)
(-0.518123 -1.8371 -4.11818e-18)
(-0.372363 -1.87195 0)
(-0.224327 -1.89524 0)
(-0.0749315 -1.90685 0)
(1.90388 -0.0748147 -0)
(1.89215 -0.223961 0)
(1.8692 -0.371817 0)
(1.83446 -0.517379 -4.11226e-18)
(1.78834 -0.659761 0)
(1.73117 -0.798087 -4.11282e-18)
(1.66332 -0.931508 -0)
(1.58521 -1.0592 -0)
(1.49731 -1.18039 4.11359e-18)
(1.40018 -1.29432 -8.22774e-18)
(1.29441 -1.40028 8.22833e-18)
(1.18064 -1.49763 -4.11446e-18)
(1.05958 -1.58576 -0)
(0.931965 -1.66414 -0)
(0.798589 -1.73226 -0)
(0.660267 -1.78971 -0)
(0.517855 -1.83615 4.11604e-18)
(0.372226 -1.87126 -0)
(0.224281 -1.89485 -0)
(0.0749275 -1.90675 -0)
)
;
    }
    frontAndBack
    {
        type            empty;
    }
}


// ************************************************************************* //
