/*--------------------------------*- C++ -*----------------------------------*\
| =========                 |                                                 |
| \\      /  F ield         | OpenFOAM: The Open Source CFD Toolbox           |
|  \\    /   O peration     | Version:  2.2.0                                 |
|   \\  /    A nd           | Web:      www.OpenFOAM.org                      |
|    \\/     M anipulation  |                                                 |
\*---------------------------------------------------------------------------*/
FoamFile
{
    version     2.0;
    format      ascii;
    class       volScalarField;
    location    "0.3";
    object      Theta;
}
// * * * * * * * * * * * * * * * * * * * * * * * * * * * * * * * * * * * * * //

dimensions      [0 2 -2 0 0 0 0];

internalField   nonuniform List<scalar> 
1600
(
1.21259
1.14991
1.05983
0.991139
0.934663
0.887794
0.848805
0.816513
0.790052
0.768761
0.752113
0.739677
0.731086
0.726026
0.724219
0.725418
0.729396
0.735915
0.74575
0.751266
1.21263
1.14992
1.05983
0.991139
0.934663
0.887794
0.848805
0.816512
0.790051
0.768761
0.752113
0.739677
0.731085
0.726025
0.724219
0.725418
0.729396
0.735915
0.74575
0.751266
1.21265
1.14993
1.05984
0.99114
0.934664
0.887794
0.848805
0.816512
0.790052
0.768761
0.752113
0.739676
0.731085
0.726025
0.724219
0.725418
0.729396
0.735914
0.74575
0.751266
1.21265
1.14993
1.05984
0.991141
0.934664
0.887795
0.848806
0.816513
0.790052
0.768761
0.752113
0.739676
0.731085
0.726025
0.724219
0.725418
0.729396
0.735914
0.74575
0.751266
1.21265
1.14993
1.05984
0.991142
0.934665
0.887795
0.848806
0.816513
0.790052
0.768761
0.752113
0.739676
0.731085
0.726025
0.724219
0.725418
0.729396
0.735914
0.74575
0.751266
1.21265
1.14993
1.05984
0.991143
0.934666
0.887795
0.848806
0.816513
0.790052
0.768761
0.752113
0.739676
0.731085
0.726025
0.724219
0.725418
0.729396
0.735914
0.74575
0.751266
1.21265
1.14993
1.05984
0.991144
0.934666
0.887796
0.848806
0.816513
0.790052
0.768761
0.752113
0.739676
0.731085
0.726025
0.724219
0.725418
0.729396
0.735914
0.74575
0.751266
1.21265
1.14993
1.05984
0.991144
0.934666
0.887796
0.848806
0.816513
0.790052
0.768761
0.752113
0.739676
0.731085
0.726025
0.724219
0.725418
0.729396
0.735915
0.74575
0.751266
1.21265
1.14993
1.05984
0.991144
0.934667
0.887796
0.848807
0.816513
0.790052
0.768761
0.752113
0.739676
0.731085
0.726025
0.724219
0.725418
0.729396
0.735915
0.745751
0.751266
1.21265
1.14993
1.05984
0.991145
0.934667
0.887797
0.848807
0.816514
0.790052
0.768761
0.752113
0.739676
0.731085
0.726025
0.724219
0.725418
0.729396
0.735915
0.745751
0.751266
1.21265
1.14993
1.05984
0.991145
0.934667
0.887797
0.848807
0.816514
0.790052
0.768761
0.752113
0.739676
0.731085
0.726025
0.724219
0.725418
0.729396
0.735915
0.745751
0.751266
1.21265
1.14993
1.05984
0.991145
0.934667
0.887796
0.848807
0.816514
0.790053
0.768761
0.752113
0.739676
0.731085
0.726025
0.724219
0.725418
0.729396
0.735915
0.745751
0.751266
1.21265
1.14993
1.05984
0.991145
0.934667
0.887796
0.848807
0.816514
0.790053
0.768761
0.752113
0.739676
0.731085
0.726025
0.724219
0.725418
0.729396
0.735915
0.745751
0.751266
1.21265
1.14993
1.05984
0.991144
0.934666
0.887796
0.848807
0.816514
0.790052
0.768761
0.752113
0.739677
0.731085
0.726025
0.724219
0.725418
0.729396
0.735915
0.745751
0.751266
1.21265
1.14993
1.05984
0.991143
0.934666
0.887796
0.848806
0.816513
0.790052
0.768761
0.752113
0.739676
0.731085
0.726025
0.724219
0.725418
0.729396
0.735915
0.74575
0.751266
1.21265
1.14993
1.05984
0.991142
0.934665
0.887795
0.848806
0.816513
0.790052
0.768761
0.752113
0.739676
0.731085
0.726025
0.724219
0.725418
0.729396
0.735915
0.74575
0.751266
1.21265
1.14993
1.05984
0.991141
0.934664
0.887795
0.848806
0.816513
0.790052
0.768761
0.752113
0.739676
0.731085
0.726025
0.724219
0.725418
0.729396
0.735915
0.74575
0.751266
1.21265
1.14993
1.05984
0.99114
0.934664
0.887794
0.848805
0.816513
0.790052
0.768761
0.752113
0.739676
0.731085
0.726025
0.724219
0.725418
0.729396
0.735914
0.74575
0.751266
1.21263
1.14992
1.05983
0.991139
0.934663
0.887794
0.848805
0.816513
0.790052
0.768761
0.752113
0.739676
0.731085
0.726025
0.724219
0.725418
0.729396
0.735914
0.74575
0.751266
1.21259
1.14991
1.05983
0.991139
0.934663
0.887794
0.848805
0.816513
0.790052
0.768761
0.752113
0.739676
0.731085
0.726025
0.724219
0.725418
0.729396
0.735914
0.74575
0.751266
1.21259
1.14991
1.05983
0.991139
0.934663
0.887794
0.848805
0.816513
0.790052
0.768761
0.752113
0.739676
0.731085
0.726025
0.724219
0.725418
0.729396
0.735914
0.74575
0.751266
1.21263
1.14992
1.05983
0.991139
0.934663
0.887794
0.848805
0.816513
0.790052
0.768761
0.752113
0.739676
0.731085
0.726025
0.724219
0.725418
0.729396
0.735914
0.74575
0.751266
1.21265
1.14993
1.05984
0.99114
0.934664
0.887794
0.848806
0.816513
0.790052
0.768761
0.752113
0.739676
0.731085
0.726025
0.724219
0.725418
0.729396
0.735914
0.74575
0.751266
1.21265
1.14993
1.05984
0.991142
0.934665
0.887795
0.848806
0.816513
0.790052
0.768761
0.752113
0.739676
0.731085
0.726025
0.724219
0.725418
0.729396
0.735914
0.74575
0.751266
1.21265
1.14993
1.05984
0.991143
0.934665
0.887795
0.848806
0.816513
0.790052
0.768761
0.752113
0.739676
0.731085
0.726025
0.724219
0.725418
0.729396
0.735914
0.74575
0.751266
1.21265
1.14993
1.05984
0.991144
0.934666
0.887796
0.848807
0.816514
0.790052
0.768761
0.752113
0.739676
0.731085
0.726025
0.724219
0.725418
0.729396
0.735914
0.74575
0.751266
1.21265
1.14993
1.05984
0.991144
0.934666
0.887796
0.848807
0.816514
0.790053
0.768761
0.752113
0.739676
0.731085
0.726025
0.724219
0.725418
0.729396
0.735914
0.74575
0.751266
1.21265
1.14993
1.05984
0.991145
0.934667
0.887797
0.848807
0.816514
0.790053
0.768761
0.752113
0.739676
0.731085
0.726025
0.724219
0.725418
0.729396
0.735914
0.74575
0.751266
1.21265
1.14994
1.05984
0.991145
0.934667
0.887797
0.848807
0.816514
0.790053
0.768761
0.752113
0.739676
0.731086
0.726026
0.724219
0.725418
0.729396
0.735915
0.74575
0.751266
1.21265
1.14994
1.05984
0.991145
0.934667
0.887797
0.848807
0.816514
0.790053
0.768761
0.752114
0.739676
0.731086
0.726026
0.724219
0.725418
0.729396
0.735915
0.74575
0.751266
1.21265
1.14994
1.05984
0.991145
0.934667
0.887797
0.848807
0.816514
0.790053
0.768761
0.752113
0.739676
0.731086
0.726026
0.724219
0.725418
0.729396
0.735915
0.745751
0.751266
1.21265
1.14994
1.05984
0.991145
0.934667
0.887797
0.848807
0.816514
0.790053
0.768761
0.752113
0.739676
0.731086
0.726026
0.724219
0.725418
0.729396
0.735915
0.745751
0.751266
1.21265
1.14993
1.05984
0.991145
0.934667
0.887796
0.848807
0.816514
0.790052
0.768761
0.752113
0.739676
0.731085
0.726026
0.724219
0.725418
0.729396
0.735915
0.74575
0.751266
1.21265
1.14993
1.05984
0.991144
0.934666
0.887796
0.848807
0.816514
0.790052
0.768761
0.752113
0.739676
0.731085
0.726025
0.724219
0.725418
0.729396
0.735915
0.74575
0.751266
1.21265
1.14993
1.05984
0.991143
0.934666
0.887796
0.848806
0.816513
0.790052
0.768761
0.752113
0.739676
0.731085
0.726025
0.724219
0.725418
0.729396
0.735914
0.74575
0.751266
1.21265
1.14993
1.05984
0.991143
0.934665
0.887795
0.848806
0.816513
0.790052
0.768761
0.752113
0.739676
0.731085
0.726025
0.724219
0.725418
0.729396
0.735914
0.74575
0.751266
1.21265
1.14993
1.05984
0.991141
0.934664
0.887795
0.848806
0.816513
0.790052
0.768761
0.752113
0.739676
0.731085
0.726025
0.724219
0.725418
0.729396
0.735914
0.74575
0.751266
1.21265
1.14993
1.05984
0.99114
0.934664
0.887794
0.848806
0.816513
0.790052
0.768761
0.752113
0.739676
0.731085
0.726025
0.724219
0.725418
0.729396
0.735914
0.74575
0.751266
1.21264
1.14992
1.05983
0.991139
0.934663
0.887794
0.848805
0.816513
0.790052
0.768761
0.752113
0.739676
0.731085
0.726025
0.724219
0.725418
0.729396
0.735915
0.745751
0.751266
1.21259
1.14991
1.05983
0.991139
0.934663
0.887794
0.848805
0.816513
0.790052
0.768761
0.752113
0.739676
0.731085
0.726026
0.724219
0.725418
0.729396
0.735915
0.745751
0.751266
1.21259
1.14991
1.05983
0.991139
0.934663
0.887794
0.848805
0.816513
0.790052
0.768761
0.752113
0.739676
0.731086
0.726026
0.724219
0.725418
0.729397
0.735915
0.745751
0.751266
1.21264
1.14992
1.05983
0.991139
0.934663
0.887794
0.848806
0.816513
0.790052
0.768761
0.752113
0.739676
0.731086
0.726026
0.724219
0.725418
0.729397
0.735915
0.745751
0.751267
1.21265
1.14993
1.05984
0.99114
0.934664
0.887795
0.848806
0.816513
0.790052
0.768761
0.752113
0.739677
0.731086
0.726026
0.72422
0.725419
0.729397
0.735915
0.745751
0.751267
1.21265
1.14993
1.05984
0.991142
0.934665
0.887795
0.848806
0.816513
0.790052
0.768761
0.752113
0.739677
0.731086
0.726026
0.72422
0.725419
0.729397
0.735915
0.745751
0.751267
1.21265
1.14993
1.05984
0.991143
0.934665
0.887795
0.848806
0.816514
0.790052
0.768761
0.752114
0.739677
0.731086
0.726026
0.72422
0.725419
0.729397
0.735915
0.745751
0.751267
1.21265
1.14993
1.05984
0.991143
0.934666
0.887796
0.848807
0.816514
0.790053
0.768762
0.752114
0.739677
0.731086
0.726026
0.72422
0.725419
0.729397
0.735915
0.745751
0.751267
1.21265
1.14993
1.05984
0.991144
0.934666
0.887796
0.848807
0.816514
0.790053
0.768762
0.752114
0.739677
0.731086
0.726026
0.72422
0.725419
0.729397
0.735915
0.745751
0.751267
1.21265
1.14993
1.05984
0.991145
0.934667
0.887797
0.848807
0.816514
0.790053
0.768762
0.752114
0.739677
0.731086
0.726026
0.72422
0.725419
0.729397
0.735915
0.745751
0.751267
1.21265
1.14993
1.05984
0.991145
0.934667
0.887797
0.848807
0.816514
0.790053
0.768762
0.752114
0.739677
0.731086
0.726026
0.72422
0.725419
0.729397
0.735915
0.745751
0.751267
1.21265
1.14993
1.05984
0.991145
0.934667
0.887797
0.848808
0.816514
0.790053
0.768762
0.752114
0.739677
0.731086
0.726026
0.72422
0.725419
0.729397
0.735915
0.745751
0.751267
1.21265
1.14993
1.05984
0.991145
0.934667
0.887797
0.848808
0.816514
0.790053
0.768762
0.752114
0.739677
0.731086
0.726026
0.72422
0.725419
0.729397
0.735915
0.745751
0.751267
1.21265
1.14993
1.05984
0.991145
0.934667
0.887797
0.848807
0.816514
0.790053
0.768762
0.752114
0.739677
0.731086
0.726026
0.72422
0.725419
0.729397
0.735915
0.745751
0.751267
1.21265
1.14993
1.05984
0.991145
0.934667
0.887797
0.848807
0.816514
0.790053
0.768762
0.752114
0.739677
0.731086
0.726026
0.72422
0.725419
0.729397
0.735915
0.745751
0.751267
1.21265
1.14993
1.05984
0.991144
0.934666
0.887796
0.848807
0.816514
0.790053
0.768762
0.752114
0.739677
0.731086
0.726026
0.72422
0.725418
0.729396
0.735915
0.745751
0.751267
1.21265
1.14993
1.05984
0.991143
0.934666
0.887796
0.848806
0.816514
0.790053
0.768761
0.752114
0.739677
0.731086
0.726026
0.724219
0.725418
0.729396
0.735915
0.745751
0.751267
1.21265
1.14993
1.05984
0.991142
0.934665
0.887795
0.848806
0.816514
0.790053
0.768761
0.752113
0.739676
0.731086
0.726026
0.72422
0.725418
0.729396
0.735915
0.745751
0.751267
1.21265
1.14993
1.05984
0.991141
0.934664
0.887795
0.848806
0.816513
0.790052
0.768761
0.752113
0.739676
0.731086
0.726026
0.72422
0.725418
0.729396
0.735915
0.745751
0.751267
1.21265
1.14993
1.05983
0.99114
0.934664
0.887795
0.848806
0.816513
0.790052
0.768761
0.752113
0.739677
0.731086
0.726026
0.724219
0.725418
0.729396
0.735915
0.745751
0.751266
1.21264
1.14992
1.05983
0.991139
0.934663
0.887794
0.848805
0.816513
0.790052
0.768761
0.752113
0.739677
0.731086
0.726026
0.724219
0.725419
0.729397
0.735915
0.745751
0.751267
1.21259
1.14991
1.05983
0.991139
0.934663
0.887794
0.848805
0.816512
0.790052
0.768761
0.752113
0.739677
0.731086
0.726026
0.72422
0.725418
0.729396
0.735915
0.745751
0.751267
1.21259
1.21264
1.21265
1.21265
1.21265
1.21265
1.21265
1.21265
1.21265
1.21265
1.21265
1.21265
1.21265
1.21265
1.21265
1.21265
1.21265
1.21265
1.21263
1.21259
1.14991
1.14992
1.14993
1.14993
1.14993
1.14993
1.14993
1.14993
1.14993
1.14993
1.14993
1.14993
1.14993
1.14993
1.14993
1.14993
1.14993
1.14993
1.14992
1.14991
1.05983
1.05983
1.05984
1.05984
1.05984
1.05984
1.05984
1.05984
1.05984
1.05984
1.05984
1.05984
1.05984
1.05984
1.05984
1.05984
1.05984
1.05983
1.05983
1.05983
0.991139
0.991139
0.99114
0.991141
0.991142
0.991143
0.991144
0.991144
0.991145
0.991145
0.991145
0.991145
0.991144
0.991144
0.991143
0.991142
0.991141
0.99114
0.991139
0.991139
0.934663
0.934664
0.934664
0.934664
0.934665
0.934666
0.934666
0.934667
0.934667
0.934667
0.934667
0.934667
0.934666
0.934666
0.934665
0.934665
0.934664
0.934664
0.934664
0.934663
0.887794
0.887794
0.887795
0.887795
0.887795
0.887796
0.887796
0.887797
0.887797
0.887797
0.887797
0.887797
0.887796
0.887796
0.887795
0.887795
0.887795
0.887795
0.887794
0.887794
0.848805
0.848805
0.848806
0.848806
0.848806
0.848807
0.848807
0.848807
0.848807
0.848807
0.848807
0.848807
0.848807
0.848807
0.848806
0.848806
0.848806
0.848805
0.848805
0.848805
0.816513
0.816513
0.816513
0.816513
0.816513
0.816514
0.816514
0.816514
0.816514
0.816514
0.816514
0.816514
0.816514
0.816514
0.816514
0.816513
0.816513
0.816513
0.816512
0.816513
0.790052
0.790052
0.790052
0.790052
0.790052
0.790053
0.790053
0.790053
0.790053
0.790053
0.790053
0.790053
0.790053
0.790053
0.790053
0.790052
0.790052
0.790052
0.790052
0.790052
0.768761
0.768761
0.768761
0.768761
0.768761
0.768761
0.768761
0.768761
0.768761
0.768761
0.768761
0.768761
0.768761
0.768762
0.768761
0.768761
0.768761
0.768761
0.768761
0.768761
0.752114
0.752114
0.752114
0.752113
0.752113
0.752113
0.752114
0.752113
0.752113
0.752113
0.752113
0.752114
0.752114
0.752114
0.752114
0.752113
0.752113
0.752114
0.752114
0.752113
0.739677
0.739677
0.739676
0.739676
0.739677
0.739677
0.739677
0.739676
0.739676
0.739676
0.739676
0.739677
0.739677
0.739677
0.739677
0.739677
0.739677
0.739677
0.739677
0.739677
0.731086
0.731086
0.731085
0.731086
0.731086
0.731086
0.731086
0.731085
0.731085
0.731085
0.731086
0.731086
0.731086
0.731086
0.731086
0.731086
0.731086
0.731086
0.731086
0.731086
0.726026
0.726026
0.726026
0.726026
0.726026
0.726026
0.726026
0.726026
0.726026
0.726026
0.726026
0.726026
0.726026
0.726026
0.726026
0.726026
0.726026
0.726026
0.726026
0.726026
0.724219
0.724219
0.724219
0.72422
0.72422
0.72422
0.72422
0.72422
0.72422
0.72422
0.72422
0.72422
0.72422
0.72422
0.72422
0.72422
0.72422
0.72422
0.72422
0.724219
0.725418
0.725418
0.725418
0.725419
0.725419
0.725419
0.725419
0.725419
0.725419
0.725419
0.725419
0.725419
0.725419
0.725419
0.725419
0.725419
0.725419
0.725419
0.725418
0.725418
0.729396
0.729396
0.729397
0.729397
0.729397
0.729397
0.729397
0.729397
0.729397
0.729397
0.729397
0.729397
0.729397
0.729397
0.729397
0.729397
0.729397
0.729397
0.729396
0.729397
0.735915
0.735915
0.735915
0.735915
0.735915
0.735915
0.735915
0.735915
0.735915
0.735915
0.735915
0.735915
0.735915
0.735915
0.735915
0.735915
0.735915
0.735915
0.735915
0.735915
0.74575
0.74575
0.745751
0.745751
0.745751
0.745751
0.745751
0.745751
0.745751
0.745751
0.745751
0.745751
0.745751
0.745751
0.745751
0.745751
0.745751
0.745751
0.745751
0.745751
0.751266
0.751266
0.751266
0.751267
0.751267
0.751267
0.751267
0.751267
0.751267
0.751267
0.751267
0.751267
0.751267
0.751267
0.751267
0.751267
0.751267
0.751267
0.751267
0.751266
)
;

boundaryField
{
    up
    {
        type            myTemperature;
        value           nonuniform List<scalar> 
80
(
0.668965
0.668965
0.668965
0.668965
0.668965
0.668965
0.668965
0.668965
0.668965
0.668965
0.668965
0.668965
0.668965
0.668965
0.668965
0.668965
0.668965
0.668965
0.668965
0.668965
0.668965
0.668965
0.668965
0.668965
0.668965
0.668965
0.668965
0.668965
0.668965
0.668965
0.668965
0.668965
0.668965
0.668965
0.668965
0.668965
0.668965
0.668965
0.668965
0.668965
0.668965
0.668965
0.668965
0.668965
0.668965
0.668965
0.668965
0.668965
0.668965
0.668965
0.668965
0.668965
0.668965
0.668965
0.668965
0.668965
0.668965
0.668965
0.668965
0.668965
0.668965
0.668965
0.668965
0.668965
0.668965
0.668965
0.668965
0.668965
0.668965
0.668965
0.668965
0.668965
0.668965
0.668965
0.668965
0.668965
0.668965
0.668965
0.668965
0.668965
)
;
    }
    hole
    {
        type            myTemperature;
        value           nonuniform List<scalar> 
80
(
1.11106
1.11106
1.11107
1.11107
1.11107
1.11107
1.11108
1.11108
1.11108
1.11108
1.11108
1.11108
1.11108
1.11108
1.11107
1.11107
1.11107
1.11107
1.11106
1.11106
1.11106
1.11106
1.11107
1.11107
1.11107
1.11108
1.11108
1.11108
1.11108
1.11108
1.11108
1.11108
1.11108
1.11108
1.11107
1.11107
1.11107
1.11107
1.11106
1.11106
1.11106
1.11106
1.11107
1.11107
1.11107
1.11107
1.11108
1.11108
1.11108
1.11108
1.11108
1.11108
1.11108
1.11108
1.11107
1.11107
1.11107
1.11107
1.11106
1.11106
1.11106
1.11106
1.11107
1.11107
1.11107
1.11107
1.11107
1.11108
1.11108
1.11108
1.11108
1.11108
1.11108
1.11108
1.11107
1.11107
1.11107
1.11107
1.11106
1.11106
)
;
    }
    frontAndBack
    {
        type            empty;
    }
}


// ************************************************************************* //
