/*--------------------------------*- C++ -*----------------------------------*\
| =========                 |                                                 |
| \\      /  F ield         | foam-extend: Open Source CFD                    |
|  \\    /   O peration     | Version:  3.0                                   |
|   \\  /    A nd           | Web:         http://www.extend-project.de       |
|    \\/     M anipulation  |                                                 |
\*---------------------------------------------------------------------------*/
FoamFile
{
    version     2.0;
    format      ascii;
    class       volVectorField;
    location    "29";
    object      s;
}
// * * * * * * * * * * * * * * * * * * * * * * * * * * * * * * * * * * * * * //

dimensions      [0 1 -1 0 0 0 0];

internalField   nonuniform List<vector> 
3012
(
(-2.255 0.118569 0)
(-1.85578 -0.261465 0)
(-2.6066 0.158254 0)
(-1.75417 0.110868 0)
(-3.13273 0.336997 0)
(-2.19877 0.214034 0)
(-3.04309 -0.327993 0)
(-2.88891 0.0942477 0)
(-2.02185 0.224011 0)
(-2.23259 -0.407279 0)
(-1.91436 -0.0866922 0)
(-2.24301 0.441516 0)
(-1.29536 -0.144715 0)
(-2.02184 0.0729116 0)
(-2.27118 0.0609916 0)
(-1.23403 0.102471 0)
(-3.11867 0.290001 0)
(-2.21819 0.26325 0)
(-2.97085 -0.354956 0)
(-2.89981 0.0881604 0)
(-1.2775 0.412446 0)
(-1.6889 -0.22651 0)
(-1.89998 -0.358234 0)
(-1.23094 0.292897 0)
(-2.6925 0.0241401 0)
(-1.98841 -0.15276 0)
(-1.95073 0.251879 0)
(-2.28345 0.0407342 0)
(-1.88989 0.324823 0)
(-2.08197 0.407959 0)
(-1.38829 -0.179119 0)
(-1.5694 -0.45292 0)
(-1.32564 -0.158315 0)
(-2.10143 0.367918 0)
(-1.9053 0.30109 0)
(-1.4864 -0.425422 0)
(-2.11125 -0.204055 0)
(-2.74417 0.043693 0)
(-2.30473 0.0438831 0)
(-2.06211 0.232341 0)
(-1.18383 -0.127878 0)
(-2.18111 0.0569139 0)
(-1.12218 0.0972349 0)
(-1.9536 0.0691311 0)
(-1.30797 -0.11812 0)
(-1.45146 -0.385254 0)
(-1.94538 0.269612 0)
(-2.15537 0.324257 0)
(-1.29192 -0.383129 0)
(-2.03221 0.322968 0)
(-1.84996 0.283199 0)
(-1.16244 -0.145116 0)
(-2.2401 0.11614 0)
(-1.78816 -0.24594 0)
(-1.69113 0.11353 0)
(-2.57941 0.147431 0)
(-2.7348 -0.336383 0)
(-2.29122 0.441494 0)
(-3.07709 0.223158 0)
(-2.9128 0.0802485 0)
(-2.71886 -0.365165 0)
(-2.26914 0.353038 0)
(-3.01649 0.248897 0)
(-2.93497 0.0349029 0)
(-1.32135 -0.0953457 0)
(-2.03807 0.0275961 0)
(-2.29912 -0.00124113 0)
(-1.27585 0.149282 0)
(-2.14686 -0.153972 0)
(-1.19578 0.260445 0)
(-1.21117 0.0781028 0)
(-1.91273 -0.0885519 0)
(-1.7953 0.457661 0)
(-1.58836 -0.501389 0)
(-1.3813 -0.250673 0)
(-1.65516 0.363432 0)
(-1.70865 0.347687 0)
(-1.85826 0.418478 0)
(-1.43459 -0.483262 0)
(-1.25642 -0.241122 0)
(-1.41017 -0.091253 0)
(-2.08662 0.0201965 0)
(-1.36977 0.171698 0)
(-2.36845 -0.0129614 0)
(-2.12569 -0.0430206 0)
(-1.10293 0.180482 0)
(-1.14386 -0.0135179 0)
(-1.90353 -0.00823214 0)
(-1.22917 -0.19462 0)
(-2.00606 0.380266 0)
(-1.83018 0.321339 0)
(-1.38426 -0.443266 0)
(-2.28456 -0.402536 0)
(-2.02528 0.213142 0)
(-1.9503 -0.0823209 0)
(-2.24628 0.446342 0)
(-2.23153 0.00615679 0)
(-2.31178 0.349226 0)
(-2.16152 -0.0447752 0)
(-2.70546 -0.202086 0)
(-2.12221 -0.17029 0)
(-1.17526 0.269589 0)
(-1.189 0.0945002 0)
(-1.89315 -0.10221 0)
(-1.75637 0.463758 0)
(-1.37026 -0.258328 0)
(-1.57939 -0.506337 0)
(-1.62221 0.369763 0)
(-1.8187 -0.40372 0)
(-1.25628 0.317503 0)
(-1.6178 -0.254654 0)
(-1.31894 0.430048 0)
(-1.97659 0.217398 0)
(-2.19935 0.251163 0)
(-1.37221 -0.324707 0)
(-1.25692 -0.061503 0)
(-1.53764 -0.507265 0)
(-1.34675 -0.283723 0)
(-1.52349 0.497973 0)
(-1.4152 0.395274 0)
(-1.77423 -0.18408 0)
(-1.09506 0.203884 0)
(-1.094 0.310206 0)
(-1.96997 -0.269801 0)
(-2.50761 -0.218158 0)
(-2.33907 -0.00317185 0)
(-2.80763 0.139245 0)
(-2.31631 0.306695 0)
(-3.07449 0.0320521 0)
(-2.69182 0.664687 0)
(-3.00208 0.0537771 0)
(-2.44271 -0.309367 0)
(-2.58247 -0.2247 0)
(-2.32977 0.000103238 0)
(-2.42164 0.340038 0)
(-2.85184 0.115132 0)
(-3.08081 0.059193 0)
(-3.05081 0.0825595 0)
(-2.61873 0.676236 0)
(-2.49479 -0.366012 0)
(-2.68653 0.0622712 0)
(-1.87664 0.216808 0)
(-2.28155 0.0576461 0)
(-1.93691 -0.184485 0)
(-3.00985 0.179827 0)
(-2.43888 0.486131 0)
(-2.55512 -0.318369 0)
(-2.96811 -0.0152299 0)
(-2.94365 0.20484 0)
(-2.38966 0.47486 0)
(-2.47452 -0.234853 0)
(-2.86783 -0.0611489 0)
(-1.08078 -0.0989827 0)
(-1.84096 0.23905 0)
(-1.184 -0.323185 0)
(-2.03135 0.264869 0)
(-1.33379 -0.399637 0)
(-2.04536 0.343142 0)
(-1.86048 0.29597 0)
(-1.19507 -0.154923 0)
(-1.76221 -0.429419 0)
(-1.56557 -0.265308 0)
(-1.36632 0.450166 0)
(-1.29222 0.339678 0)
(-2.32173 0.0462392 0)
(-2.38459 -0.207818 0)
(-2.82314 0.0233593 0)
(-2.36952 0.281551 0)
(-1.33766 -0.175321 0)
(-2.07645 0.388462 0)
(-1.88585 0.315887 0)
(-1.50735 -0.443289 0)
(-2.88499 0.288161 0)
(-2.80925 -0.0975415 0)
(-2.49196 -0.202621 0)
(-2.2575 0.340615 0)
(-2.42754 -0.080945 0)
(-2.8511 0.269064 0)
(-2.34924 0.31259 0)
(-2.74823 -0.180927 0)
(-2.30787 0.0483904 0)
(-2.40658 -0.240627 0)
(-2.83314 0.0430793 0)
(-2.36868 0.287343 0)
(-1.62255 0.446147 0)
(-1.8656 -0.20524 0)
(-1.53604 0.26001 0)
(-2.14596 -0.385878 0)
(-1.58861 0.294024 0)
(-2.07314 -0.431236 0)
(-1.69757 0.46636 0)
(-1.80261 -0.22339 0)
(-1.80089 -0.417638 0)
(-1.59898 -0.259181 0)
(-1.35626 0.447584 0)
(-1.28603 0.333541 0)
(-1.67283 -0.449932 0)
(-2.14556 0.408307 0)
(-1.93885 0.312364 0)
(-1.48158 -0.160218 0)
(-1.31095 -0.0690505 0)
(-2.02341 0.0116385 0)
(-1.27078 0.166918 0)
(-2.28087 -0.0229409 0)
(-1.32344 -0.166694 0)
(-2.28535 0.0838459 0)
(-2.03347 0.0891 0)
(-1.25519 0.0867352 0)
(-1.11675 -0.264831 0)
(-2.0219 0.203505 0)
(-1.03634 -0.0483562 0)
(-1.82888 0.187607 0)
(-1.11267 0.217961 0)
(-1.77562 -0.182413 0)
(-1.97992 -0.271527 0)
(-1.11415 0.337556 0)
(-2.36427 -0.0413706 0)
(-1.37825 0.19529 0)
(-1.41003 -0.0605941 0)
(-2.08047 0.000939269 0)
(-1.56837 -0.521337 0)
(-1.42053 0.391906 0)
(-1.37545 -0.296926 0)
(-1.52869 0.495258 0)
(-1.39212 -0.18933 0)
(-1.86019 0.329134 0)
(-1.57658 -0.459351 0)
(-2.04319 0.414653 0)
(-1.16258 0.211039 0)
(-1.78122 -0.174674 0)
(-1.17321 0.337131 0)
(-1.98988 -0.270647 0)
(-1.41759 -0.278154 0)
(-1.55416 0.477733 0)
(-1.44511 0.374287 0)
(-1.61385 -0.500273 0)
(-2.11205 0.421951 0)
(-1.69609 -0.459431 0)
(-1.49617 -0.172028 0)
(-1.91327 0.320565 0)
(-1.28227 0.4068 0)
(-1.71964 -0.216883 0)
(-1.93532 -0.346847 0)
(-1.23854 0.280773 0)
(-1.26318 0.309167 0)
(-1.87012 -0.384995 0)
(-1.32151 0.428747 0)
(-1.66073 -0.240698 0)
(-1.66529 0.450735 0)
(-1.87249 -0.20259 0)
(-1.57164 0.261134 0)
(-2.1568 -0.391439 0)
(-1.60257 0.278897 0)
(-1.70986 0.460698 0)
(-2.12008 -0.420067 0)
(-1.84011 -0.214838 0)
(-2.56672 -0.302298 0)
(-2.00935 0.0966389 0)
(-2.13893 -0.0626259 0)
(-2.16885 0.431215 0)
(-1.15974 -0.210861 0)
(-1.76086 0.329526 0)
(-1.30776 -0.443998 0)
(-1.91693 0.381722 0)
(-1.10586 -0.111338 0)
(-2.09767 0.0552479 0)
(-1.04719 0.0949742 0)
(-1.88888 0.0664793 0)
(-1.76165 0.455806 0)
(-1.64818 0.261943 0)
(-1.87096 -0.201632 0)
(-2.16467 -0.411966 0)
(-1.22157 -0.129163 0)
(-2.19609 0.0589776 0)
(-1.15904 0.0985982 0)
(-1.96482 0.0710962 0)
(-1.28949 -0.117835 0)
(-2.01974 0.0522784 0)
(-2.27128 0.0343429 0)
(-1.23373 0.123548 0)
(-2.27919 0.0751111 0)
(-1.90581 -0.244962 0)
(-1.82752 0.152854 0)
(-2.66138 0.0941383 0)
(-1.06706 -0.0838919 0)
(-2.03312 0.248207 0)
(-1.83988 0.224165 0)
(-1.16337 -0.305135 0)
(-2.76708 -0.201889 0)
(-2.29456 0.00257474 0)
(-2.69586 0.387435 0)
(-2.87125 0.035516 0)
(-2.90179 -0.236694 0)
(-2.86858 0.38476 0)
(-2.28071 0.046819 0)
(-2.90071 0.0442558 0)
(-1.27369 -0.119737 0)
(-1.93762 0.267514 0)
(-1.41198 -0.383222 0)
(-2.14526 0.317604 0)
(-1.81066 0.466282 0)
(-1.68888 0.270866 0)
(-1.86772 -0.197188 0)
(-2.16403 -0.416991 0)
(-1.36163 -0.338862 0)
(-1.95274 0.237534 0)
(-2.16798 0.276336 0)
(-1.2402 -0.080596 0)
(-2.27151 0.0738614 0)
(-1.91245 -0.213279 0)
(-1.83734 0.175614 0)
(-2.65513 0.0941877 0)
(-2.56977 -0.277778 0)
(-1.97497 0.0721841 0)
(-2.14547 -0.0719572 0)
(-2.10588 0.401755 0)
(-1.8997 -0.469274 0)
(-1.64842 0.480995 0)
(-1.53665 0.339661 0)
(-1.66087 -0.253472 0)
(-1.14578 -0.0448598 0)
(-2.13958 -0.0171079 0)
(-1.91635 0.0116467 0)
(-1.10017 0.156707 0)
(-1.39132 0.247318 0)
(-1.84398 -0.200004 0)
(-1.44817 0.415367 0)
(-2.099 -0.346719 0)
(-2.23128 -0.0346754 0)
(-2.17655 0.34631 0)
(-2.05645 -0.0251606 0)
(-2.68643 -0.217413 0)
(-2.15055 -0.0703009 0)
(-1.17381 -0.00261224 0)
(-1.1378 0.195232 0)
(-1.92118 -0.0286094 0)
(-1.86664 0.43219 0)
(-1.71575 0.354409 0)
(-1.48367 -0.483185 0)
(-1.29616 -0.23853 0)
(-1.89484 0.413525 0)
(-1.7403 0.345602 0)
(-1.414 -0.47435 0)
(-1.24118 -0.231532 0)
(-1.27697 -0.262315 0)
(-1.76238 0.443668 0)
(-1.62697 0.365221 0)
(-1.47066 -0.502812 0)
(-1.12272 0.0526622 0)
(-2.08875 -0.112174 0)
(-1.09421 0.229724 0)
(-1.87021 -0.0623358 0)
(-1.10756 -0.241962 0)
(-2.03067 0.188093 0)
(-1.02518 -0.0222417 0)
(-1.83723 0.171847 0)
(-1.06461 -0.135022 0)
(-1.79776 0.264652 0)
(-1.97316 0.292226 0)
(-1.17373 -0.352334 0)
(-1.30392 -0.254765 0)
(-1.7724 0.444604 0)
(-1.50071 -0.49705 0)
(-1.63644 0.362869 0)
(-1.14895 0.0549415 0)
(-2.10131 -0.121763 0)
(-1.87982 -0.0684857 0)
(-1.12312 0.232972 0)
(-1.86591 0.315634 0)
(-1.9095 -0.468665 0)
(-1.66498 -0.183212 0)
(-2.04972 0.45827 0)
(-1.92564 0.309314 0)
(-1.90478 -0.466126 0)
(-2.12646 0.447227 0)
(-1.66694 -0.167355 0)
(-2.19921 -0.297606 0)
(-1.46414 0.383316 0)
(-1.92629 -0.166812 0)
(-1.41941 0.190606 0)
(-1.65584 -0.237619 0)
(-1.64296 0.340797 0)
(-1.77692 0.485685 0)
(-1.90289 -0.478772 0)
(-1.32917 -0.105088 0)
(-1.97116 0.256567 0)
(-2.18946 0.310363 0)
(-1.4698 -0.378005 0)
(-1.86336 0.463979 0)
(-1.95236 -0.171098 0)
(-1.74049 0.239654 0)
(-2.27534 -0.387857 0)
(-1.90875 0.448825 0)
(-1.9894 -0.150447 0)
(-1.78148 0.207348 0)
(-2.33104 -0.371505 0)
(-1.68292 -0.2473 0)
(-1.45155 0.449819 0)
(-1.37376 0.316154 0)
(-1.90761 -0.418681 0)
(-1.53694 0.305709 0)
(-1.52168 0.0554781 0)
(-2.07517 -0.0780167 0)
(-2.383 -0.168492 0)
(-1.32589 -0.218891 0)
(-2.01503 0.130294 0)
(-1.24244 0.0378859 0)
(-2.25718 0.138084 0)
(-2.3314 -0.339512 0)
(-2.31115 0.0856858 0)
(-2.69446 0.254917 0)
(-2.09742 0.112398 0)
(-1.55009 0.288289 0)
(-2.11322 -0.0525363 0)
(-1.54694 0.0227123 0)
(-2.42896 -0.128663 0)
(-2.59503 0.431044 0)
(-2.87919 0.111582 0)
(-2.36841 -0.116242 0)
(-2.85721 -0.149845 0)
(-1.42922 -0.265193 0)
(-1.57227 0.374397 0)
(-1.63955 -0.511635 0)
(-1.69917 0.479224 0)
(-1.23439 -0.436561 0)
(-1.74867 0.338874 0)
(-1.09555 -0.209379 0)
(-1.89546 0.384165 0)
(-1.86108 0.0805377 0)
(-2.06362 0.0746131 0)
(-0.991183 0.0632813 0)
(-1.04918 -0.139401 0)
(-1.87353 -0.138304 0)
(-1.21084 0.148213 0)
(-1.21157 0.311392 0)
(-2.10384 -0.224027 0)
(-2.08599 -0.121834 0)
(-1.76441 0.379464 0)
(-2.44089 -0.270315 0)
(-1.69349 0.109218 0)
(-2.11403 -0.102065 0)
(-1.75849 0.367471 0)
(-2.47281 -0.24051 0)
(-1.69633 0.0861107 0)
(-1.53661 -0.503635 0)
(-1.32567 -0.277204 0)
(-1.56196 0.483524 0)
(-1.45154 0.390592 0)
(-2.54671 -0.225268 0)
(-1.87482 0.364801 0)
(-2.16232 -0.0822594 0)
(-1.80194 0.0545971 0)
(-1.09763 0.29653 0)
(-1.09481 0.172512 0)
(-1.78671 -0.168011 0)
(-1.98645 -0.249435 0)
(-2.27653 0.898799 0)
(-3.12686 -0.914182 0)
(-3.70713 -0.0165688 0)
(-3.11565 0.415179 0)
(-2.18489 -0.286899 0)
(-1.41803 0.37774 0)
(-1.38126 0.190184 0)
(-1.91738 -0.163698 0)
(-1.98219 0.281541 0)
(-1.05695 -0.116079 0)
(-1.16194 -0.331457 0)
(-1.8019 0.254767 0)
(-2.23575 0.178335 0)
(-2.74381 0.261882 0)
(-2.33696 0.0147712 0)
(-2.54564 -0.304439 0)
(-1.79841 0.346009 0)
(-2.52754 -0.20717 0)
(-2.15303 -0.0812458 0)
(-1.7444 0.046471 0)
(-1.49868 0.463531 0)
(-1.67679 -0.253262 0)
(-1.41154 0.32759 0)
(-1.90582 -0.436536 0)
(-1.61969 -0.24975 0)
(-1.62649 0.348848 0)
(-1.75937 0.484924 0)
(-1.8573 -0.489952 0)
(-1.37149 -0.108756 0)
(-2.06266 0.0393548 0)
(-1.32346 0.146911 0)
(-2.33185 0.0137975 0)
(-2.26728 0.568574 0)
(-3.0257 -0.479419 0)
(-3.36132 0.194199 0)
(-2.97651 0.239574 0)
(-1.86436 -0.477195 0)
(-1.66511 0.48576 0)
(-1.5486 0.349042 0)
(-1.62986 -0.255214 0)
(-1.36476 0.230543 0)
(-1.85395 -0.195013 0)
(-1.41499 0.398556 0)
(-2.10709 -0.332224 0)
(-1.55115 -0.0670805 0)
(-2.34809 0.317482 0)
(-1.71153 -0.389685 0)
(-2.08867 0.239572 0)
(-1.26233 -0.180803 0)
(-2.02493 0.372077 0)
(-1.84508 0.311716 0)
(-1.41943 -0.433382 0)
(-2.24638 0.0931121 0)
(-2.82971 0.378829 0)
(-2.80003 -0.223886 0)
(-2.86652 0.028608 0)
(-1.19942 0.290037 0)
(-1.88231 -0.347354 0)
(-1.24044 0.405014 0)
(-1.67662 -0.222031 0)
(-2.35155 0.338951 0)
(-1.58617 -0.0756443 0)
(-1.76039 -0.403859 0)
(-2.09096 0.249569 0)
(-1.33638 0.357665 0)
(-1.69639 -0.472108 0)
(-1.5042 -0.286934 0)
(-1.42533 0.464142 0)
(-1.35123 0.354242 0)
(-1.7302 -0.465328 0)
(-1.53148 -0.279612 0)
(-1.44029 0.465298 0)
(-2.32309 0.195356 0)
(-1.34931 0.00423525 0)
(-2.06668 0.169159 0)
(-1.45117 -0.280747 0)
(-3.34809 0.0131198 0)
(-3.0797 0.719117 0)
(-2.30435 -0.267034 0)
(-2.95056 -0.0310391 0)
(-1.80705 0.488257 0)
(-1.79157 -0.49559 0)
(-1.66505 0.361417 0)
(-1.56053 -0.243575 0)
(-2.2507 0.31516 0)
(-1.39888 -0.0898312 0)
(-1.54628 -0.380855 0)
(-2.0176 0.254 0)
(-1.37579 -0.00439511 0)
(-1.48626 -0.293684 0)
(-2.07542 0.180853 0)
(-2.33285 0.214892 0)
(-1.10434 -0.100704 0)
(-1.84748 0.244428 0)
(-2.03807 0.27237 0)
(-1.21157 -0.327317 0)
(-1.85131 0.481815 0)
(-1.80212 -0.492524 0)
(-1.57045 -0.235223 0)
(-1.70294 0.354456 0)
(-1.34555 0.141784 0)
(-1.36579 0.335602 0)
(-1.94625 -0.141042 0)
(-2.20926 -0.245309 0)
(-1.36997 0.122791 0)
(-1.38681 0.325997 0)
(-1.96933 -0.127108 0)
(-2.23942 -0.227222 0)
(-1.42397 0.00908211 0)
(-2.09785 0.175235 0)
(-1.53639 -0.290231 0)
(-2.36435 0.212561 0)
(-1.60441 -0.510114 0)
(-1.57682 0.374739 0)
(-1.39424 -0.263032 0)
(-1.70387 0.474222 0)
(-2.25907 0.317766 0)
(-1.58434 -0.388195 0)
(-1.43278 -0.0934425 0)
(-2.02419 0.252876 0)
(-1.30616 -0.192232 0)
(-2.00947 0.115953 0)
(-1.22857 0.0589648 0)
(-2.25094 0.118525 0)
(-1.87194 -0.12885 0)
(-1.18905 0.1307 0)
(-1.18316 0.293392 0)
(-2.09796 -0.20691 0)
(-2.04071 -0.34012 0)
(-3.84098 -0.142875 0)
(-3.63656 0.660495 0)
(-2.81514 -0.180089 0)
(-1.44217 0.0330091 0)
(-1.54665 -0.271605 0)
(-2.1223 0.158046 0)
(-2.39955 0.188564 0)
(-2.24338 0.366472 0)
(-1.69834 -0.430085 0)
(-2.01177 0.277755 0)
(-1.51885 -0.123972 0)
(-1.86202 -0.122901 0)
(-2.19288 0.45755 0)
(-1.97945 0.259919 0)
(-2.1602 -0.437386 0)
(-3.17831 -0.0958586 0)
(-2.94734 0.569036 0)
(-2.31699 -0.16882 0)
(-2.92676 0.0260622 0)
(-2.33006 0.0763677 0)
(-2.57138 -0.201629 0)
(-2.88964 -0.00826052 0)
(-2.62068 0.330945 0)
(-2.0643 0.26201 0)
(-1.84999 -0.428431 0)
(-2.3167 0.372444 0)
(-1.65054 -0.0951833 0)
(-1.33915 -0.139519 0)
(-2.13694 0.355826 0)
(-1.49687 -0.411556 0)
(-1.93293 0.290707 0)
(-2.23821 0.162742 0)
(-2.08086 -0.362316 0)
(-1.88495 0.0338803 0)
(-2.56878 0.286516 0)
(-1.16045 -0.282582 0)
(-1.85454 0.207015 0)
(-1.06741 -0.0601679 0)
(-2.05242 0.228395 0)
(-1.23668 -0.418882 0)
(-1.76629 0.333471 0)
(-1.92166 0.379616 0)
(-1.10039 -0.19292 0)
(-2.22537 0.166115 0)
(-2.12414 -0.37775 0)
(-2.55896 0.306682 0)
(-1.91007 0.0299644 0)
(-1.17484 -0.271692 0)
(-2.07039 0.213511 0)
(-1.8704 0.193962 0)
(-1.0836 -0.0452788 0)
(-1.8666 0.0932195 0)
(-1.00474 0.0477161 0)
(-2.0697 0.0905018 0)
(-1.0673 -0.162622 0)
(-2.24648 0.360391 0)
(-1.49201 -0.110609 0)
(-1.665 -0.4125 0)
(-2.0149 0.276672 0)
(-2.6228 0.312837 0)
(-2.84154 -0.119135 0)
(-2.28129 0.120431 0)
(-2.42597 -0.175959 0)
(-2.04692 0.273254 0)
(-1.80373 -0.43187 0)
(-1.6092 -0.106743 0)
(-2.2914 0.3782 0)
(-2.1776 0.339341 0)
(-2.28383 0.0128553 0)
(-2.14066 -0.103412 0)
(-2.76252 -0.0714494 0)
(-2.20611 0.506284 0)
(-2.68142 -0.341613 0)
(-3.08052 0.274602 0)
(-2.87134 0.0808302 0)
(-2.7519 0.229552 0)
(-2.21173 0.225606 0)
(-2.48718 -0.268846 0)
(-2.33257 0.0125731 0)
(-2.35287 0.316205 0)
(-2.36333 -0.0153426 0)
(-2.83004 0.177046 0)
(-2.59485 -0.219101 0)
(-2.12127 -0.125765 0)
(-2.13432 0.307084 0)
(-2.74643 -0.0367296 0)
(-2.28662 0.0231882 0)
(-1.14191 -0.183633 0)
(-1.80401 0.316918 0)
(-1.28034 -0.417414 0)
(-1.97159 0.362455 0)
(-1.16221 -0.19508 0)
(-1.96691 0.371653 0)
(-1.80033 0.321496 0)
(-1.30642 -0.432507 0)
(-3.22591 -0.789489 0)
(-2.13902 0.933959 0)
(-3.69765 0.0315075 0)
(-2.97197 0.494478 0)
(-1.92708 0.304673 0)
(-2.13033 0.387479 0)
(-1.42789 -0.159847 0)
(-1.60606 -0.442972 0)
(-2.39933 0.2885 0)
(-2.12638 0.21817 0)
(-1.71241 -0.366245 0)
(-1.56268 -0.0402973 0)
(-1.14957 0.305458 0)
(-1.15082 0.163681 0)
(-1.82405 -0.152178 0)
(-2.03615 -0.235185 0)
(-2.03112 -0.258073 0)
(-1.17467 0.326602 0)
(-1.81602 -0.166105 0)
(-1.16829 0.187945 0)
(-1.61649 0.477443 0)
(-1.5836 -0.510635 0)
(-1.50133 0.379355 0)
(-1.37452 -0.267579 0)
(-3.78727 0.128961 0)
(-2.05031 -0.396417 0)
(-3.52377 0.958881 0)
(-2.8288 -0.178767 0)
(-1.2755 -0.394019 0)
(-2.00599 0.340952 0)
(-1.82937 0.299899 0)
(-1.14339 -0.15963 0)
(-1.59936 0.486127 0)
(-1.48577 0.381855 0)
(-1.41266 -0.27347 0)
(-1.61543 -0.510495 0)
(-1.99021 0.220055 0)
(-1.02117 -0.067393 0)
(-1.10916 -0.275747 0)
(-1.79877 0.200321 0)
(-1.59677 0.47665 0)
(-1.55386 -0.507366 0)
(-1.48502 0.382358 0)
(-1.33968 -0.266546 0)
(-1.11813 0.292371 0)
(-1.80941 -0.156469 0)
(-1.12295 0.157523 0)
(-2.01467 -0.235322 0)
(-1.29944 0.308807 0)
(-1.89358 -0.395013 0)
(-1.36321 0.434768 0)
(-1.67793 -0.242482 0)
(-2.2877 0.0349411 0)
(-2.37828 -0.14814 0)
(-2.82422 -0.0224365 0)
(-2.39441 0.364412 0)
(-1.61538 0.0408934 0)
(-2.49343 0.205882 0)
(-1.7337 -0.299918 0)
(-2.18842 0.156856 0)
(-2.30196 0.089438 0)
(-2.02521 -0.258558 0)
(-2.68989 0.140795 0)
(-1.9172 0.155485 0)
(-2.03147 -0.0807328 0)
(-1.997 0.173785 0)
(-2.40403 -0.372542 0)
(-2.1952 0.445757 0)
(-2.10707 -0.249178 0)
(-2.31646 0.0689482 0)
(-2.72511 0.115019 0)
(-2.00642 0.182765 0)
(-2.15893 -0.238501 0)
(-2.32109 0.056105 0)
(-2.7552 0.0712606 0)
(-2.09459 0.205936 0)
(-1.95797 0.0255209 0)
(-2.19619 -0.387795 0)
(-2.57064 0.30969 0)
(-2.23244 0.146005 0)
(-1.80376 0.468 0)
(-1.6614 0.366034 0)
(-1.63788 -0.510256 0)
(-1.42655 -0.255696 0)
(-2.27773 -0.282813 0)
(-1.54528 0.378422 0)
(-1.49537 0.162547 0)
(-1.98229 -0.149153 0)
(-2.08433 -0.0666712 0)
(-2.0347 0.13714 0)
(-2.48508 -0.344509 0)
(-2.22487 0.438986 0)
(-1.87251 0.482091 0)
(-1.72424 0.325103 0)
(-1.70424 -0.219213 0)
(-1.96484 -0.473644 0)
(-2.01294 -0.156183 0)
(-1.75383 0.422802 0)
(-2.34385 -0.333376 0)
(-1.66543 0.183632 0)
(-2.17156 -0.173933 0)
(-1.24158 0.0971133 0)
(-1.23262 0.28414 0)
(-1.92892 -0.100504 0)
(-2.50562 0.236958 0)
(-1.6533 0.0229368 0)
(-1.78967 -0.325497 0)
(-2.1984 0.17355 0)
(-2.39434 0.269554 0)
(-1.66263 -0.353917 0)
(-2.12143 0.209412 0)
(-1.52417 -0.0312541 0)
(-1.50254 0.130375 0)
(-1.54362 0.362747 0)
(-2.02453 -0.131577 0)
(-2.32987 -0.254244 0)
(-1.77162 0.280972 0)
(-1.05424 -0.14889 0)
(-1.93946 0.312 0)
(-1.16707 -0.360585 0)
(-1.07923 -0.227133 0)
(-0.998793 7.82642e-05 0)
(-2.01406 0.16356 0)
(-1.82053 0.153723 0)
(-1.95549 -0.482242 0)
(-1.77269 0.331291 0)
(-1.6944 -0.215407 0)
(-1.9345 0.488 0)
(-1.75049 0.434175 0)
(-1.97735 -0.170399 0)
(-2.29738 -0.358247 0)
(-1.65402 0.207732 0)
(-1.38631 -0.0460617 0)
(-2.30408 0.268894 0)
(-1.51609 -0.339381 0)
(-2.05561 0.220407 0)
(-1.99803 0.222201 0)
(-2.22645 0.262318 0)
(-1.42243 -0.329361 0)
(-1.30122 -0.0593831 0)
(-2.3099 0.0789171 0)
(-2.05086 0.0845582 0)
(-1.36334 -0.166514 0)
(-1.29727 0.0933928 0)
(-1.71628 0.319197 0)
(-2.0026 -0.473722 0)
(-1.86316 0.484247 0)
(-1.73473 -0.221503 0)
(-1.30534 0.218381 0)
(-1.34055 0.377848 0)
(-2.0869 -0.303315 0)
(-1.84535 -0.182092 0)
(-1.50421 0.372591 0)
(-1.22871 -0.261427 0)
(-1.61409 0.445453 0)
(-1.43373 -0.496232 0)
(-2.73736 0.309031 0)
(-2.36248 -0.0402729 0)
(-2.20028 0.22295 0)
(-2.62763 -0.227869 0)
(-1.56568 -0.262127 0)
(-1.65141 0.48174 0)
(-1.7872 -0.48907 0)
(-1.53344 0.357702 0)
(-2.22453 0.190419 0)
(-2.74989 -0.175481 0)
(-2.69889 0.335122 0)
(-2.392 -0.10299 0)
(-2.68381 0.30441 0)
(-2.15433 0.149078 0)
(-2.31337 0.0483461 0)
(-2.48168 -0.305088 0)
(-1.97734 -0.161903 0)
(-1.05565 0.0978489 0)
(-1.78192 -0.106009 0)
(-1.0342 0.24168 0)
(-2.52324 0.254723 0)
(-2.34257 0.0233864 0)
(-2.59849 -0.291864 0)
(-2.88123 0.0577577 0)
(-2.76118 0.33085 0)
(-2.26565 0.224535 0)
(-2.40392 -0.105454 0)
(-2.77211 -0.190904 0)
(-2.21741 0.210927 0)
(-2.68215 0.356122 0)
(-2.7639 -0.150857 0)
(-2.38047 -0.105084 0)
(-2.13228 0.230418 0)
(-1.9558 -0.415838 0)
(-2.41191 0.355995 0)
(-1.74645 -0.0599716 0)
(-1.63807 0.35716 0)
(-1.23539 -0.257931 0)
(-1.77438 0.428281 0)
(-1.41769 -0.491378 0)
(-1.06462 0.203307 0)
(-1.85715 -0.0365877 0)
(-2.0705 -0.0771431 0)
(-1.09972 0.0243956 0)
(-2.32145 0.0784017 0)
(-2.26648 -0.249415 0)
(-2.75562 0.161913 0)
(-2.12761 0.232149 0)
(-2.02547 -0.344831 0)
(-1.3582 0.40183 0)
(-1.79123 -0.20923 0)
(-1.3104 0.255319 0)
(-1.57386 0.479301 0)
(-1.59224 -0.261532 0)
(-1.46995 0.352712 0)
(-1.81336 -0.469052 0)
(-2.34318 0.0553381 0)
(-2.36588 -0.264389 0)
(-2.18085 0.221874 0)
(-2.77577 0.184205 0)
(-1.46593 0.0635973 0)
(-2.0632 -0.0811331 0)
(-1.47517 0.305857 0)
(-2.36211 -0.168063 0)
(-2.04797 -0.132487 0)
(-1.68495 0.378306 0)
(-2.37907 -0.28 0)
(-1.62002 0.130046 0)
(-1.83881 0.333468 0)
(-2.01738 0.467216 0)
(-1.62178 -0.20689 0)
(-1.85816 -0.487331 0)
(-2.06588 -0.330517 0)
(-1.36573 0.390387 0)
(-1.32062 0.235296 0)
(-1.82495 -0.198312 0)
(-1.59318 -0.259381 0)
(-1.81776 -0.47624 0)
(-1.50916 0.356508 0)
(-1.61941 0.48553 0)
(-1.91985 0.394117 0)
(-2.11278 -0.100555 0)
(-1.82532 0.0992243 0)
(-2.4986 -0.275919 0)
(-1.74694 0.473577 0)
(-1.4477 -0.259825 0)
(-1.61315 0.367665 0)
(-1.65978 -0.507907 0)
(-1.17309 -0.0627693 0)
(-1.94337 0.0259262 0)
(-2.17288 0.00107198 0)
(-1.12387 0.148958 0)
(-2.38319 0.0610937 0)
(-2.10191 0.0721346 0)
(-1.37721 0.116979 0)
(-1.43913 -0.16046 0)
(-2.01526 -0.144273 0)
(-1.67982 0.395261 0)
(-1.61044 0.159639 0)
(-2.33687 -0.297937 0)
(-1.74698 0.478436 0)
(-1.48859 -0.256939 0)
(-1.61316 0.366098 0)
(-1.70545 -0.505381 0)
(-1.27912 -0.347223 0)
(-1.16158 -0.106079 0)
(-2.08414 0.285267 0)
(-1.887 0.251624 0)
(-1.6 0.306877 0)
(-1.77358 -0.22632 0)
(-2.04218 -0.439545 0)
(-1.71274 0.474964 0)
(-1.15153 -0.120794 0)
(-1.27476 -0.357262 0)
(-2.05247 0.309735 0)
(-1.86332 0.27224 0)
(-1.24026 0.305929 0)
(-1.89898 -0.125594 0)
(-1.24075 0.132429 0)
(-2.13735 -0.209439 0)
(-2.16569 0.209999 0)
(-1.98492 -0.396177 0)
(-1.77986 -0.0274765 0)
(-2.45943 0.332554 0)
(-2.27932 -0.296913 0)
(-1.57068 0.40243 0)
(-1.51447 0.184177 0)
(-1.9768 -0.154647 0)
(-1.47947 -0.190557 0)
(-1.68108 -0.46731 0)
(-2.05096 0.430615 0)
(-1.86595 0.329538 0)
(-1.58654 0.438792 0)
(-1.88461 -0.195251 0)
(-1.5098 0.249753 0)
(-2.16525 -0.363746 0)
(-1.67 0.361173 0)
(-1.81133 0.431529 0)
(-1.22824 -0.25036 0)
(-1.40715 -0.484556 0)
(-1.97488 -0.475339 0)
(-1.80786 0.319918 0)
(-1.7107 -0.202543 0)
(-1.97665 0.479704 0)
(-1.57461 0.349473 0)
(-2.04624 -0.116428 0)
(-1.53544 0.108594 0)
(-2.36021 -0.236497 0)
(-1.28003 0.322987 0)
(-1.9045 -0.136215 0)
(-1.27128 0.147449 0)
(-2.14854 -0.229277 0)
(-1.94222 0.40603 0)
(-1.42818 -0.472318 0)
(-1.25749 -0.22368 0)
(-1.77822 0.338132 0)
(-1.8754 -0.0232272 0)
(-2.09085 -0.0608934 0)
(-1.066 0.182975 0)
(-1.10405 -0.00307601 0)
(-2.32171 -0.0668976 0)
(-1.34859 0.210554 0)
(-1.37452 -0.0308341 0)
(-2.04893 -0.0179626 0)
(-2.59168 -0.25821 0)
(-2.28945 0.0301828 0)
(-2.16624 0.137834 0)
(-2.60383 0.368939 0)
(-2.67966 -0.189308 0)
(-2.24407 0.248121 0)
(-2.35511 -0.0305664 0)
(-2.71155 0.332062 0)
(-2.3573 -0.120299 0)
(-1.42702 0.00859129 0)
(-1.41922 0.254456 0)
(-2.06892 -0.0527727 0)
(-1.28347 -0.308993 0)
(-2.14021 0.240699 0)
(-1.17687 -0.0626551 0)
(-1.92832 0.213573 0)
(-1.40906 0.369446 0)
(-1.47354 -0.287138 0)
(-1.67034 -0.494766 0)
(-1.51147 0.477592 0)
(-1.35612 -0.382597 0)
(-1.8813 0.280896 0)
(-2.07156 0.327254 0)
(-1.21965 -0.135007 0)
(-2.32247 0.0652852 0)
(-2.75668 0.145783 0)
(-2.25749 -0.24326 0)
(-2.12457 0.226025 0)
(-2.51392 -0.232193 0)
(-2.39535 0.313126 0)
(-2.32224 0.0222979 0)
(-2.83807 0.0961111 0)
(-1.40398 -0.401382 0)
(-2.09043 0.342479 0)
(-1.25861 -0.145594 0)
(-1.89615 0.289106 0)
(-1.20623 0.365149 0)
(-1.7833 -0.179995 0)
(-1.18628 0.233565 0)
(-1.99991 -0.283919 0)
(-1.7488 -0.195966 0)
(-1.21735 0.375624 0)
(-1.96136 -0.307544 0)
(-1.19026 0.250398 0)
(-1.44519 0.371717 0)
(-1.6577 -0.509048 0)
(-1.555 0.478887 0)
(-1.45893 -0.288562 0)
(-1.3618 -0.0316771 0)
(-2.29865 0.2463 0)
(-1.48217 -0.31883 0)
(-2.05121 0.205211 0)
(-1.72903 0.344531 0)
(-1.88037 0.407017 0)
(-1.20029 -0.232685 0)
(-1.36459 -0.468027 0)
(-2.49926 0.380997 0)
(-2.83462 -0.198946 0)
(-2.37675 -0.136204 0)
(-2.88442 0.159032 0)
(-1.76526 0.328529 0)
(-1.18839 -0.222486 0)
(-1.92366 0.385237 0)
(-1.34317 -0.461698 0)
(-1.8787 -0.417332 0)
(-1.33303 0.323283 0)
(-1.66095 -0.252345 0)
(-1.40695 0.450078 0)
(-1.8368 0.45969 0)
(-1.68985 0.358172 0)
(-1.64802 -0.500833 0)
(-1.43838 -0.244874 0)
(-1.80773 -0.394258 0)
(-1.22331 0.317172 0)
(-1.28015 0.42629 0)
(-1.60994 -0.2533 0)
(-2.10982 0.0018459 0)
(-1.06445 0.139842 0)
(-1.89515 0.0256655 0)
(-1.11369 -0.0596825 0)
(-1.06711 0.117701 0)
(-2.12216 0.0419569 0)
(-1.12401 -0.0897058 0)
(-1.9067 0.0573353 0)
(-2.19021 -0.159827 0)
(-1.94333 -0.0885861 0)
(-1.26588 0.0811466 0)
(-1.25532 0.273679 0)
(-1.73742 -0.436897 0)
(-1.54476 -0.274054 0)
(-1.34859 0.453721 0)
(-1.27495 0.346459 0)
(-1.89826 0.10037 0)
(-1.12206 -0.164046 0)
(-1.05304 0.0535162 0)
(-2.10868 0.0985742 0)
(-1.12554 -0.140874 0)
(-2.1233 0.0735401 0)
(-1.06227 0.0749102 0)
(-1.90923 0.0802295 0)
(-2.39082 0.0916101 0)
(-2.10952 0.0922296 0)
(-1.38833 0.100749 0)
(-1.46028 -0.184547 0)
(-1.77678 -0.47526 0)
(-1.55556 -0.193115 0)
(-2.04993 0.457038 0)
(-1.86487 0.33757 0)
(-2.14202 0.166604 0)
(-1.99665 -0.0065227 0)
(-2.32887 -0.371805 0)
(-2.41097 0.405405 0)
(-1.41627 0.293644 0)
(-1.99563 -0.404771 0)
(-1.49353 0.44344 0)
(-1.75379 -0.233588 0)
(-1.70514 0.344679 0)
(-1.85187 0.405249 0)
(-1.34221 -0.473031 0)
(-1.18154 -0.241056 0)
(-1.87515 0.0250209 0)
(-2.08552 0.00141516 0)
(-1.08834 -0.0492976 0)
(-1.03986 0.143598 0)
(-2.17911 0.162656 0)
(-2.47452 0.395863 0)
(-2.00268 0.0125932 0)
(-2.32447 -0.376154 0)
(-1.42078 0.280809 0)
(-2.04241 -0.389172 0)
(-1.49424 0.439384 0)
(-1.79204 -0.222969 0)
(-1.8143 -0.458197 0)
(-1.60119 -0.269385 0)
(-1.48435 0.468164 0)
(-1.39349 0.345958 0)
(-2.58202 -0.195048 0)
(-1.91497 0.355871 0)
(-2.18771 -0.0581543 0)
(-1.84558 0.0300043 0)
(-2.20125 0.395665 0)
(-1.7117 -0.439482 0)
(-1.98108 0.297397 0)
(-1.51972 -0.138707 0)
(-2.63928 0.315771 0)
(-2.80354 -0.122703 0)
(-2.24585 0.142987 0)
(-2.41804 -0.160607 0)
(-2.13516 0.194185 0)
(-1.22275 -0.25948 0)
(-1.13041 -0.0215149 0)
(-1.92225 0.177514 0)
(-1.42894 0.0344278 0)
(-2.34199 -0.134239 0)
(-1.42431 0.2728 0)
(-2.05357 -0.0630071 0)
(-1.15806 0.0357659 0)
(-1.9568 0.129085 0)
(-1.23718 -0.202395 0)
(-2.18169 0.134116 0)
(-1.79115 -0.481642 0)
(-1.56886 -0.200895 0)
(-2.02154 0.453079 0)
(-1.84171 0.333229 0)
(-1.18477 0.0578318 0)
(-1.97926 0.110335 0)
(-1.26 -0.182305 0)
(-2.21115 0.111049 0)
(-2.11815 -0.037237 0)
(-1.52281 0.261586 0)
(-1.5296 -0.00699777 0)
(-2.42977 -0.102469 0)
(-2.14657 0.439539 0)
(-1.63587 -0.158669 0)
(-1.94021 0.309853 0)
(-1.86412 -0.461387 0)
(-1.42551 -0.41848 0)
(-1.27351 -0.160801 0)
(-2.07159 0.352989 0)
(-1.88177 0.296315 0)
(-2.01103 0.0763557 0)
(-2.62139 0.300306 0)
(-2.27109 -0.35206 0)
(-2.26898 0.113944 0)
(-2.61134 -0.260073 0)
(-2.1695 0.100986 0)
(-2.53106 0.379527 0)
(-2.25072 0.0289569 0)
(-2.21148 0.0803455 0)
(-1.18445 0.0817341 0)
(-1.25187 -0.153649 0)
(-1.97837 0.0877866 0)
(-2.60002 0.319597 0)
(-2.10659 0.0565883 0)
(-2.40871 -0.369743 0)
(-2.25565 0.0910042 0)
(-1.22653 -0.264605 0)
(-1.65897 0.446517 0)
(-1.54151 0.372517 0)
(-1.42224 -0.495824 0)
(-1.10377 -0.139342 0)
(-1.99609 0.310983 0)
(-1.22232 -0.36391 0)
(-1.81819 0.277348 0)
(-1.11343 -0.155261 0)
(-1.99463 0.327916 0)
(-1.819 0.291437 0)
(-1.23825 -0.384 0)
(-2.07309 0.168199 0)
(-1.13754 -0.233332 0)
(-1.05474 -0.00588682 0)
(-1.87084 0.156869 0)
(-2.08847 0.148263 0)
(-1.05281 0.0110722 0)
(-1.88263 0.140406 0)
(-1.13026 -0.214904 0)
(-1.14015 -0.225178 0)
(-1.75186 0.338246 0)
(-1.28765 -0.457895 0)
(-1.90592 0.390505 0)
(-2.09116 -0.332892 0)
(-2.26971 0.150429 0)
(-2.61726 0.266967 0)
(-1.90497 0.0758177 0)
(-2.00322 -0.140081 0)
(-1.05931 0.0753374 0)
(-1.80291 -0.0880451 0)
(-1.03658 0.231024 0)
(-1.02082 0.0984562 0)
(-2.09653 0.0545606 0)
(-1.07842 -0.107034 0)
(-1.88891 0.0658553 0)
(-1.50605 0.469338 0)
(-1.63582 -0.255716 0)
(-1.41576 0.339352 0)
(-1.85837 -0.444102 0)
(-1.98506 0.413444 0)
(-2.1059 -0.103437 0)
(-1.8643 0.115908 0)
(-2.49947 -0.307207 0)
(-2.28727 0.00658326 0)
(-2.21289 -0.134391 0)
(-2.34057 0.287109 0)
(-2.78615 -0.172023 0)
(-1.85857 0.0497525 0)
(-2.06282 0.0315147 0)
(-1.05631 -0.061131 0)
(-1.00183 0.130816 0)
(-1.84748 0.390681 0)
(-1.13925 -0.24702 0)
(-1.28965 -0.476045 0)
(-1.70102 0.336952 0)
(-2.65222 -0.249806 0)
(-2.18252 0.103743 0)
(-2.54246 0.372681 0)
(-2.26348 -0.00563692 0)
(-2.7071 0.231261 0)
(-2.2981 -0.303802 0)
(-2.30877 0.0801023 0)
(-2.08675 0.155264 0)
(-2.222 0.358876 0)
(-1.99793 0.280612 0)
(-1.61953 -0.409052 0)
(-1.45091 -0.116385 0)
(-1.40175 0.428481 0)
(-1.73803 -0.230927 0)
(-1.33851 0.288693 0)
(-1.96787 -0.38428 0)
(-2.10557 0.242312 0)
(-1.13814 -0.0681059 0)
(-1.24191 -0.306179 0)
(-1.90012 0.217575 0)
(-2.12869 0.167385 0)
(-1.10722 -0.00923441 0)
(-1.19127 -0.24566 0)
(-1.91616 0.156091 0)
(-1.44682 0.44331 0)
(-1.72826 -0.237322 0)
(-1.37403 0.301815 0)
(-1.96149 -0.401929 0)
(-1.77684 -0.210464 0)
(-1.32381 0.399839 0)
(-2.00574 -0.342101 0)
(-1.27974 0.258413 0)
(-2.27782 0.0895527 0)
(-2.85273 -0.0497997 0)
(-2.51721 -0.190725 0)
(-2.62066 0.340983 0)
(-2.0631 0.467821 0)
(-1.85863 -0.152696 0)
(-1.88323 0.268424 0)
(-2.16139 -0.435369 0)
(-2.10355 0.473934 0)
(-1.8388 -0.149668 0)
(-1.91198 0.275563 0)
(-2.14113 -0.443362 0)
(-1.82641 0.309639 0)
(-1.19663 -0.18099 0)
(-2.00033 0.360745 0)
(-1.34182 -0.423112 0)
(-1.68763 -0.118697 0)
(-1.91137 -0.443774 0)
(-2.01725 0.276471 0)
(-2.25064 0.406445 0)
(-1.90803 -0.43106 0)
(-1.69 -0.0974851 0)
(-2.05638 0.268386 0)
(-2.30291 0.39547 0)
(-1.20642 -0.0578467 0)
(-2.19105 -0.0137642 0)
(-1.95686 0.0153446 0)
(-1.16064 0.157026 0)
(-2.24679 -0.271597 0)
(-1.44043 0.164043 0)
(-1.47909 0.369786 0)
(-1.96298 -0.147838 0)
(-1.33567 -0.260192 0)
(-1.74903 0.455917 0)
(-1.61622 0.367845 0)
(-1.54339 -0.507202 0)
(-2.02886 -0.463113 0)
(-1.90543 0.29556 0)
(-1.75843 -0.167042 0)
(-2.09945 0.463785 0)
(-1.23723 -0.0729832 0)
(-1.97995 0.0255139 0)
(-2.22115 -0.00120893 0)
(-1.18998 0.150533 0)
(-1.97079 -0.0598869 0)
(-2.22056 -0.119553 0)
(-1.27279 0.0306549 0)
(-1.25389 0.237023 0)
(-1.96905 -0.0717918 0)
(-2.22161 -0.136738 0)
(-1.26824 0.258562 0)
(-1.28397 0.0548658 0)
(-1.65807 -0.230464 0)
(-1.83858 0.483491 0)
(-1.69439 0.337849 0)
(-1.90708 -0.481854 0)
(-2.10603 -0.154216 0)
(-1.16317 0.0847109 0)
(-1.14427 0.25866 0)
(-1.88188 -0.0921999 0)
(-1.7877 0.33629 0)
(-1.95372 0.4087 0)
(-1.4681 -0.466991 0)
(-1.29326 -0.215799 0)
(-1.1721 0.0294195 0)
(-2.13945 -0.0964976 0)
(-1.14208 0.219491 0)
(-1.91068 -0.0478335 0)
(-1.82092 0.331019 0)
(-1.48734 -0.463259 0)
(-1.31304 -0.205128 0)
(-1.99478 0.403878 0)
(-1.74447 0.35465 0)
(-1.41583 -0.227468 0)
(-1.6206 -0.487245 0)
(-1.90153 0.451436 0)
(-1.28266 -0.468324 0)
(-1.86499 0.402327 0)
(-1.13221 -0.239762 0)
(-1.71674 0.347313 0)
(-1.73112 0.352927 0)
(-1.43905 -0.236341 0)
(-1.88654 0.453813 0)
(-1.64877 -0.496172 0)
(-1.86962 0.0492645 0)
(-2.07425 0.0329832 0)
(-1.00047 0.11528 0)
(-1.05333 -0.082614 0)
(-2.16086 -0.0055079 0)
(-1.59913 0.246468 0)
(-1.61413 -0.0489502 0)
(-2.49165 -0.0572795 0)
(-1.61424 0.224037 0)
(-2.52277 -0.0288643 0)
(-2.18562 0.0118104 0)
(-1.63971 -0.0856741 0)
(-2.9512 0.790919 0)
(-3.32588 0.106736 0)
(-3.03435 -0.0826293 0)
(-2.42102 -0.425086 0)
(-1.82963 0.439619 0)
(-1.50579 -0.494826 0)
(-1.68451 0.3578 0)
(-1.31233 -0.248002 0)
(-2.28308 0.196302 0)
(-2.67434 -0.273068 0)
(-2.83899 0.301397 0)
(-2.90433 0.00481563 0)
(-2.61397 0.592744 0)
(-2.33629 -0.11389 0)
(-2.8636 -0.0428924 0)
(-2.91081 0.0921533 0)
(-2.06559 -0.456739 0)
(-1.88577 0.29564 0)
(-1.78518 -0.166354 0)
(-2.07283 0.47321 0)
(-1.33094 -0.288322 0)
(-1.22753 -0.0313663 0)
(-1.97746 0.190989 0)
(-2.20275 0.21647 0)
(-1.34176 -0.271984 0)
(-1.24271 -0.0100135 0)
(-2.00218 0.176029 0)
(-2.23669 0.197599 0)
(-1.36109 0.230264 0)
(-1.38083 -0.00623521 0)
(-2.32094 -0.090626 0)
(-2.04567 -0.03432 0)
(-1.27221 -0.260658 0)
(-1.57838 0.371816 0)
(-1.70346 0.451592 0)
(-1.47277 -0.498608 0)
(-2.05121 -0.145033 0)
(-1.10562 0.0739745 0)
(-1.84021 -0.0891659 0)
(-1.08214 0.239052 0)
(-2.14427 0.0468733 0)
(-2.35541 0.410564 0)
(-2.61183 -0.284954 0)
(-2.15286 0.00359918 0)
(-1.58824 -0.425433 0)
(-2.17452 0.373725 0)
(-1.41692 -0.140459 0)
(-1.9608 0.295137 0)
(-1.55425 0.479748 0)
(-1.56802 -0.270257 0)
(-1.45106 0.358013 0)
(-1.78249 -0.476852 0)
(-2.18158 0.405067 0)
(-3.39085 0.224024 0)
(-3.1758 -0.474148 0)
(-2.91986 0.181141 0)
(-1.95169 -0.10615 0)
(-2.29102 -0.402617 0)
(-2.18152 0.45364 0)
(-1.98213 0.216397 0)
(-2.2623 0.228532 0)
(-2.6457 -0.259391 0)
(-2.87885 -0.0137747 0)
(-2.8649 0.297929 0)
(-2.34755 1.38162 0)
(-3.9392 0.0806502 0)
(-3.00799 -1.11766 0)
(-3.23095 0.668196 0)
(-1.6908 0.447713 0)
(-1.24203 -0.260765 0)
(-1.43871 -0.494105 0)
(-1.56815 0.372174 0)
(-1.13712 0.222988 0)
(-1.77673 -0.182644 0)
(-1.14756 0.346497 0)
(-1.98443 -0.278057 0)
(-1.87772 0.472639 0)
(-1.91127 -0.17951 0)
(-2.2261 -0.40959 0)
(-1.74485 0.258671 0)
(-1.31302 -0.331474 0)
(-1.93181 0.229569 0)
(-2.14263 0.261648 0)
(-1.19889 -0.0810412 0)
(-1.82442 -0.0826343 0)
(-2.02998 -0.134956 0)
(-1.08028 0.0651186 0)
(-1.05562 0.227805 0)
(-1.94924 -0.298124 0)
(-1.74456 -0.198271 0)
(-1.13933 0.363101 0)
(-1.12267 0.244242 0)
(-1.40449 -0.292299 0)
(-1.53486 0.490177 0)
(-1.42665 0.386528 0)
(-1.60047 -0.515573 0)
(-1.60125 -0.513515 0)
(-1.49041 0.493949 0)
(-1.40813 -0.301386 0)
(-1.38758 0.390447 0)
(-1.89974 -0.174334 0)
(-1.94135 0.47688 0)
(-1.79269 0.262015 0)
(-2.21771 -0.42194 0)
(-1.19477 -0.399095 0)
(-1.7561 0.316796 0)
(-1.91026 0.354672 0)
(-1.06796 -0.182069 0)
(-1.4262 0.330284 0)
(-1.98515 -0.129748 0)
(-2.26326 -0.235802 0)
(-1.40317 0.12077 0)
(-1.84039 -0.485977 0)
(-1.874 0.486174 0)
(-1.60157 -0.226524 0)
(-1.72199 0.35163 0)
(-1.83466 0.11286 0)
(-0.988474 0.0224742 0)
(-2.03094 0.113514 0)
(-1.05616 -0.188161 0)
(-1.49946 -0.196681 0)
(-1.70708 -0.473674 0)
(-1.84983 0.333641 0)
(-2.03083 0.439534 0)
(-2.6532 0.197962 0)
(-1.90605 0.0975597 0)
(-2.28578 0.11807 0)
(-2.0486 -0.313625 0)
(-2.34492 0.0524629 0)
(-1.32759 0.119657 0)
(-2.0742 0.0658835 0)
(-1.38656 -0.146125 0)
(-1.65096 0.340792 0)
(-2.10695 -0.0868264 0)
(-2.4438 -0.196079 0)
(-1.61578 0.0699087 0)
(-2.65135 0.179467 0)
(-2.28486 0.112779 0)
(-1.88287 0.119463 0)
(-2.01086 -0.283347 0)
(-2.16302 0.355078 0)
(-1.37929 -0.129617 0)
(-1.53987 -0.40799 0)
(-1.95324 0.285782 0)
(-1.61208 -0.119014 0)
(-1.57018 0.190868 0)
(-2.17524 0.0335589 0)
(-2.50178 0.00823011 0)
(-1.21487 0.335255 0)
(-1.5445 -0.267064 0)
(-1.27593 0.436953 0)
(-1.73032 -0.412051 0)
(-2.33884 0.312767 0)
(-2.38792 -0.076137 0)
(-2.69539 -0.208675 0)
(-2.83177 0.22952 0)
(-1.81107 -0.446415 0)
(-1.60017 -0.266867 0)
(-1.44371 0.464782 0)
(-1.35943 0.343806 0)
(-1.72042 0.476144 0)
(-1.59065 0.360185 0)
(-1.73072 -0.504245 0)
(-1.51315 -0.261875 0)
(-1.88795 -0.147725 0)
(-1.28344 0.172043 0)
(-2.13219 -0.248311 0)
(-1.29741 0.342684 0)
(-1.03681 0.00523001 0)
(-1.80963 -0.0225312 0)
(-2.00872 -0.0568764 0)
(-1.00091 0.17608 0)
(-1.33314 -0.478157 0)
(-1.16501 -0.256362 0)
(-1.73513 0.423358 0)
(-1.60656 0.360445 0)
(-1.19435 -0.387995 0)
(-1.77553 0.297637 0)
(-1.93854 0.333496 0)
(-1.07294 -0.168955 0)
(-2.43331 -0.836051 0)
(-2.97487 1.29774 0)
(-3.51109 0.501206 0)
(-3.14606 -0.325513 0)
(-1.84362 0.133547 0)
(-1.00891 0.0179115 0)
(-2.04129 0.138055 0)
(-1.07859 -0.200872 0)
(-1.65151 -0.504597 0)
(-1.4443 -0.26861 0)
(-1.52302 0.373321 0)
(-1.64236 0.480284 0)
(-1.21581 0.328972 0)
(-1.83896 -0.158436 0)
(-2.06306 -0.252233 0)
(-1.20693 0.179654 0)
(-1.34967 0.167293 0)
(-1.92464 -0.150317 0)
(-1.37442 0.354356 0)
(-2.18648 -0.259786 0)
(-1.72809 -0.190557 0)
(-1.14835 0.374915 0)
(-1.93287 -0.291085 0)
(-1.13022 0.257292 0)
(-1.41837 -0.306882 0)
(-1.47915 0.476448 0)
(-1.60513 -0.515027 0)
(-1.37672 0.376343 0)
(-1.72145 -0.2301 0)
(-1.3609 0.426739 0)
(-1.94521 -0.376879 0)
(-1.30241 0.293369 0)
(-1.77426 0.482378 0)
(-1.57572 -0.249822 0)
(-1.63754 0.354407 0)
(-1.80658 -0.496845 0)
(-1.16657 -0.150847 0)
(-1.09903 0.072636 0)
(-2.1547 0.0885071 0)
(-1.93416 0.0925559 0)
(-1.76169 -0.162071 0)
(-3.88507 0.700135 0)
(-2.64974 -0.0869832 0)
(-4.0134 -0.199295 0)
(-1.37948 0.370251 0)
(-1.45813 -0.294234 0)
(-1.65032 -0.496883 0)
(-1.47881 0.475011 0)
(-1.6835 0.356099 0)
(-2.09739 -0.101833 0)
(-2.43949 -0.224648 0)
(-1.636 0.0866204 0)
(-1.80162 -0.217169 0)
(-1.38402 0.264475 0)
(-1.44789 0.420958 0)
(-2.04727 -0.371382 0)
(-1.90499 0.38403 0)
(-1.75145 0.337103 0)
(-1.25551 -0.456708 0)
(-1.11285 -0.225607 0)
(-1.72576 -0.201116 0)
(-1.9329 -0.311592 0)
(-1.16905 0.262996 0)
(-1.19579 0.381927 0)
(-1.87782 0.079432 0)
(-2.0831 0.0702701 0)
(-0.997566 0.0858575 0)
(-1.05844 -0.118943 0)
(-1.65738 0.3218 0)
(-1.99685 -0.463816 0)
(-1.73337 -0.228089 0)
(-1.78869 0.48356 0)
(-1.59233 0.47662 0)
(-1.49119 0.336808 0)
(-1.66575 -0.249257 0)
(-1.90167 -0.451577 0)
(-1.65233 0.312296 0)
(-2.04678 -0.448238 0)
(-1.77362 -0.220154 0)
(-1.77826 0.483696 0)
(-1.94703 0.126645 0)
(-1.12592 0.0336119 0)
(-1.20404 -0.201394 0)
(-2.16866 0.13077 0)
(-1.83765 0.452565 0)
(-3.68556 -0.54609 0)
(-2.70382 0.27085 0)
(-3.83215 0.281677 0)
(-3.97848 -0.618695 0)
(-1.66869 0.249356 0)
(-2.60417 0.141505 0)
(-4.03794 0.273864 0)
(-2.32859 0.171576 0)
(-2.07025 0.151654 0)
(-1.3416 0.0242506 0)
(-1.43696 -0.258025 0)
(-2.45832 0.299794 0)
(-1.84248 -0.372549 0)
(-1.67534 -0.0205086 0)
(-2.16736 0.211057 0)
(-2.1245 -0.436662 0)
(-1.84987 0.470251 0)
(-1.83491 -0.200356 0)
(-1.71442 0.28289 0)
(-2.56613 -1.19232 0)
(-2.9044 1.41826 0)
(-3.56708 0.608998 0)
(-3.27263 -0.573445 0)
(-1.91821 -0.356083 0)
(-2.19785 0.188323 0)
(-2.503 0.282592 0)
(-1.74883 0.00961121 0)
(-1.73826 0.120245 0)
(-1.82682 0.395422 0)
(-2.08807 -0.123601 0)
(-2.45247 -0.294289 0)
(-1.27239 -0.258251 0)
(-1.48662 0.380829 0)
(-1.59492 0.463361 0)
(-1.46897 -0.50491 0)
(-1.98524 -0.191329 0)
(-1.07799 0.1206 0)
(-1.06042 0.260423 0)
(-1.78869 -0.125764 0)
(-2.13885 -0.0502661 0)
(-1.63222 0.302313 0)
(-1.61914 0.0188965 0)
(-2.47467 -0.132756 0)
(-2.13664 -0.066161 0)
(-1.67213 0.326703 0)
(-1.64584 0.0428243 0)
(-2.48034 -0.164234 0)
(-1.94452 0.173592 0)
(-2.16368 0.190796 0)
(-1.16107 -0.0156797 0)
(-1.25418 -0.26011 0)
(-2.07993 -0.444332 0)
(-1.8391 0.479775 0)
(-1.79912 -0.207466 0)
(-1.70415 0.301015 0)
(-1.95124 0.193608 0)
(-2.17013 0.2167 0)
(-1.28788 -0.287239 0)
(-1.18706 -0.0382262 0)
(-2.10258 -0.41253 0)
(-2.12519 0.218588 0)
(-1.85226 -0.0469484 0)
(-2.40217 0.382042 0)
(-1.7988 0.296861 0)
(-1.78601 -0.192497 0)
(-1.96171 0.475221 0)
(-2.06888 -0.459271 0)
(-2.0226 0.390537 0)
(-1.30243 -0.18839 0)
(-1.47063 -0.446475 0)
(-1.84417 0.321476 0)
(-1.51091 -0.509858 0)
(-1.55689 0.370014 0)
(-1.67893 0.454102 0)
(-1.30188 -0.265569 0)
(-1.83913 -0.106578 0)
(-1.10212 0.26328 0)
(-1.12073 0.105313 0)
(-2.05127 -0.169005 0)
(-1.3124 -0.347071 0)
(-1.90364 0.247691 0)
(-1.19128 -0.101175 0)
(-2.10411 0.282911 0)
(-2.40908 0.0396548 0)
(-2.11818 0.0565149 0)
(-1.41485 0.140907 0)
(-1.4696 -0.140295 0)
(-2.03944 -0.427612 0)
(-2.09783 0.245162 0)
(-1.79466 -0.0735527 0)
(-2.36254 0.399754 0)
(-1.51942 0.370239 0)
(-1.47386 -0.272869 0)
(-1.68189 -0.507694 0)
(-1.63902 0.480993 0)
(-1.24048 0.34696 0)
(-1.83892 -0.16324 0)
(-2.06713 -0.263482 0)
(-1.22586 0.196198 0)
(-1.78613 0.32483 0)
(-1.25866 -0.411929 0)
(-1.94739 0.368183 0)
(-1.12103 -0.183138 0)
(-1.81342 0.284187 0)
(-1.83008 -0.180521 0)
(-1.97629 0.476751 0)
(-2.12679 -0.44591 0)
(-1.88564 0.100445 0)
(-1.03272 0.0442909 0)
(-2.09294 0.0990693 0)
(-1.10087 -0.171191 0)
(-2.17689 0.443321 0)
(-1.72885 -0.145934 0)
(-1.9811 -0.458444 0)
(-1.96304 0.289896 0)
(-1.76635 -0.148062 0)
(-1.95304 0.287465 0)
(-2.0321 -0.456515 0)
(-2.16145 0.453253 0)
(-1.65715 -0.299876 0)
(-1.53652 0.0275502 0)
(-2.16273 0.172321 0)
(-2.45315 0.218502 0)
(-1.51174 -0.514979 0)
(-1.516 0.376244 0)
(-1.63031 0.461979 0)
(-1.30187 -0.262806 0)
(-1.92876 0.37525 0)
(-2.14987 -0.0884756 0)
(-2.54932 -0.258015 0)
(-1.8357 0.0637869 0)
(-1.81855 -0.125111 0)
(-1.09323 0.27277 0)
(-2.02486 -0.192754 0)
(-1.10747 0.125348 0)
(-2.3536 0.117256 0)
(-2.08538 0.1111 0)
(-1.43079 -0.209158 0)
(-1.3525 0.0706509 0)
(-2.35686 0.149287 0)
(-2.09059 0.134442 0)
(-1.45699 -0.231616 0)
(-1.3681 0.0544394 0)
(-2.10344 0.0397402 0)
(-2.16457 -0.0273919 0)
(-2.27679 0.400734 0)
(-2.6201 -0.274411 0)
(-2.40649 0.0047219 0)
(-2.11415 0.0332957 0)
(-1.41619 0.163425 0)
(-1.45965 -0.112857 0)
(-1.5057 0.0453979 0)
(-2.15569 0.151459 0)
(-2.44739 0.18735 0)
(-1.61366 -0.274277 0)
(-2.22403 0.0121894 0)
(-2.65193 -0.249776 0)
(-2.17467 0.0554727 0)
(-2.45825 0.397392 0)
(-1.62876 0.0822483 0)
(-2.53726 0.179629 0)
(-2.21376 0.137829 0)
(-1.73915 -0.267425 0)
(-1.62224 -0.249483 0)
(-2.47791 0.156392 0)
(-2.17337 0.129723 0)
(-1.52531 0.0739972 0)
(-2.02173 0.198887 0)
(-2.25875 0.233149 0)
(-1.42897 -0.310452 0)
(-1.31486 -0.0355644 0)
(-2.26631 0.0587623 0)
(-2.35799 -0.132602 0)
(-2.50719 0.33989 0)
(-2.8071 -0.130205 0)
(-2.07203 -0.0305155 0)
(-1.03851 0.164275 0)
(-1.08133 -0.0219824 0)
(-1.86207 6.69569e-05 0)
(-1.67343 0.353659 0)
(-1.36049 -0.479437 0)
(-1.81459 0.417821 0)
(-1.19171 -0.248793 0)
(-1.22756 -0.21341 0)
(-1.79263 0.329756 0)
(-1.95822 0.391033 0)
(-1.38769 -0.458984 0)
(-1.16281 -0.0933824 0)
(-1.10748 0.121068 0)
(-2.15949 0.0357714 0)
(-1.93522 0.0525479 0)
(-2.39662 0.330292 0)
(-2.12354 0.233607 0)
(-1.82789 -0.393269 0)
(-1.64933 -0.0517449 0)
(-1.76457 0.348816 0)
(-1.92607 0.434154 0)
(-1.5467 -0.48256 0)
(-1.3551 -0.226811 0)
(-2.11608 0.238715 0)
(-2.39116 0.34754 0)
(-1.87717 -0.415348 0)
(-1.68421 -0.0653203 0)
(-1.96621 -0.02619 0)
(-2.20916 -0.0707213 0)
(-1.20386 0.202543 0)
(-1.2368 -0.00874629 0)
(-1.24936 -0.105404 0)
(-2.14996 0.295819 0)
(-1.94036 0.252908 0)
(-1.37767 -0.36534 0)
(-1.62604 -0.00840789 0)
(-1.77451 -0.350409 0)
(-2.45116 0.270477 0)
(-2.16249 0.19822 0)
(-3.88113 0.264253 0)
(-2.00491 -0.790158 0)
(-2.82575 -0.44646 0)
(-3.48039 1.15108 0)
(-1.58283 -0.508514 0)
(-1.54861 0.375903 0)
(-1.66966 0.472707 0)
(-1.37248 -0.262834 0)
(-1.14697 0.292262 0)
(-1.82606 -0.340165 0)
(-1.17916 0.390624 0)
(-1.63165 -0.223022 0)
(-1.2694 -0.248808 0)
(-1.43818 0.376985 0)
(-1.53669 0.459984 0)
(-1.4959 -0.512712 0)
(-1.84935 -0.134969 0)
(-1.15872 0.290924 0)
(-1.16645 0.136145 0)
(-2.06837 -0.212071 0)
(-1.95964 -0.22441 0)
(-1.07108 0.144708 0)
(-1.77009 -0.153027 0)
(-1.05998 0.274086 0)
(-1.4515 -0.289655 0)
(-1.36798 0.452698 0)
(-1.28622 0.355959 0)
(-1.63139 -0.46522 0)
(-1.24616 -0.103097 0)
(-1.9836 0.043362 0)
(-1.193 0.125362 0)
(-2.22346 0.022076 0)
(-2.44113 -0.0327261 0)
(-2.13186 0.00647356 0)
(-1.50765 -0.0608689 0)
(-1.47642 0.219552 0)
(-1.93793 -0.285654 0)
(-1.73854 -0.191011 0)
(-1.10031 0.239167 0)
(-1.11172 0.350039 0)
(-1.58575 0.357865 0)
(-1.62088 -0.253975 0)
(-1.85962 -0.485306 0)
(-1.71013 0.496786 0)
(-1.56838 -0.515886 0)
(-1.37895 0.389912 0)
(-1.37994 -0.30191 0)
(-1.48314 0.491534 0)
(-1.97771 0.430371 0)
(-2.06976 -0.117091 0)
(-2.44802 -0.330399 0)
(-1.84975 0.149544 0)
(-1.41069 0.387026 0)
(-2.14942 -0.316221 0)
(-1.36624 0.208948 0)
(-1.88886 -0.18453 0)
(-2.52194 -0.317946 0)
(-2.16638 0.0998934 0)
(-2.41529 0.417875 0)
(-2.10947 0.0163632 0)
(-2.33023 -0.356436 0)
(-2.05417 0.0715987 0)
(-2.2528 0.121975 0)
(-2.59576 0.323946 0)
(-1.91346 -0.159135 0)
(-1.99431 0.47085 0)
(-1.83484 0.253104 0)
(-2.23379 -0.416703 0)
(-1.37418 -0.0730856 0)
(-2.26777 0.29067 0)
(-1.51109 -0.361891 0)
(-2.02949 0.237096 0)
(-2.46059 0.0679762 0)
(-1.54304 -0.182973 0)
(-1.47967 0.122448 0)
(-2.15449 0.0742714 0)
(-1.30803 -0.239298 0)
(-2.22505 0.168391 0)
(-1.9919 0.154419 0)
(-1.21756 0.0141155 0)
(-2.33901 0.0672947 0)
(-2.30838 -0.248593 0)
(-2.24834 0.235816 0)
(-2.81161 0.0774581 0)
(-1.98746 0.459444 0)
(-1.98703 -0.142074 0)
(-2.33146 -0.380401 0)
(-1.84271 0.215072 0)
(-2.48243 0.0912646 0)
(-1.51745 0.115586 0)
(-1.5902 -0.198126 0)
(-2.17187 0.0864719 0)
(-2.35053 0.0568107 0)
(-2.36475 -0.240024 0)
(-2.25647 0.247907 0)
(-2.81134 0.115093 0)
(-3.55852 -1.00865 0)
(-1.87786 0.858117 0)
(-2.81339 0.486035 0)
(-3.89015 -0.172551 0)
(-1.46348 -0.0728356 0)
(-2.31279 0.306755 0)
(-1.61305 -0.379681 0)
(-2.06295 0.241029 0)
(-1.42151 0.0533373 0)
(-2.11725 0.133332 0)
(-2.39594 0.152442 0)
(-1.51334 -0.243709 0)
(-1.82846 0.0246586 0)
(-1.03507 -0.0420435 0)
(-2.02752 0.00234197 0)
(-0.987955 0.139393 0)
(-1.73595 0.427347 0)
(-1.21455 -0.264069 0)
(-1.39735 -0.493845 0)
(-1.60556 0.358767 0)
(-1.83287 -0.0430166 0)
(-1.03909 0.207908 0)
(-2.03962 -0.0834733 0)
(-1.07365 0.0362448 0)
(-1.13206 -0.24837 0)
(-1.79504 0.401971 0)
(-1.6578 0.346538 0)
(-1.28667 -0.470424 0)
(-1.17139 0.300071 0)
(-1.81211 -0.36109 0)
(-1.62013 -0.235332 0)
(-1.21255 0.402983 0)
(-2.30367 0.0169471 0)
(-2.29685 0.324811 0)
(-2.80193 -0.0719891 0)
(-2.24787 -0.136265 0)
(-1.21104 0.326141 0)
(-1.76926 -0.401651 0)
(-1.26924 0.430587 0)
(-1.57784 -0.259906 0)
(-1.24251 0.345525 0)
(-1.5368 -0.272095 0)
(-1.31009 0.449924 0)
(-1.72546 -0.42644 0)
(-1.27551 0.213547 0)
(-1.30456 0.367833 0)
(-2.07266 -0.294112 0)
(-1.83697 -0.179307 0)
(-1.48409 -0.28476 0)
(-1.35436 0.454157 0)
(-1.66785 -0.454265 0)
(-1.27601 0.354127 0)
(-1.87554 0.482195 0)
(-1.87653 -0.487071 0)
(-1.63291 -0.226533 0)
(-1.72262 0.342579 0)
(-1.45937 0.347669 0)
(-1.9853 -0.132237 0)
(-2.27047 -0.244934 0)
(-1.43028 0.135356 0)
(-1.53423 -0.265932 0)
(-1.6375 0.482863 0)
(-1.75026 -0.492754 0)
(-1.52098 0.363975 0)
(-2.14218 -0.0136319 0)
(-1.54071 0.242513 0)
(-1.55705 -0.0383592 0)
(-2.4582 -0.0674592 0)
(-2.24588 0.426806 0)
(-1.73469 -0.119475 0)
(-1.97883 -0.44423 0)
(-2.01578 0.278277 0)
(-2.29151 0.417671 0)
(-1.78731 -0.0965391 0)
(-2.04059 -0.435203 0)
(-2.04753 0.258306 0)
(-1.36873 -0.222604 0)
(-1.28269 0.0425762 0)
(-2.03779 0.133476 0)
(-2.28686 0.143088 0)
(-1.05032 0.0291483 0)
(-1.81758 -0.0390219 0)
(-2.01955 -0.0775105 0)
(-1.01486 0.198291 0)
(-1.18924 -0.264816 0)
(-1.72232 0.428753 0)
(-1.36777 -0.489537 0)
(-1.59417 0.362832 0)
(-1.94875 -0.461655 0)
(-1.69093 0.482285 0)
(-1.57519 0.331399 0)
(-1.69792 -0.242736 0)
(-1.64393 -0.139439 0)
(-2.20486 0.420302 0)
(-1.98536 0.295202 0)
(-1.86444 -0.450619 0)
(-1.43569 0.237492 0)
(-1.49809 0.414419 0)
(-2.13257 -0.348543 0)
(-1.86748 -0.196117 0)
(-1.95449 0.273146 0)
(-1.97632 -0.121511 0)
(-2.68613 -0.00718788 0)
(-2.26937 0.0250092 0)
(-2.0046 -0.0916981 0)
(-2.00908 0.312677 0)
(-2.70218 -0.0424419 0)
(-2.26901 0.0156704 0)
(-2.16839 -0.0267555 0)
(-1.65471 0.281935 0)
(-1.65294 -0.0147292 0)
(-2.50952 -0.0960847 0)
(-1.72117 -0.0267028 0)
(-1.72898 0.287469 0)
(-2.54694 -0.0925554 0)
(-2.18851 -0.0211822 0)
(-2.35998 -0.789515 0)
(-3.63621 0.33235 0)
(-3.06279 -0.363974 0)
(-3.17952 1.1138 0)
(-2.48229 -0.191743 0)
(-2.25181 0.222701 0)
(-2.83322 -0.100578 0)
(-2.76241 0.312913 0)
(-1.49873 0.307429 0)
(-1.59187 0.465203 0)
(-2.01434 -0.423065 0)
(-1.76082 -0.232494 0)
(-1.7208 -0.0924702 0)
(-2.56109 -0.0222816 0)
(-1.69682 0.236245 0)
(-2.20613 0.0165947 0)
(-1.75671 0.346017 0)
(-1.91636 0.425119 0)
(-1.50454 -0.482071 0)
(-1.31934 -0.229745 0)
(-2.61421 -0.261959 0)
(-1.9662 0.0329992 0)
(-2.09172 0.377359 0)
(-2.18157 -0.0609056 0)
(-2.37947 -0.368197 0)
(-2.03753 0.184623 0)
(-2.00614 -0.0661592 0)
(-2.24539 0.45494 0)
(-2.20281 0.408575 0)
(-1.58776 -0.148334 0)
(-1.79492 -0.460833 0)
(-1.98013 0.296876 0)
(-2.18768 -0.0525189 0)
(-1.20834 -0.0186656 0)
(-1.95117 -0.0134542 0)
(-1.17067 0.18939 0)
(-1.60536 0.457997 0)
(-1.51371 0.292595 0)
(-1.79061 -0.221982 0)
(-2.05179 -0.410783 0)
(-2.4703 -0.32635 0)
(-2.14704 0.122721 0)
(-2.39749 0.418412 0)
(-2.07803 0.0149138 0)
(-1.24204 0.413443 0)
(-1.64006 -0.236677 0)
(-1.19615 0.304343 0)
(-1.84059 -0.366508 0)
(-1.44786 0.0895394 0)
(-1.46548 0.320065 0)
(-2.03286 -0.103565 0)
(-2.32615 -0.199787 0)
(-1.62194 -0.215746 0)
(-1.96004 0.476913 0)
(-1.79218 0.339695 0)
(-1.8627 -0.488034 0)
(-1.33494 0.367995 0)
(-1.41749 -0.303105 0)
(-1.43087 0.467675 0)
(-1.59894 -0.497896 0)
(-1.50945 -0.284872 0)
(-1.37963 0.458395 0)
(-1.69897 -0.45902 0)
(-1.29832 0.353713 0)
(-1.14287 0.377508 0)
(-1.88104 -0.30449 0)
(-1.68538 -0.200776 0)
(-1.12367 0.27078 0)
(-2.39515 -0.0530201 0)
(-2.10077 -0.00707417 0)
(-1.43273 0.216402 0)
(-1.46045 -0.0457478 0)
(-2.54185 0.406317 0)
(-2.31143 -0.0590754 0)
(-2.86951 0.079188 0)
(-2.72304 -0.19485 0)
(-1.4453 0.0746979 0)
(-2.13428 0.118307 0)
(-2.42112 0.133459 0)
(-1.53118 -0.22656 0)
(-1.75273 -0.128109 0)
(-2.59134 0.00458646 0)
(-1.71769 0.216694 0)
(-2.22717 0.0318482 0)
(-2.10616 0.100671 0)
(-2.53292 -0.3134 0)
(-2.10899 -0.0188825 0)
(-2.31604 0.42703 0)
(-2.05224 0.0475926 0)
(-0.981861 0.10459 0)
(-1.85683 0.0602386 0)
(-1.03642 -0.0943673 0)
(-1.8577 0.394218 0)
(-1.71209 0.342815 0)
(-1.10818 -0.236431 0)
(-1.25262 -0.462022 0)
(-1.72795 0.160159 0)
(-2.38817 -0.325341 0)
(-2.03919 -0.141748 0)
(-1.82509 0.415578 0)
(-2.30267 0.0576236 0)
(-2.48156 0.324929 0)
(-2.84261 -0.0901585 0)
(-2.37221 -0.162525 0)
(-2.68952 0.91077 0)
(-3.18001 0.00426375 0)
(-2.56177 -0.528615 0)
(-3.20724 0.233906 0)
(-2.13261 0.193992 0)
(-1.51068 -0.00712362 0)
(-1.64156 -0.327156 0)
(-2.4101 0.249896 0)
(-2.3886 -0.344154 0)
(-1.78412 0.179568 0)
(-1.8993 0.437097 0)
(-2.03425 -0.139776 0)
(-1.55776 -0.121554 0)
(-2.16099 0.0379281 0)
(-2.47537 0.01413 0)
(-1.51248 0.176128 0)
(-2.54939 0.379812 0)
(-2.49188 -0.307854 0)
(-2.10564 0.0920198 0)
(-2.23951 0.0825192 0)
(-2.4946 -0.330268 0)
(-1.97812 0.133876 0)
(-2.09264 -0.0811915 0)
(-2.14238 0.437915 0)
(-1.48324 -0.276456 0)
(-1.59017 0.479053 0)
(-1.68812 -0.500216 0)
(-1.47776 0.368091 0)
(-1.21338 -0.28287 0)
(-1.11691 -0.0500198 0)
(-1.89468 0.201103 0)
(-2.10069 0.222331 0)
(-1.51767 -0.271485 0)
(-1.59055 0.48536 0)
(-1.7286 -0.491241 0)
(-1.47952 0.368726 0)
(-2.5086 0.151066 0)
(-1.67361 -0.243941 0)
(-1.5752 0.088655 0)
(-2.19375 0.122727 0)
(-1.80464 -0.177506 0)
(-2.02733 -0.284471 0)
(-1.22059 0.22084 0)
(-1.24151 0.361075 0)
(-1.24745 0.228401 0)
(-1.80625 -0.188862 0)
(-1.27785 0.371191 0)
(-2.03366 -0.304933 0)
(-1.69938 0.452452 0)
(-1.91033 -0.189864 0)
(-2.20894 -0.379298 0)
(-1.60428 0.248355 0)
(-1.75073 0.452981 0)
(-1.91347 -0.190608 0)
(-2.21867 -0.390303 0)
(-1.64549 0.245529 0)
(-1.78337 -0.197235 0)
(-1.28568 0.390243 0)
(-2.0097 -0.318276 0)
(-1.25036 0.251241 0)
(-1.97152 0.517716 0)
(-3.60868 -0.710425 0)
(-3.81404 0.0837238 0)
(-2.82272 0.290532 0)
(-1.83472 -0.428378 0)
(-1.62336 -0.259502 0)
(-1.40832 0.455317 0)
(-1.33104 0.333848 0)
(-1.47726 0.192671 0)
(-2.45021 -0.0180229 0)
(-2.14066 0.0175734 0)
(-1.51136 -0.0952231 0)
(-1.96805 0.267258 0)
(-1.78656 0.242102 0)
(-1.13067 -0.311697 0)
(-1.03103 -0.101808 0)
(-2.76045 -0.0027529 0)
(-2.17492 -0.150966 0)
(-2.29049 0.0337618 0)
(-2.16472 0.306941 0)
(-1.0497 -0.0176998 0)
(-1.83141 -0.00190721 0)
(-2.03346 -0.0313421 0)
(-1.0084 0.160602 0)
(-1.7773 0.414513 0)
(-1.1631 -0.25147 0)
(-1.6423 0.353591 0)
(-1.32672 -0.475639 0)
(-1.98187 0.437123 0)
(-1.413 -0.211513 0)
(-1.61004 -0.478471 0)
(-1.81013 0.343666 0)
(-2.26394 -0.0740098 0)
(-2.00686 -0.0260842 0)
(-1.26906 0.207607 0)
(-1.29841 -0.0165435 0)
(-2.82542 -0.571651 0)
(-2.40986 0.703282 0)
(-3.32088 0.118551 0)
(-3.08969 0.213794 0)
(-1.88431 0.252488 0)
(-2.06516 0.468598 0)
(-1.90012 -0.153901 0)
(-2.22033 -0.435119 0)
(-2.27677 -0.414595 0)
(-1.94291 -0.130224 0)
(-2.1151 0.460516 0)
(-1.92778 0.229558 0)
(-2.39985 0.415855 0)
(-2.01645 -0.00728791 0)
(-2.12831 0.1557 0)
(-2.3735 -0.377436 0)
(-1.87162 -0.313248 0)
(-2.22851 0.156057 0)
(-1.73585 0.052877 0)
(-2.55141 0.223563 0)
(-2.73782 -0.553994 0)
(-2.45162 0.740895 0)
(-3.27577 0.0788958 0)
(-3.0855 0.183198 0)
(-2.23356 0.167784 0)
(-1.92723 -0.335836 0)
(-2.55671 0.252416 0)
(-1.77197 0.038931 0)
(-2.21189 -0.0301211 0)
(-1.83524 -0.0237023 0)
(-2.60134 -0.126728 0)
(-1.87184 0.310402 0)
(-2.23178 -0.0414135 0)
(-2.0428 0.334577 0)
(-1.96329 -0.0222115 0)
(-2.66188 -0.184626 0)
(-1.32355 0.412517 0)
(-1.73527 -0.22227 0)
(-1.95818 -0.359865 0)
(-1.27333 0.279488 0)
(-2.24205 -0.0271281 0)
(-2.11915 0.334688 0)
(-2.02782 -0.0415585 0)
(-2.69087 -0.178185 0)
(-1.57255 -0.102207 0)
(-1.75618 -0.42553 0)
(-2.30511 0.362405 0)
(-2.05636 0.267097 0)
(-1.13227 -0.0899012 0)
(-1.87744 0.233469 0)
(-2.07643 0.261611 0)
(-1.24073 -0.324377 0)
(-1.31865 0.179082 0)
(-1.8962 -0.154849 0)
(-2.14675 -0.263258 0)
(-1.34118 0.35449 0)
(-1.55167 -0.256006 0)
(-1.73076 0.478268 0)
(-1.77533 -0.497037 0)
(-1.60081 0.355986 0)
(-2.17579 0.202513 0)
(-2.05963 -0.392064 0)
(-1.84068 -0.0119319 0)
(-2.47711 0.340624 0)
(-1.54799 0.412812 0)
(-2.21534 -0.321741 0)
(-1.48792 0.212839 0)
(-1.92893 -0.173204 0)
(-1.59436 0.421929 0)
(-2.20321 -0.349206 0)
(-1.52111 0.224843 0)
(-1.91637 -0.185652 0)
(-1.68179 0.229105 0)
(-2.27627 -0.37103 0)
(-1.95397 -0.174557 0)
(-1.78638 0.453138 0)
(-1.99026 0.245385 0)
(-1.80414 0.221676 0)
(-1.13315 -0.296481 0)
(-1.03886 -0.0842868 0)
(-1.44874 0.217454 0)
(-1.90851 -0.176706 0)
(-2.18413 -0.320806 0)
(-1.50463 0.407712 0)
(-2.19874 0.193338 0)
(-1.97798 -0.374446 0)
(-1.79173 0.00193769 0)
(-2.50835 0.303178 0)
(-1.62453 0.331777 0)
(-1.69741 -0.239053 0)
(-1.95148 -0.470692 0)
(-1.75059 0.484803 0)
(-2.4461 -0.331452 0)
(-2.18894 0.122591 0)
(-2.46551 0.410063 0)
(-2.06379 0.0363734 0)
(-1.96253 -0.472977 0)
(-2.04281 0.458926 0)
(-1.86025 0.306827 0)
(-1.70839 -0.187584 0)
(-2.26221 -0.0919195 0)
(-1.30441 0.00873727 0)
(-1.28001 0.229339 0)
(-2.003 -0.0387865 0)
(-1.63481 -0.48798 0)
(-1.43229 -0.220577 0)
(-1.96211 0.440983 0)
(-1.79326 0.344168 0)
(-1.77908 -0.219567 0)
(-1.4011 0.417476 0)
(-2.01598 -0.367192 0)
(-1.34279 0.269896 0)
(-1.63178 -0.258382 0)
(-1.55773 0.474397 0)
(-1.85777 -0.458573 0)
(-1.45881 0.342779 0)
(-2.17333 -0.104742 0)
(-3.22479 0.536353 0)
(-2.86749 -0.0112783 0)
(-3.35804 -0.180884 0)
(-2.22745 0.406389 0)
(-1.57591 -0.131483 0)
(-1.78034 -0.44478 0)
(-1.99941 0.295921 0)
(-1.87117 -0.000314488 0)
(-2.21201 -0.0405032 0)
(-2.61141 -0.152446 0)
(-1.9203 0.33816 0)
(-1.57745 0.331698 0)
(-2.39439 -0.189592 0)
(-1.55293 0.0786649 0)
(-2.07707 -0.0887825 0)
(-1.56322 0.182062 0)
(-2.2943 -0.310561 0)
(-1.98664 -0.157689 0)
(-1.62967 0.404441 0)
(-1.17172 0.279554 0)
(-1.897 -0.330237 0)
(-1.69225 -0.213905 0)
(-1.20396 0.392998 0)
(-1.66223 -0.483736 0)
(-1.47248 -0.292223 0)
(-1.43932 0.468835 0)
(-1.34657 0.364534 0)
(-1.99395 0.262469 0)
(-2.10387 -0.441349 0)
(-1.82266 -0.120837 0)
(-2.21488 0.444416 0)
(-2.10624 -0.433328 0)
(-2.04321 0.254641 0)
(-2.28267 0.434006 0)
(-1.83091 -0.0963925 0)
(-2.13764 0.419145 0)
(-1.93313 0.310796 0)
(-1.55194 -0.165019 0)
(-1.75827 -0.460685 0)
(-2.61887 -0.05125 0)
(-1.84303 0.280134 0)
(-2.2318 0.00397656 0)
(-1.84539 -0.0718201 0)
(-2.24809 -0.379111 0)
(-2.20355 0.164443 0)
(-1.96979 0.0207122 0)
(-2.51669 0.35999 0)
(-2.17485 -0.0129468 0)
(-2.69267 -0.223713 0)
(-2.34344 0.392706 0)
(-2.19854 0.00795935 0)
(-1.75762 -0.184597 0)
(-1.99706 0.482139 0)
(-2.03568 -0.460372 0)
(-1.82598 0.308634 0)
(-2.53692 0.372452 0)
(-2.22139 0.122273 0)
(-2.05692 0.0495944 0)
(-2.39195 -0.355898 0)
(-1.58305 0.110317 0)
(-2.38162 -0.252446 0)
(-2.05523 -0.121306 0)
(-1.6331 0.358868 0)
(-2.24649 -0.38794 0)
(-1.95804 -0.00293928 0)
(-2.17058 0.17953 0)
(-2.46407 0.382165 0)
(-2.19193 -0.0414976 0)
(-1.76005 0.0045797 0)
(-2.56353 -0.133928 0)
(-1.78669 0.321481 0)
(-3.30084 -0.350157 0)
(-2.10022 0.232087 0)
(-3.37554 0.375159 0)
(-2.84574 0.120354 0)
(-2.7503 -0.63982 0)
(-2.54483 0.917105 0)
(-3.36207 0.0372086 0)
(-3.17482 0.285683 0)
(-2.20306 0.332496 0)
(-1.374 -0.106983 0)
(-1.52492 -0.3894 0)
(-1.9828 0.269155 0)
(-2.1024 0.298553 0)
(-1.34474 -0.360598 0)
(-1.90391 0.258613 0)
(-1.2173 -0.111163 0)
(-2.17613 -0.414665 0)
(-2.33766 0.415218 0)
(-2.0829 0.222222 0)
(-1.8898 -0.0627839 0)
(-2.33452 0.424244 0)
(-2.24109 -0.408565 0)
(-2.08227 0.209789 0)
(-1.93054 -0.0579115 0)
(-1.56776 0.138438 0)
(-2.51414 0.0781574 0)
(-2.19056 0.0762822 0)
(-1.63684 -0.186713 0)
(-1.59897 0.171289 0)
(-2.53752 0.0436195 0)
(-1.65381 -0.155732 0)
(-2.20138 0.0550288 0)
(-2.57038 0.0408997 0)
(-1.66775 0.187383 0)
(-1.72151 -0.154076 0)
(-2.21972 0.0514808 0)
(-2.26087 0.150058 0)
(-2.00045 -0.329413 0)
(-2.60289 0.243784 0)
(-1.83856 0.0632668 0)
(-2.60967 0.0782308 0)
(-1.70016 0.176597 0)
(-1.76774 -0.185784 0)
(-2.24622 0.0731637 0)
(-1.17587 0.311837 0)
(-1.77485 -0.379582 0)
(-1.22543 0.412208 0)
(-1.58693 -0.248888 0)
(-1.49861 -0.278383 0)
(-1.31367 0.451531 0)
(-1.24249 0.351003 0)
(-1.68131 -0.437054 0)
(-2.6341 -0.0850034 0)
(-1.8907 0.306909 0)
(-1.87428 -0.0480681 0)
(-2.2353 -0.00997054 0)
(-3.31254 -0.242363 0)
(-2.15994 -0.0156094 0)
(-2.86181 0.00536564 0)
(-3.25467 0.463622 0)
(-1.17958 0.00957224 0)
(-1.96834 0.149863 0)
(-2.19458 0.162008 0)
(-1.26642 -0.236045 0)
(-1.37317 -0.486657 0)
(-1.19044 -0.266072 0)
(-1.67298 0.434216 0)
(-1.55168 0.36619 0)
(-1.9907 -0.106816 0)
(-1.00864 0.212898 0)
(-1.03809 0.0496734 0)
(-1.79266 -0.0626823 0)
(-1.35692 -0.246302 0)
(-1.55804 -0.497785 0)
(-1.84298 0.45125 0)
(-1.69559 0.361587 0)
(-1.18326 0.235964 0)
(-1.93169 -0.0637744 0)
(-1.20704 0.0422836 0)
(-2.16856 -0.119539 0)
(-1.37791 -0.238068 0)
(-1.57741 -0.49411 0)
(-1.73407 0.353122 0)
(-1.8897 0.443634 0)
(-1.95641 -0.0487858 0)
(-1.21325 0.230235 0)
(-2.20022 -0.102029 0)
(-1.23934 0.0265967 0)
(-1.86068 -0.321172 0)
(-1.14608 0.2804 0)
(-1.66385 -0.21098 0)
(-1.17439 0.386083 0)
(-1.40707 0.459527 0)
(-1.44603 -0.293427 0)
(-1.62803 -0.479177 0)
(-1.3192 0.360183 0)
(-1.73369 -0.473216 0)
(-1.38822 0.357997 0)
(-1.53207 -0.278131 0)
(-1.48283 0.470988 0)
(-2.16574 0.20241 0)
(-2.11103 -0.398754 0)
(-2.46073 0.362963 0)
(-1.8662 -0.0198983 0)
(-2.5242 -0.17099 0)
(-1.75182 0.333996 0)
(-1.71289 0.0330719 0)
(-2.16135 -0.0632921 0)
(-2.97715 0.509862 0)
(-2.89293 -0.0163227 0)
(-2.24801 -0.14945 0)
(-3.14743 -0.167642 0)
(-1.90209 -0.284314 0)
(-2.25828 0.126617 0)
(-2.60131 0.184179 0)
(-1.78036 0.0933108 0)
(-1.37511 -0.214775 0)
(-1.56515 -0.475336 0)
(-1.79647 0.342258 0)
(-1.96468 0.428747 0)
(-1.23332 0.194188 0)
(-1.9872 -0.0160564 0)
(-2.23531 -0.0592536 0)
(-1.26768 -0.0253126 0)
(-1.45638 0.24173 0)
(-1.46845 -0.0111715 0)
(-2.0875 -0.0359335 0)
(-2.38058 -0.0980312 0)
(-1.8829 0.168504 0)
(-1.08037 -0.0204884 0)
(-2.08714 0.182185 0)
(-1.16503 -0.249607 0)
(-1.90437 0.133107 0)
(-2.11553 0.139482 0)
(-1.15542 -0.205497 0)
(-1.07678 0.0223879 0)
(-2.32012 0.112423 0)
(-2.0612 0.10917 0)
(-1.38709 -0.200301 0)
(-1.30941 0.0685477 0)
(-1.96901 -0.427778 0)
(-1.74675 -0.0761823 0)
(-2.36172 0.387012 0)
(-2.09564 0.251672 0)
(-1.85574 -0.158604 0)
(-1.26272 0.191284 0)
(-1.27997 0.350559 0)
(-2.09138 -0.261715 0)
(-1.70239 -0.244833 0)
(-1.53001 0.465946 0)
(-1.44156 0.322686 0)
(-1.93955 -0.430656 0)
(-1.71741 -0.502201 0)
(-1.50415 -0.266197 0)
(-1.67005 0.474739 0)
(-1.54813 0.361153 0)
(-1.57862 0.466854 0)
(-1.69562 -0.247335 0)
(-1.4813 0.32317 0)
(-1.93498 -0.444257 0)
(-1.41338 0.0930657 0)
(-1.42391 0.315048 0)
(-2.01558 -0.0985622 0)
(-2.29838 -0.188298 0)
(-2.66742 0.241636 0)
(-2.00521 0.10597 0)
(-2.30273 0.114806 0)
(-2.1942 -0.316321 0)
(-2.70222 0.186135 0)
(-2.02205 0.142183 0)
(-2.1659 -0.294752 0)
(-2.31442 0.100356 0)
(-1.77137 0.339896 0)
(-1.58922 -0.224756 0)
(-1.93534 0.467692 0)
(-1.82086 -0.494116 0)
(-1.90459 0.319371 0)
(-2.09676 0.437313 0)
(-1.79642 -0.459776 0)
(-1.57869 -0.172497 0)
(-2.86676 0.040426 0)
(-2.77921 0.364623 0)
(-2.9141 -0.266577 0)
(-2.26373 -0.0557192 0)
(-2.08851 -0.0829823 0)
(-2.74059 -0.145937 0)
(-2.16828 0.325132 0)
(-2.26918 -0.0132568 0)
(-2.06737 -0.0817528 0)
(-2.731 -0.109557 0)
(-2.12324 0.326163 0)
(-2.2713 -0.00423907 0)
(-1.11597 -0.12263 0)
(-1.83788 0.266052 0)
(-1.23257 -0.350277 0)
(-2.0228 0.298453 0)
(-1.97866 -0.0985828 0)
(-2.2411 -0.178872 0)
(-1.32621 0.287419 0)
(-1.3267 0.0813719 0)
(-1.46797 -0.0479246 0)
(-1.61089 -0.356904 0)
(-2.34054 0.28973 0)
(-2.08358 0.228554 0)
(-2.20612 0.0919689 0)
(-1.68364 -0.217362 0)
(-2.5346 0.105049 0)
(-1.60388 0.119646 0)
(-2.05817 0.251716 0)
(-1.50602 -0.0864431 0)
(-1.66691 -0.396645 0)
(-2.30493 0.327306 0)
(-2.23343 0.0824883 0)
(-1.74346 -0.21416 0)
(-2.57776 0.0943691 0)
(-1.6665 0.138771 0)
(-1.56244 -0.340043 0)
(-2.33418 0.268342 0)
(-1.42964 -0.0383274 0)
(-2.0779 0.216107 0)
(-2.36896 0.238742 0)
(-1.57477 -0.32216 0)
(-1.4517 -0.0157726 0)
(-2.10234 0.19227 0)
(-2.84164 0.0281222 0)
(-3.43852 -0.265123 0)
(-2.09374 0.0439644 0)
(-3.41816 0.476696 0)
(-1.99357 0.238103 0)
(-1.46303 -0.358609 0)
(-2.2201 0.285639 0)
(-1.33071 -0.0831504 0)
(-1.22714 -0.397275 0)
(-1.96488 0.33478 0)
(-1.79748 0.298439 0)
(-1.10118 -0.170723 0)
(-1.87143 0.130954 0)
(-2.07541 0.136477 0)
(-1.03008 0.024159 0)
(-1.10461 -0.196594 0)
(-2.04588 0.453689 0)
(-2.0254 -0.12266 0)
(-1.89 0.18854 0)
(-2.39146 -0.369832 0)
(-1.85655 -0.185013 0)
(-1.77832 0.276161 0)
(-1.92957 0.475053 0)
(-2.15896 -0.437636 0)
(-1.88127 0.472412 0)
(-1.50415 -0.233762 0)
(-1.72703 0.358786 0)
(-1.72268 -0.495107 0)
(-1.33627 0.347241 0)
(-1.76513 -0.450686 0)
(-1.56317 -0.272619 0)
(-1.42001 0.461171 0)
(-2.57787 -0.0606226 0)
(-1.75609 -0.0600113 0)
(-1.75106 0.269585 0)
(-2.21228 -0.00312478 0)
(-2.12536 0.111135 0)
(-1.07718 0.0406618 0)
(-1.91198 0.11046 0)
(-1.14981 -0.184394 0)
(-1.41522 0.360465 0)
(-1.71205 -0.486872 0)
(-1.51705 0.471424 0)
(-1.51128 -0.281724 0)
(-2.58622 1.18884 0)
(-2.7902 -0.957484 0)
(-3.53648 -0.108461 0)
(-3.3003 0.469634 0)
(-1.56183 0.479851 0)
(-1.53199 -0.278666 0)
(-1.74127 -0.492156 0)
(-1.45444 0.362997 0)
(-2.02477 -0.117851 0)
(-1.4656 0.115448 0)
(-1.493 0.344883 0)
(-2.32384 -0.225384 0)
(-1.77403 0.336538 0)
(-1.90348 -0.493528 0)
(-1.65462 -0.221529 0)
(-1.9396 0.481464 0)
(-1.94571 -0.178762 0)
(-1.68681 0.438849 0)
(-2.2517 -0.35673 0)
(-1.59984 0.22494 0)
(-2.33437 0.437736 0)
(-1.99152 -0.0394174 0)
(-2.08928 0.185311 0)
(-2.34257 -0.382349 0)
(-2.37418 -0.383057 0)
(-1.93476 0.195959 0)
(-2.01047 -0.114844 0)
(-2.10962 0.457157 0)
(-2.44223 -0.348877 0)
(-1.90531 0.162685 0)
(-2.05528 0.443351 0)
(-2.06287 -0.110425 0)
(-1.98928 -0.448174 0)
(-1.55918 0.321328 0)
(-1.66821 0.478397 0)
(-1.73369 -0.238041 0)
(-1.46189 0.253398 0)
(-1.53234 0.428838 0)
(-2.11774 -0.362132 0)
(-1.85195 -0.200606 0)
(-1.13336 0.271081 0)
(-1.85468 -0.10877 0)
(-1.14984 0.110153 0)
(-2.07225 -0.175343 0)
(-1.54324 -0.50961 0)
(-1.69667 0.457025 0)
(-1.57196 0.36834 0)
(-1.33503 -0.262435 0)
(-1.50568 0.47648 0)
(-1.57066 -0.272964 0)
(-1.40961 0.356557 0)
(-1.78131 -0.469281 0)
(-1.83592 -0.13015 0)
(-2.24465 0.0356854 0)
(-1.79862 0.233563 0)
(-2.62467 0.0150439 0)
(-1.94101 0.106374 0)
(-1.10601 0.0507062 0)
(-1.17718 -0.179427 0)
(-2.16202 0.105667 0)
(-1.78381 -0.493639 0)
(-1.77286 0.346709 0)
(-1.55756 -0.22409 0)
(-1.93677 0.46846 0)
(-1.76175 -0.489549 0)
(-1.5407 -0.217266 0)
(-1.79844 0.345069 0)
(-1.96837 0.462139 0)
(-1.3877 0.0772616 0)
(-2.29148 -0.175227 0)
(-1.39186 0.298413 0)
(-2.01367 -0.0919413 0)
(-2.30485 -0.150457 0)
(-1.38588 0.0522219 0)
(-1.38272 0.278567 0)
(-2.02721 -0.0755419 0)
(-1.88252 0.00753156 0)
(-3.76559 -0.36355 0)
(-2.72717 0.00326363 0)
(-3.72304 0.470742 0)
(-1.57148 0.358138 0)
(-1.80838 -0.490608 0)
(-1.69524 0.487137 0)
(-1.57982 -0.256904 0)
(-2.63976 -0.0227917 0)
(-1.85622 0.261906 0)
(-2.24871 0.0186437 0)
(-1.87305 -0.10458 0)
(-2.1272 -0.296485 0)
(-1.87705 -0.175617 0)
(-1.32964 0.20296 0)
(-1.36383 0.373923 0)
(-1.98231 -0.443197 0)
(-1.51611 0.318277 0)
(-1.61696 0.472093 0)
(-1.73148 -0.242851 0)
(-1.52856 -0.150653 0)
(-2.45735 0.0517369 0)
(-1.46977 0.147518 0)
(-2.15081 0.0623893 0)
(-2.25132 -0.143668 0)
(-1.31879 0.058439 0)
(-1.98924 -0.0744581 0)
(-1.30801 0.270274 0)
(-2.59621 -0.242107 0)
(-1.90956 0.0387783 0)
(-2.01198 0.369926 0)
(-2.17891 -0.070362 0)
(-1.91254 0.458025 0)
(-1.75269 0.351361 0)
(-1.69099 -0.497812 0)
(-1.47771 -0.233445 0)
(-2.18151 -0.390925 0)
(-2.19496 0.183286 0)
(-1.92062 0.00497639 0)
(-2.508 0.361723 0)
(-1.96646 -0.318187 0)
(-1.22462 0.26176 0)
(-1.74923 -0.198869 0)
(-1.25868 0.390627 0)
(-2.24975 -0.346989 0)
(-1.56452 0.21203 0)
(-1.94819 -0.178837 0)
(-1.64316 0.42366 0)
(-1.58002 -0.226134 0)
(-2.1619 0.115379 0)
(-2.46354 0.132208 0)
(-1.49313 0.0877979 0)
(-2.20305 -0.0573241 0)
(-2.6237 -0.211561 0)
(-1.99758 0.342765 0)
(-1.90973 0.00359913 0)
(-2.07306 -0.386942 0)
(-1.45934 0.268893 0)
(-1.53657 0.434861 0)
(-1.81585 -0.21604 0)
(-2.03306 -0.00756634 0)
(-2.29718 -0.0504124 0)
(-1.32674 -0.0405704 0)
(-1.29382 0.195525 0)
(-2.03314 0.428907 0)
(-1.85089 0.335859 0)
(-1.62057 -0.473764 0)
(-1.4274 -0.200017 0)
(-1.5021 0.275482 0)
(-2.07859 -0.401276 0)
(-1.81531 -0.218796 0)
(-1.58909 0.445007 0)
(-2.17819 -0.406827 0)
(-2.40031 0.400731 0)
(-2.12715 0.211818 0)
(-1.89937 -0.0413198 0)
(-1.98469 -0.0997809 0)
(-1.35627 0.092014 0)
(-1.35956 0.300469 0)
(-2.25204 -0.184246 0)
(-1.88933 0.466901 0)
(-1.73389 0.349475 0)
(-1.53571 -0.231933 0)
(-1.75763 -0.494498 0)
(-2.25979 0.084312 0)
(-2.09395 0.11243 0)
(-2.46894 -0.301743 0)
(-2.58335 0.37102 0)
(-1.38747 -0.249584 0)
(-1.29631 0.0209318 0)
(-2.28869 0.163511 0)
(-2.03985 0.147989 0)
(-1.96403 -0.0718857 0)
(-2.6795 -0.0778836 0)
(-1.98832 0.310105 0)
(-2.25491 0.000176756 0)
(-1.92493 0.146031 0)
(-1.10514 0.0132928 0)
(-2.14094 0.155711 0)
(-1.18733 -0.221377 0)
(-1.74046 -0.234165 0)
(-1.53494 0.459494 0)
(-1.98487 -0.415072 0)
(-1.44968 0.308427 0)
(-1.27943 -0.00208371 0)
(-1.37884 -0.269054 0)
(-2.01971 0.170787 0)
(-2.25915 0.192629 0)
(-1.30919 -0.0120897 0)
(-1.41516 -0.284937 0)
(-2.02644 0.181818 0)
(-2.26734 0.208583 0)
(-2.30562 0.0365056 0)
(-2.17303 0.150495 0)
(-2.66538 0.332117 0)
(-2.54516 -0.293748 0)
(-2.74421 -0.197851 0)
(-2.29048 -0.0693475 0)
(-2.48886 0.351737 0)
(-2.23889 0.0573625 0)
(-1.32444 0.240851 0)
(-2.28585 -0.108163 0)
(-1.34204 0.0158938 0)
(-2.01885 -0.0486311 0)
(-2.70037 -0.201843 0)
(-2.29172 -0.0373478 0)
(-2.53224 0.374284 0)
(-2.20037 0.102162 0)
(-2.61956 0.0706802 0)
(-2.25218 0.0652328 0)
(-1.83513 -0.181795 0)
(-1.7687 0.185687 0)
(-1.81536 0.208204 0)
(-2.64566 0.032243 0)
(-2.25901 0.0455536 0)
(-1.86074 -0.168653 0)
(-2.16069 -0.0980762 0)
(-2.76807 -0.143433 0)
(-2.24674 0.33042 0)
(-2.27751 -0.00724129 0)
(-1.98455 -0.0575827 0)
(-2.25523 -0.0113831 0)
(-2.02977 0.327375 0)
(-2.69106 -0.112303 0)
(-1.74614 0.306812 0)
(-1.77114 -0.207716 0)
(-1.89549 0.480874 0)
(-2.04883 -0.461048 0)
(-1.68353 -0.484221 0)
(-1.47508 -0.213836 0)
(-1.80655 0.344097 0)
(-1.97786 0.447967 0)
(-2.32133 -0.402696 0)
(-1.90626 0.21795 0)
(-1.97192 -0.130012 0)
(-2.08278 0.463326 0)
(-1.71197 -0.491105 0)
(-1.49736 -0.220721 0)
(-1.95877 0.454073 0)
(-1.79017 0.345533 0)
(-2.28437 -0.130097 0)
(-1.35027 0.0403744 0)
(-1.33914 0.262513 0)
(-2.01438 -0.0633762 0)
(-1.27279 -0.0539442 0)
(-1.23015 0.171087 0)
(-1.99384 0.00994853 0)
(-2.24103 -0.0235592 0)
(-1.35894 -0.203718 0)
(-1.54072 -0.465834 0)
(-1.82464 0.329301 0)
(-1.99891 0.409341 0)
(-2.2382 -0.0262553 0)
(-1.93906 -0.032612 0)
(-2.66527 -0.143581 0)
(-1.99796 0.332456 0)
(-2.19923 -0.187336 0)
(-1.29876 0.0976095 0)
(-1.94705 -0.10603 0)
(-1.29776 0.290412 0)
(-2.19116 -0.21063 0)
(-1.3052 0.124468 0)
(-1.31094 0.313477 0)
(-1.93735 -0.121144 0)
(-1.69907 -0.494999 0)
(-1.48299 -0.239094 0)
(-1.83164 0.467705 0)
(-1.68642 0.358193 0)
(-1.72627 -0.501419 0)
(-1.50579 -0.247597 0)
(-1.80623 0.473492 0)
(-1.66391 0.358892 0)
(-2.28646 -0.399986 0)
(-1.85343 0.235216 0)
(-2.0129 0.468111 0)
(-1.9523 -0.144007 0)
(-2.32787 0.448594 0)
(-2.02765 -0.0242951 0)
(-2.3981 -0.346386 0)
(-2.09943 0.175839 0)
(-2.2766 0.023566 0)
(-2.79455 -0.0977889 0)
(-2.34675 0.35721 0)
(-2.26683 -0.112118 0)
(-1.50411 -0.198609 0)
(-1.4317 0.0979077 0)
(-2.13165 0.0954898 0)
(-2.42177 0.0968195 0)
)
;

boundaryField
{
    insideCircle
    {
        type            myHeatFlux;
        alpha           uniform 1;
        Theta_wall      uniform 4;
        value           nonuniform List<vector> 
24
(
(-2.47102 1.58253 0)
(-4.36774 0.130178 0)
(-3.21108 -1.36114 0)
(-3.38554 0.845995 -0)
(-1.71544 -0.218681 0)
(-4.25275 0.694472 0)
(-2.62989 -0.142708 0)
(-4.387 -0.228863 -0)
(-4.27709 -0.624298 -0)
(-1.60269 0.298358 0)
(-2.56371 0.185965 -0)
(-4.3339 0.283424 0)
(-2.6609 -1.35401 0)
(-3.04113 1.63966 0)
(-3.72126 0.807611 -0)
(-3.33091 -0.786119 0)
(-4.17223 0.412803 -0)
(-1.99205 -0.942266 0)
(-2.82787 -0.602324 0)
(-3.76029 1.32764 0)
(-3.84707 -1.17147 0)
(-1.86185 1.01068 0)
(-2.82732 0.627339 -0)
(-4.15323 -0.365239 0)
)
;
    }
    outsideCircle
    {
        type            myHeatFlux;
        alpha           uniform 1;
        Theta_wall      uniform 1;
        value           nonuniform List<vector> 
124
(
(-1.52866 -0.517151 0)
(-1.3289 -0.285341 -0)
(-1.50507 0.498334 0)
(-1.40184 0.400586 0)
(-1.7656 -0.187532 -0)
(-1.0752 0.200833 0)
(-1.07727 0.316076 0)
(-1.96142 -0.272732 0)
(-1.21961 -0.443798 0)
(-1.74501 0.345322 0)
(-1.08202 -0.218137 -0)
(-1.89529 0.39267 0)
(-1.8583 0.0814033 0)
(-2.05741 0.0755925 0)
(-0.973552 0.0639179 -0)
(-1.03111 -0.141708 0)
(-1.97897 0.220734 0)
(-1.00793 -0.0692142 -0)
(-1.09465 -0.274506 0)
(-1.79194 0.201687 0)
(-1.7626 0.28254 0)
(-1.04078 -0.151551 -0)
(-1.92724 0.312897 0)
(-1.15227 -0.36102 0)
(-1.06395 -0.227183 1.10025e-18)
(-0.985783 -0.00923157 -4.89506e-19)
(-2.00017 0.163972 5.34372e-18)
(-1.8117 0.154679 -4.8431e-18)
(-1.48657 0.371298 0)
(-1.2113 -0.259142 -0)
(-1.59398 0.442398 0)
(-1.418 -0.496266 0)
(-1.95983 -0.161708 -5.23645e-18)
(-1.03948 0.0962876 7.44058e-19)
(-1.76934 -0.107015 4.70908e-18)
(-1.01849 0.238571 -1.10878e-18)
(-1.18118 -0.395457 0)
(-1.74807 0.318116 0)
(-1.90101 0.355801 0)
(-1.05559 -0.180323 -0)
(-1.8276 0.113409 -4.88782e-18)
(-0.976626 0.0223035 -2.70863e-19)
(-2.02266 0.114197 5.40566e-18)
(-1.04393 -0.189076 8.54497e-19)
(-1.19979 0.336662 0)
(-1.53199 -0.269744 -0)
(-1.25953 0.436163 0)
(-1.71494 -0.412481 0)
(-1.02129 0.00612943 0)
(-1.79923 -0.0234633 -0)
(-1.99536 -0.0573005 0)
(-0.986095 0.175686 0)
(-1.31757 -0.477747 0)
(-1.1521 -0.259482 -0)
(-1.71944 0.423839 0)
(-1.59299 0.362012 0)
(-1.13486 0.292781 0)
(-1.80856 -0.338215 0)
(-1.16666 0.389967 0)
(-1.61974 -0.223977 -0)
(-1.26621 -0.259916 -0)
(-1.43436 0.385213 0)
(-1.53485 0.47008 0)
(-1.47582 -0.504959 0)
(-1.95035 -0.225166 0)
(-1.05872 0.148046 0)
(-1.76191 -0.15439 -0)
(-1.04666 0.270998 0)
(-1.4421 -0.292189 -0)
(-1.35418 0.451054 0)
(-1.27339 0.355449 0)
(-1.61935 -0.465286 0)
(-1.9361 -0.288912 0)
(-1.73711 -0.194682 -0)
(-1.09147 0.244048 0)
(-1.10287 0.354095 0)
(-1.5637 -0.520944 0)
(-1.37237 0.394362 0)
(-1.37536 -0.307521 -0)
(-1.47618 0.495696 0)
(-1.81845 0.0240057 -0)
(-1.02183 -0.0405172 0)
(-2.01539 0.00196383 0)
(-0.975343 0.138478 0)
(-1.12102 -0.25105 -0)
(-1.78242 0.402925 0)
(-1.6472 0.348369 0)
(-1.27395 -0.470788 0)
(-1.3243 0.369918 0)
(-1.40762 -0.305121 -0)
(-1.41779 0.466825 0)
(-1.58742 -0.498003 0)
(-1.13117 0.377551 0)
(-1.87097 -0.305744 0)
(-1.67651 -0.202809 -0)
(-1.11243 0.272627 0)
(-2.05334 0.0476668 0)
(-0.971858 0.103506 0)
(-1.8554 0.0600695 -0)
(-1.02588 -0.0938186 0)
(-1.85435 0.39834 0)
(-1.70958 0.347122 0)
(-1.10044 -0.240776 -0)
(-1.24466 -0.466467 0)
(-1.9609 0.268859 0)
(-1.78049 0.243681 0)
(-1.11819 -0.312896 0)
(-1.01948 -0.104536 -0)
(-1.16695 0.313841 0)
(-1.76535 -0.380005 0)
(-1.21526 0.411728 0)
(-1.57888 -0.250379 -0)
(-1.49071 -0.28011 -0)
(-1.30387 0.451752 0)
(-1.23386 0.352911 0)
(-1.67186 -0.437389 0)
(-1.36466 -0.488885 0)
(-1.18149 -0.267414 -0)
(-1.66422 0.435717 0)
(-1.54492 0.368959 0)
(-1.98271 -0.10726 -5.29731e-18)
(-0.998607 0.210868 -8.97005e-19)
(-1.02804 0.0516767 4.84542e-19)
(-1.78695 -0.063602 4.76311e-18)
)
;
    }
    topAndBottom
    {
        type            empty;
    }
}


// ************************************************************************* //
