/*--------------------------------*- C++ -*----------------------------------*\
| =========                 |                                                 |
| \\      /  F ield         | OpenFOAM: The Open Source CFD Toolbox           |
|  \\    /   O peration     | Version:  2.2.0                                 |
|   \\  /    A nd           | Web:      www.OpenFOAM.org                      |
|    \\/     M anipulation  |                                                 |
\*---------------------------------------------------------------------------*/
FoamFile
{
    version     2.0;
    format      ascii;
    class       volScalarField;
    location    "3.2";
    object      Theta;
}
// * * * * * * * * * * * * * * * * * * * * * * * * * * * * * * * * * * * * * //

dimensions      [0 2 -2 0 0 0 0];

internalField   nonuniform List<scalar> 
1600
(
2.1812
1.94172
1.89626
1.83501
1.78642
1.74416
1.70653
1.67253
1.64145
1.61278
1.58615
1.56126
1.53789
1.51587
1.49503
1.47527
1.45625
1.4397
1.41584
1.42003
2.18122
1.94172
1.89627
1.83502
1.78642
1.74416
1.70653
1.67253
1.64145
1.61278
1.58615
1.56126
1.53789
1.51587
1.49503
1.47527
1.45625
1.4397
1.41584
1.42003
2.18122
1.94172
1.89627
1.83502
1.78642
1.74416
1.70653
1.67253
1.64145
1.61278
1.58615
1.56126
1.53789
1.51587
1.49503
1.47527
1.45625
1.4397
1.41584
1.42003
2.18122
1.94172
1.89627
1.83502
1.78642
1.74416
1.70653
1.67253
1.64145
1.61278
1.58615
1.56126
1.53789
1.51587
1.49503
1.47527
1.45625
1.4397
1.41584
1.42003
2.18122
1.94173
1.89627
1.83502
1.78642
1.74416
1.70653
1.67253
1.64145
1.61278
1.58615
1.56126
1.53789
1.51587
1.49503
1.47527
1.45625
1.4397
1.41584
1.42003
2.18122
1.94173
1.89627
1.83502
1.78642
1.74417
1.70653
1.67253
1.64145
1.61278
1.58615
1.56126
1.53789
1.51587
1.49503
1.47527
1.45625
1.4397
1.41584
1.42003
2.18122
1.94173
1.89627
1.83502
1.78642
1.74417
1.70653
1.67253
1.64145
1.61278
1.58615
1.56126
1.53789
1.51587
1.49503
1.47527
1.45625
1.4397
1.41584
1.42003
2.18122
1.94173
1.89627
1.83502
1.78642
1.74417
1.70653
1.67253
1.64145
1.61278
1.58615
1.56126
1.53789
1.51587
1.49503
1.47527
1.45625
1.4397
1.41584
1.42003
2.18122
1.94173
1.89627
1.83502
1.78642
1.74417
1.70653
1.67253
1.64145
1.61278
1.58615
1.56126
1.53789
1.51587
1.49503
1.47527
1.45625
1.4397
1.41584
1.42003
2.18122
1.94173
1.89627
1.83502
1.78642
1.74417
1.70653
1.67253
1.64145
1.61278
1.58615
1.56126
1.53789
1.51587
1.49503
1.47527
1.45625
1.4397
1.41584
1.42003
2.18122
1.94173
1.89627
1.83502
1.78642
1.74417
1.70653
1.67253
1.64145
1.61278
1.58615
1.56126
1.53789
1.51587
1.49503
1.47527
1.45625
1.4397
1.41584
1.42003
2.18122
1.94173
1.89627
1.83502
1.78642
1.74417
1.70653
1.67253
1.64145
1.61278
1.58615
1.56126
1.53789
1.51587
1.49503
1.47527
1.45625
1.4397
1.41584
1.42003
2.18122
1.94173
1.89627
1.83502
1.78642
1.74417
1.70653
1.67253
1.64145
1.61278
1.58615
1.56126
1.53789
1.51587
1.49503
1.47527
1.45625
1.4397
1.41584
1.42003
2.18122
1.94173
1.89627
1.83502
1.78642
1.74417
1.70653
1.67253
1.64145
1.61278
1.58615
1.56126
1.53789
1.51587
1.49503
1.47527
1.45625
1.4397
1.41584
1.42003
2.18122
1.94173
1.89627
1.83502
1.78642
1.74417
1.70653
1.67253
1.64145
1.61278
1.58615
1.56126
1.53789
1.51587
1.49503
1.47527
1.45625
1.4397
1.41584
1.42003
2.18122
1.94172
1.89627
1.83502
1.78642
1.74416
1.70653
1.67253
1.64145
1.61278
1.58615
1.56126
1.53789
1.51587
1.49503
1.47527
1.45625
1.4397
1.41584
1.42003
2.18122
1.94172
1.89627
1.83502
1.78642
1.74416
1.70653
1.67253
1.64145
1.61278
1.58615
1.56126
1.53789
1.51587
1.49503
1.47527
1.45625
1.4397
1.41584
1.42003
2.18122
1.94172
1.89627
1.83502
1.78642
1.74416
1.70653
1.67253
1.64145
1.61278
1.58615
1.56126
1.53789
1.51587
1.49503
1.47527
1.45625
1.4397
1.41584
1.42003
2.18122
1.94172
1.89627
1.83501
1.78642
1.74416
1.70653
1.67253
1.64145
1.61278
1.58615
1.56126
1.53789
1.51587
1.49503
1.47527
1.45625
1.4397
1.41584
1.42003
2.18119
1.94172
1.89626
1.83501
1.78641
1.74416
1.70653
1.67253
1.64145
1.61278
1.58615
1.56126
1.53789
1.51587
1.49503
1.47527
1.45625
1.4397
1.41584
1.42003
2.18119
1.94172
1.89626
1.83501
1.78641
1.74416
1.70653
1.67253
1.64145
1.61278
1.58615
1.56126
1.53789
1.51587
1.49503
1.47527
1.45625
1.4397
1.41584
1.42003
2.18122
1.94172
1.89627
1.83501
1.78642
1.74416
1.70653
1.67253
1.64145
1.61278
1.58615
1.56126
1.53789
1.51587
1.49503
1.47527
1.45625
1.4397
1.41584
1.42003
2.18122
1.94172
1.89627
1.83502
1.78642
1.74416
1.70653
1.67253
1.64145
1.61278
1.58615
1.56126
1.53789
1.51587
1.49503
1.47527
1.45625
1.4397
1.41584
1.42003
2.18122
1.94172
1.89627
1.83502
1.78642
1.74416
1.70653
1.67253
1.64145
1.61278
1.58615
1.56126
1.53789
1.51587
1.49503
1.47527
1.45625
1.4397
1.41584
1.42003
2.18122
1.94173
1.89627
1.83502
1.78642
1.74416
1.70653
1.67253
1.64145
1.61278
1.58615
1.56126
1.53789
1.51587
1.49503
1.47527
1.45625
1.4397
1.41584
1.42003
2.18122
1.94173
1.89627
1.83502
1.78642
1.74417
1.70653
1.67253
1.64145
1.61278
1.58615
1.56126
1.53789
1.51587
1.49503
1.47527
1.45625
1.4397
1.41584
1.42003
2.18122
1.94173
1.89627
1.83502
1.78642
1.74417
1.70653
1.67253
1.64145
1.61278
1.58615
1.56126
1.53789
1.51587
1.49503
1.47527
1.45625
1.4397
1.41584
1.42003
2.18122
1.94173
1.89627
1.83502
1.78642
1.74417
1.70653
1.67253
1.64145
1.61278
1.58615
1.56126
1.53789
1.51587
1.49503
1.47527
1.45625
1.4397
1.41584
1.42003
2.18122
1.94173
1.89627
1.83502
1.78642
1.74417
1.70653
1.67253
1.64145
1.61278
1.58615
1.56126
1.53789
1.51587
1.49503
1.47527
1.45625
1.4397
1.41584
1.42003
2.18122
1.94173
1.89627
1.83502
1.78642
1.74417
1.70653
1.67253
1.64145
1.61278
1.58615
1.56126
1.53789
1.51587
1.49503
1.47527
1.45625
1.4397
1.41584
1.42003
2.18122
1.94173
1.89627
1.83502
1.78642
1.74417
1.70653
1.67253
1.64145
1.61278
1.58615
1.56126
1.53789
1.51587
1.49503
1.47527
1.45625
1.4397
1.41584
1.42003
2.18122
1.94173
1.89627
1.83502
1.78642
1.74417
1.70653
1.67253
1.64145
1.61278
1.58615
1.56126
1.53789
1.51587
1.49503
1.47527
1.45625
1.4397
1.41584
1.42003
2.18122
1.94173
1.89627
1.83502
1.78642
1.74417
1.70653
1.67253
1.64145
1.61278
1.58615
1.56126
1.53789
1.51587
1.49503
1.47527
1.45625
1.4397
1.41584
1.42003
2.18122
1.94173
1.89627
1.83502
1.78642
1.74417
1.70653
1.67253
1.64145
1.61278
1.58615
1.56126
1.53789
1.51587
1.49503
1.47527
1.45625
1.4397
1.41584
1.42003
2.18122
1.94173
1.89627
1.83502
1.78642
1.74417
1.70653
1.67253
1.64145
1.61278
1.58615
1.56126
1.53789
1.51587
1.49503
1.47527
1.45625
1.4397
1.41584
1.42003
2.18122
1.94173
1.89627
1.83502
1.78642
1.74417
1.70653
1.67253
1.64145
1.61278
1.58615
1.56126
1.53789
1.51587
1.49503
1.47527
1.45625
1.4397
1.41584
1.42003
2.18122
1.94172
1.89627
1.83502
1.78642
1.74416
1.70653
1.67253
1.64145
1.61278
1.58615
1.56126
1.53789
1.51587
1.49503
1.47527
1.45625
1.4397
1.41584
1.42003
2.18122
1.94172
1.89627
1.83502
1.78642
1.74416
1.70653
1.67253
1.64145
1.61278
1.58615
1.56126
1.53789
1.51587
1.49503
1.47527
1.45625
1.4397
1.41584
1.42003
2.18122
1.94172
1.89627
1.83502
1.78642
1.74416
1.70653
1.67253
1.64145
1.61278
1.58615
1.56126
1.53789
1.51587
1.49503
1.47527
1.45625
1.4397
1.41584
1.42003
2.18119
1.94172
1.89626
1.83501
1.78642
1.74416
1.70653
1.67253
1.64145
1.61278
1.58615
1.56126
1.53789
1.51587
1.49503
1.47527
1.45625
1.4397
1.41584
1.42003
2.18119
1.94172
1.89626
1.83501
1.78642
1.74416
1.70653
1.67253
1.64145
1.61278
1.58615
1.56126
1.53789
1.51587
1.49503
1.47527
1.45625
1.4397
1.41584
1.42003
2.18122
1.94172
1.89627
1.83502
1.78642
1.74416
1.70653
1.67253
1.64145
1.61278
1.58615
1.56126
1.53789
1.51587
1.49503
1.47527
1.45625
1.4397
1.41584
1.42003
2.18122
1.94172
1.89627
1.83502
1.78642
1.74416
1.70653
1.67253
1.64145
1.61278
1.58615
1.56126
1.53789
1.51587
1.49503
1.47527
1.45625
1.4397
1.41584
1.42003
2.18122
1.94172
1.89627
1.83502
1.78642
1.74416
1.70653
1.67253
1.64145
1.61278
1.58615
1.56126
1.53789
1.51587
1.49503
1.47527
1.45625
1.4397
1.41584
1.42003
2.18122
1.94172
1.89627
1.83502
1.78642
1.74416
1.70653
1.67253
1.64145
1.61278
1.58615
1.56126
1.53789
1.51587
1.49503
1.47527
1.45625
1.4397
1.41584
1.42003
2.18122
1.94173
1.89627
1.83502
1.78642
1.74417
1.70653
1.67253
1.64145
1.61278
1.58615
1.56126
1.53789
1.51587
1.49503
1.47527
1.45625
1.4397
1.41584
1.42003
2.18122
1.94173
1.89627
1.83502
1.78642
1.74417
1.70653
1.67253
1.64145
1.61278
1.58615
1.56126
1.53789
1.51587
1.49503
1.47527
1.45625
1.4397
1.41584
1.42003
2.18122
1.94173
1.89627
1.83502
1.78642
1.74417
1.70653
1.67253
1.64145
1.61278
1.58615
1.56126
1.53789
1.51587
1.49503
1.47527
1.45625
1.4397
1.41584
1.42003
2.18122
1.94173
1.89627
1.83502
1.78642
1.74417
1.70653
1.67253
1.64145
1.61278
1.58615
1.56126
1.53789
1.51587
1.49503
1.47527
1.45625
1.4397
1.41584
1.42003
2.18122
1.94173
1.89627
1.83502
1.78642
1.74417
1.70653
1.67253
1.64145
1.61278
1.58615
1.56126
1.53789
1.51587
1.49503
1.47527
1.45625
1.4397
1.41584
1.42003
2.18122
1.94173
1.89627
1.83502
1.78642
1.74417
1.70653
1.67253
1.64145
1.61278
1.58615
1.56126
1.53789
1.51587
1.49503
1.47527
1.45625
1.4397
1.41584
1.42003
2.18122
1.94173
1.89627
1.83502
1.78642
1.74417
1.70653
1.67253
1.64145
1.61278
1.58615
1.56126
1.53789
1.51587
1.49503
1.47527
1.45625
1.4397
1.41584
1.42003
2.18122
1.94173
1.89627
1.83502
1.78642
1.74417
1.70653
1.67253
1.64145
1.61278
1.58615
1.56126
1.53789
1.51587
1.49503
1.47527
1.45625
1.4397
1.41584
1.42003
2.18122
1.94173
1.89627
1.83502
1.78642
1.74416
1.70653
1.67253
1.64145
1.61278
1.58615
1.56126
1.53789
1.51587
1.49503
1.47527
1.45625
1.4397
1.41584
1.42003
2.18122
1.94173
1.89627
1.83502
1.78642
1.74416
1.70653
1.67253
1.64145
1.61278
1.58615
1.56126
1.53789
1.51587
1.49503
1.47527
1.45625
1.4397
1.41584
1.42003
2.18122
1.94172
1.89627
1.83502
1.78642
1.74416
1.70653
1.67253
1.64145
1.61278
1.58615
1.56126
1.53789
1.51587
1.49503
1.47527
1.45625
1.4397
1.41584
1.42003
2.18122
1.94172
1.89627
1.83502
1.78642
1.74416
1.70653
1.67253
1.64145
1.61278
1.58615
1.56126
1.53789
1.51587
1.49503
1.47527
1.45625
1.4397
1.41584
1.42003
2.18122
1.94172
1.89627
1.83502
1.78642
1.74416
1.70653
1.67253
1.64145
1.61278
1.58615
1.56126
1.53789
1.51587
1.49503
1.47527
1.45625
1.4397
1.41584
1.42003
2.18122
1.94172
1.89627
1.83501
1.78641
1.74416
1.70653
1.67253
1.64145
1.61278
1.58615
1.56126
1.53789
1.51587
1.49503
1.47527
1.45625
1.4397
1.41584
1.42004
2.1812
1.94171
1.89626
1.83501
1.78641
1.74416
1.70653
1.67253
1.64145
1.61278
1.58615
1.56126
1.53789
1.51587
1.49503
1.47527
1.45625
1.4397
1.41584
1.42003
2.18119
2.18122
2.18122
2.18122
2.18122
2.18122
2.18122
2.18122
2.18122
2.18122
2.18122
2.18122
2.18122
2.18122
2.18122
2.18122
2.18122
2.18122
2.18122
2.18119
1.94172
1.94172
1.94172
1.94172
1.94173
1.94173
1.94173
1.94173
1.94173
1.94173
1.94173
1.94173
1.94173
1.94173
1.94173
1.94172
1.94172
1.94172
1.94172
1.94171
1.89626
1.89627
1.89627
1.89627
1.89627
1.89627
1.89627
1.89627
1.89627
1.89627
1.89627
1.89627
1.89627
1.89627
1.89627
1.89627
1.89627
1.89627
1.89627
1.89626
1.83501
1.83502
1.83502
1.83502
1.83502
1.83502
1.83502
1.83502
1.83502
1.83502
1.83502
1.83502
1.83502
1.83502
1.83502
1.83502
1.83502
1.83502
1.83501
1.83501
1.78642
1.78642
1.78642
1.78642
1.78642
1.78642
1.78642
1.78642
1.78642
1.78642
1.78642
1.78642
1.78642
1.78642
1.78642
1.78642
1.78642
1.78642
1.78642
1.78641
1.74416
1.74416
1.74416
1.74416
1.74416
1.74417
1.74417
1.74417
1.74417
1.74417
1.74417
1.74417
1.74417
1.74416
1.74416
1.74416
1.74416
1.74416
1.74416
1.74416
1.70653
1.70653
1.70653
1.70653
1.70653
1.70653
1.70653
1.70653
1.70653
1.70653
1.70653
1.70653
1.70653
1.70653
1.70653
1.70653
1.70653
1.70653
1.70653
1.70653
1.67253
1.67253
1.67253
1.67253
1.67253
1.67253
1.67253
1.67253
1.67253
1.67253
1.67253
1.67253
1.67253
1.67253
1.67253
1.67253
1.67253
1.67253
1.67253
1.67253
1.64145
1.64145
1.64145
1.64145
1.64145
1.64145
1.64145
1.64145
1.64145
1.64145
1.64145
1.64145
1.64145
1.64145
1.64145
1.64145
1.64145
1.64145
1.64145
1.64145
1.61278
1.61278
1.61278
1.61278
1.61278
1.61278
1.61278
1.61278
1.61278
1.61278
1.61278
1.61278
1.61278
1.61278
1.61278
1.61278
1.61278
1.61278
1.61278
1.61278
1.58615
1.58615
1.58615
1.58615
1.58615
1.58615
1.58615
1.58615
1.58615
1.58615
1.58615
1.58615
1.58615
1.58615
1.58615
1.58615
1.58615
1.58615
1.58615
1.58615
1.56126
1.56126
1.56126
1.56126
1.56126
1.56126
1.56126
1.56126
1.56126
1.56126
1.56126
1.56126
1.56126
1.56126
1.56126
1.56126
1.56126
1.56126
1.56126
1.56126
1.53789
1.53789
1.53789
1.53789
1.53789
1.53789
1.53789
1.53789
1.53789
1.53789
1.53789
1.53789
1.53789
1.53789
1.53789
1.53789
1.53789
1.53789
1.53789
1.53789
1.51587
1.51587
1.51587
1.51587
1.51587
1.51587
1.51587
1.51587
1.51587
1.51587
1.51587
1.51587
1.51587
1.51587
1.51587
1.51587
1.51587
1.51587
1.51587
1.51587
1.49503
1.49503
1.49503
1.49503
1.49503
1.49503
1.49503
1.49503
1.49503
1.49503
1.49503
1.49503
1.49503
1.49503
1.49503
1.49503
1.49503
1.49503
1.49503
1.49503
1.47527
1.47527
1.47527
1.47527
1.47527
1.47527
1.47527
1.47527
1.47527
1.47527
1.47527
1.47527
1.47527
1.47527
1.47527
1.47527
1.47527
1.47527
1.47527
1.47527
1.45625
1.45625
1.45625
1.45625
1.45625
1.45625
1.45625
1.45625
1.45625
1.45625
1.45625
1.45625
1.45625
1.45625
1.45625
1.45625
1.45625
1.45625
1.45625
1.45625
1.4397
1.4397
1.4397
1.4397
1.4397
1.4397
1.4397
1.4397
1.4397
1.4397
1.4397
1.4397
1.4397
1.4397
1.4397
1.4397
1.4397
1.4397
1.4397
1.4397
1.41584
1.41584
1.41584
1.41584
1.41584
1.41584
1.41584
1.41584
1.41584
1.41584
1.41584
1.41584
1.41584
1.41584
1.41584
1.41584
1.41584
1.41584
1.41584
1.41584
1.42003
1.42003
1.42003
1.42003
1.42003
1.42003
1.42003
1.42003
1.42003
1.42003
1.42003
1.42003
1.42003
1.42003
1.42003
1.42003
1.42003
1.42004
1.42003
1.42004
)
;

boundaryField
{
    up
    {
        type            myTemperature;
        value           nonuniform List<scalar> 
80
(
1.39428
1.39428
1.39428
1.39428
1.39428
1.39428
1.39428
1.39428
1.39428
1.39428
1.39428
1.39428
1.39428
1.39428
1.39428
1.39428
1.39428
1.39428
1.39428
1.39428
1.39428
1.39428
1.39428
1.39428
1.39428
1.39428
1.39428
1.39428
1.39428
1.39428
1.39428
1.39428
1.39428
1.39428
1.39428
1.39428
1.39428
1.39428
1.39428
1.39428
1.39428
1.39428
1.39428
1.39428
1.39428
1.39428
1.39428
1.39428
1.39428
1.39428
1.39428
1.39428
1.39428
1.39428
1.39428
1.39428
1.39428
1.39428
1.39428
1.39428
1.39428
1.39428
1.39428
1.39428
1.39428
1.39428
1.39428
1.39428
1.39428
1.39428
1.39428
1.39428
1.39428
1.39428
1.39428
1.39428
1.39428
1.39428
1.39428
1.39428
)
;
    }
    hole
    {
        type            myTemperature;
        value           nonuniform List<scalar> 
80
(
2.02779
2.0278
2.0278
2.0278
2.02781
2.02781
2.02781
2.02781
2.02781
2.02781
2.02781
2.02781
2.02781
2.02781
2.02781
2.02781
2.0278
2.0278
2.0278
2.02779
2.02779
2.0278
2.0278
2.0278
2.02781
2.02781
2.02781
2.02781
2.02781
2.02781
2.02781
2.02781
2.02781
2.02781
2.02781
2.0278
2.0278
2.0278
2.0278
2.02779
2.02779
2.0278
2.0278
2.0278
2.0278
2.02781
2.02781
2.02781
2.02781
2.02781
2.02781
2.02781
2.02781
2.02781
2.02781
2.0278
2.0278
2.0278
2.0278
2.02779
2.02779
2.0278
2.0278
2.0278
2.02781
2.02781
2.02781
2.02781
2.02781
2.02781
2.02781
2.02781
2.02781
2.02781
2.02781
2.0278
2.0278
2.0278
2.0278
2.02779
)
;
    }
    frontAndBack
    {
        type            empty;
    }
}


// ************************************************************************* //
