/*--------------------------------*- C++ -*----------------------------------*\
| =========                 |                                                 |
| \\      /  F ield         | OpenFOAM: The Open Source CFD Toolbox           |
|  \\    /   O peration     | Version:  2.2.0                                 |
|   \\  /    A nd           | Web:      www.OpenFOAM.org                      |
|    \\/     M anipulation  |                                                 |
\*---------------------------------------------------------------------------*/
FoamFile
{
    version     2.0;
    format      ascii;
    class       volScalarField;
    location    "120";
    object      Theta;
}
// * * * * * * * * * * * * * * * * * * * * * * * * * * * * * * * * * * * * * //

dimensions      [0 2 -2 0 0 0 0];

internalField   nonuniform List<scalar> 
1280
(
2.39689
2.25411
2.15345
2.05742
1.97192
1.90389
1.8262
1.77643
1.70493
1.66632
1.60187
1.56853
1.51286
1.48018
1.43472
1.39973
2.39689
2.25411
2.15345
2.05742
1.97192
1.90389
1.8262
1.77643
1.70493
1.66632
1.60187
1.56853
1.51286
1.48018
1.43472
1.39973
2.39689
2.25411
2.15345
2.05742
1.97192
1.90389
1.8262
1.77643
1.70493
1.66632
1.60187
1.56853
1.51286
1.48018
1.43472
1.39973
2.39689
2.25411
2.15345
2.05742
1.97192
1.90389
1.8262
1.77643
1.70493
1.66632
1.60187
1.56853
1.51286
1.48018
1.43472
1.39973
2.39689
2.25411
2.15345
2.05742
1.97192
1.90389
1.8262
1.77643
1.70493
1.66632
1.60187
1.56853
1.51286
1.48018
1.43472
1.39973
2.3969
2.25411
2.15345
2.05742
1.97192
1.90389
1.8262
1.77643
1.70493
1.66632
1.60187
1.56853
1.51286
1.48018
1.43472
1.39973
2.3969
2.25411
2.15345
2.05742
1.97192
1.90389
1.8262
1.77643
1.70493
1.66632
1.60187
1.56853
1.51286
1.48018
1.43472
1.39973
2.3969
2.25411
2.15345
2.05742
1.97192
1.90389
1.8262
1.77643
1.70493
1.66632
1.60187
1.56853
1.51286
1.48018
1.43472
1.39973
2.3969
2.25411
2.15345
2.05742
1.97192
1.90389
1.8262
1.77643
1.70493
1.66632
1.60187
1.56853
1.51286
1.48018
1.43472
1.39973
2.3969
2.25411
2.15345
2.05742
1.97192
1.90389
1.8262
1.77643
1.70493
1.66632
1.60187
1.56853
1.51286
1.48018
1.43472
1.39973
2.3969
2.25411
2.15345
2.05742
1.97192
1.90389
1.8262
1.77643
1.70493
1.66632
1.60187
1.56853
1.51286
1.48018
1.43472
1.39973
2.3969
2.25411
2.15345
2.05742
1.97192
1.90389
1.8262
1.77643
1.70493
1.66632
1.60187
1.56853
1.51286
1.48018
1.43472
1.39973
2.3969
2.25411
2.15345
2.05742
1.97192
1.90389
1.8262
1.77643
1.70493
1.66632
1.60187
1.56853
1.51286
1.48018
1.43472
1.39973
2.3969
2.25411
2.15345
2.05742
1.97192
1.90389
1.8262
1.77643
1.70493
1.66632
1.60187
1.56853
1.51286
1.48018
1.43472
1.39973
2.3969
2.25411
2.15345
2.05742
1.97192
1.90389
1.8262
1.77643
1.70493
1.66632
1.60187
1.56853
1.51286
1.48018
1.43472
1.39973
2.3969
2.25411
2.15345
2.05742
1.97192
1.90389
1.8262
1.77643
1.70493
1.66632
1.60187
1.56853
1.51286
1.48018
1.43472
1.39973
2.39689
2.25411
2.15345
2.05742
1.97192
1.90389
1.8262
1.77643
1.70493
1.66632
1.60187
1.56853
1.51286
1.48018
1.43472
1.39973
2.39689
2.25411
2.15345
2.05742
1.97192
1.90389
1.8262
1.77643
1.70493
1.66632
1.60187
1.56853
1.51286
1.48018
1.43472
1.39973
2.39689
2.25411
2.15345
2.05742
1.97192
1.90389
1.8262
1.77643
1.70493
1.66632
1.60187
1.56853
1.51286
1.48018
1.43472
1.39973
2.39689
2.25411
2.15345
2.05742
1.97192
1.90389
1.8262
1.77643
1.70493
1.66632
1.60187
1.56853
1.51286
1.48018
1.43472
1.39973
2.39689
2.25411
2.15345
2.05742
1.97192
1.90389
1.8262
1.77643
1.70493
1.66632
1.60187
1.56853
1.51286
1.48018
1.43472
1.39973
2.39689
2.25411
2.15345
2.05742
1.97192
1.90389
1.8262
1.77643
1.70493
1.66632
1.60187
1.56853
1.51286
1.48018
1.43472
1.39973
2.39689
2.25411
2.15345
2.05742
1.97192
1.90389
1.8262
1.77643
1.70493
1.66632
1.60187
1.56853
1.51286
1.48018
1.43472
1.39973
2.39689
2.25411
2.15345
2.05742
1.97192
1.90389
1.8262
1.77643
1.70493
1.66632
1.60187
1.56853
1.51286
1.48018
1.43472
1.39973
2.3969
2.25411
2.15345
2.05742
1.97192
1.90389
1.8262
1.77643
1.70493
1.66632
1.60187
1.56853
1.51286
1.48018
1.43472
1.39973
2.3969
2.25411
2.15345
2.05742
1.97192
1.90389
1.8262
1.77643
1.70493
1.66632
1.60187
1.56853
1.51286
1.48018
1.43472
1.39973
2.3969
2.25411
2.15345
2.05742
1.97192
1.90389
1.8262
1.77643
1.70493
1.66632
1.60187
1.56853
1.51286
1.48018
1.43472
1.39973
2.3969
2.25411
2.15345
2.05742
1.97192
1.90389
1.8262
1.77643
1.70493
1.66632
1.60187
1.56853
1.51286
1.48018
1.43472
1.39973
2.3969
2.25411
2.15345
2.05742
1.97192
1.90389
1.8262
1.77643
1.70493
1.66632
1.60187
1.56853
1.51286
1.48018
1.43472
1.39973
2.3969
2.25411
2.15345
2.05742
1.97192
1.90389
1.8262
1.77643
1.70493
1.66632
1.60187
1.56853
1.51286
1.48018
1.43472
1.39973
2.3969
2.25411
2.15345
2.05742
1.97192
1.90389
1.8262
1.77643
1.70493
1.66632
1.60187
1.56853
1.51286
1.48018
1.43472
1.39973
2.3969
2.25411
2.15345
2.05742
1.97192
1.90389
1.8262
1.77643
1.70493
1.66632
1.60187
1.56853
1.51286
1.48018
1.43472
1.39973
2.3969
2.25411
2.15345
2.05742
1.97192
1.90389
1.8262
1.77643
1.70493
1.66632
1.60187
1.56853
1.51286
1.48018
1.43472
1.39973
2.3969
2.25411
2.15345
2.05742
1.97192
1.90389
1.8262
1.77643
1.70493
1.66632
1.60187
1.56853
1.51286
1.48018
1.43472
1.39973
2.3969
2.25411
2.15345
2.05742
1.97192
1.90389
1.8262
1.77643
1.70493
1.66632
1.60187
1.56853
1.51286
1.48018
1.43472
1.39973
2.3969
2.25411
2.15345
2.05742
1.97192
1.90389
1.8262
1.77643
1.70493
1.66632
1.60187
1.56853
1.51286
1.48018
1.43472
1.39973
2.39689
2.25411
2.15345
2.05742
1.97192
1.90389
1.8262
1.77643
1.70493
1.66632
1.60187
1.56853
1.51286
1.48018
1.43472
1.39973
2.39689
2.25411
2.15345
2.05742
1.97192
1.90389
1.8262
1.77643
1.70493
1.66632
1.60187
1.56853
1.51286
1.48018
1.43472
1.39973
2.39689
2.25411
2.15345
2.05742
1.97192
1.90389
1.8262
1.77643
1.70493
1.66632
1.60187
1.56853
1.51286
1.48018
1.43472
1.39973
2.39689
2.25411
2.15345
2.05742
1.97192
1.90389
1.8262
1.77643
1.70493
1.66632
1.60187
1.56853
1.51286
1.48018
1.43472
1.39973
2.39689
2.25411
2.15345
2.05742
1.97192
1.90389
1.8262
1.77643
1.70493
1.66632
1.60187
1.56853
1.51286
1.48018
1.43472
1.39973
2.39689
2.25411
2.15345
2.05742
1.97192
1.90389
1.8262
1.77643
1.70493
1.66632
1.60187
1.56853
1.51286
1.48018
1.43472
1.39973
2.39689
2.25411
2.15345
2.05742
1.97192
1.90389
1.8262
1.77643
1.70493
1.66632
1.60187
1.56853
1.51286
1.48018
1.43472
1.39973
2.39689
2.25411
2.15345
2.05742
1.97192
1.90389
1.8262
1.77643
1.70493
1.66632
1.60187
1.56853
1.51286
1.48018
1.43472
1.39973
2.3969
2.25411
2.15345
2.05742
1.97192
1.90389
1.8262
1.77643
1.70493
1.66632
1.60187
1.56853
1.51286
1.48018
1.43472
1.39973
2.3969
2.25411
2.15345
2.05742
1.97192
1.90389
1.8262
1.77643
1.70493
1.66632
1.60187
1.56853
1.51286
1.48018
1.43472
1.39973
2.3969
2.25411
2.15345
2.05742
1.97192
1.90389
1.8262
1.77643
1.70493
1.66632
1.60187
1.56853
1.51286
1.48018
1.43472
1.39973
2.3969
2.25411
2.15345
2.05742
1.97192
1.90389
1.8262
1.77643
1.70493
1.66632
1.60187
1.56853
1.51286
1.48018
1.43472
1.39973
2.3969
2.25411
2.15345
2.05742
1.97192
1.90389
1.8262
1.77643
1.70493
1.66632
1.60187
1.56853
1.51286
1.48018
1.43472
1.39973
2.3969
2.25411
2.15345
2.05742
1.97192
1.90389
1.8262
1.77643
1.70493
1.66632
1.60187
1.56853
1.51286
1.48018
1.43472
1.39973
2.3969
2.25411
2.15345
2.05742
1.97192
1.90389
1.8262
1.77643
1.70493
1.66632
1.60187
1.56853
1.51286
1.48018
1.43472
1.39973
2.3969
2.25411
2.15345
2.05742
1.97192
1.90389
1.8262
1.77643
1.70493
1.66632
1.60187
1.56853
1.51286
1.48018
1.43472
1.39973
2.3969
2.25411
2.15345
2.05742
1.97192
1.90389
1.8262
1.77643
1.70493
1.66632
1.60187
1.56853
1.51286
1.48018
1.43472
1.39973
2.3969
2.25411
2.15345
2.05742
1.97192
1.90389
1.8262
1.77643
1.70493
1.66632
1.60187
1.56853
1.51286
1.48018
1.43472
1.39973
2.3969
2.25411
2.15345
2.05742
1.97192
1.90389
1.8262
1.77643
1.70493
1.66632
1.60187
1.56853
1.51286
1.48018
1.43472
1.39973
2.3969
2.25411
2.15345
2.05742
1.97192
1.90389
1.8262
1.77643
1.70493
1.66632
1.60187
1.56853
1.51286
1.48018
1.43472
1.39973
2.39689
2.25411
2.15345
2.05742
1.97192
1.90389
1.8262
1.77643
1.70493
1.66632
1.60187
1.56853
1.51286
1.48018
1.43472
1.39973
2.39689
2.25411
2.15345
2.05742
1.97192
1.90389
1.8262
1.77643
1.70493
1.66632
1.60187
1.56853
1.51286
1.48018
1.43472
1.39973
2.39689
2.25411
2.15345
2.05742
1.97192
1.90389
1.8262
1.77643
1.70493
1.66632
1.60187
1.56853
1.51286
1.48018
1.43472
1.39973
2.39689
2.25411
2.15345
2.05742
1.97192
1.90389
1.8262
1.77643
1.70493
1.66632
1.60187
1.56853
1.51286
1.48018
1.43472
1.39973
2.39689
2.25411
2.15345
2.05742
1.97192
1.90389
1.8262
1.77643
1.70493
1.66632
1.60187
1.56853
1.51286
1.48018
1.43472
1.39973
2.39689
2.25411
2.15345
2.05742
1.97192
1.90389
1.8262
1.77643
1.70493
1.66632
1.60187
1.56853
1.51286
1.48018
1.43472
1.39973
2.39689
2.25411
2.15345
2.05742
1.97192
1.90389
1.8262
1.77643
1.70493
1.66632
1.60187
1.56853
1.51286
1.48018
1.43472
1.39973
2.39689
2.25411
2.15345
2.05742
1.97192
1.90389
1.8262
1.77643
1.70493
1.66632
1.60187
1.56853
1.51286
1.48018
1.43472
1.39973
2.3969
2.25411
2.15345
2.05742
1.97192
1.90389
1.8262
1.77643
1.70493
1.66632
1.60187
1.56853
1.51286
1.48018
1.43472
1.39973
2.3969
2.25411
2.15345
2.05742
1.97192
1.90389
1.8262
1.77643
1.70493
1.66632
1.60187
1.56853
1.51286
1.48018
1.43472
1.39973
2.3969
2.25411
2.15345
2.05742
1.97192
1.90389
1.8262
1.77643
1.70493
1.66632
1.60187
1.56853
1.51286
1.48018
1.43472
1.39973
2.3969
2.25411
2.15345
2.05742
1.97192
1.90389
1.8262
1.77643
1.70493
1.66632
1.60187
1.56853
1.51286
1.48018
1.43472
1.39973
2.3969
2.25411
2.15345
2.05742
1.97192
1.90389
1.8262
1.77643
1.70493
1.66632
1.60187
1.56853
1.51286
1.48018
1.43472
1.39973
2.3969
2.25411
2.15345
2.05742
1.97192
1.90389
1.8262
1.77643
1.70493
1.66632
1.60187
1.56853
1.51286
1.48018
1.43472
1.39973
2.3969
2.25411
2.15345
2.05742
1.97192
1.90389
1.8262
1.77643
1.70493
1.66632
1.60187
1.56853
1.51286
1.48018
1.43472
1.39973
2.3969
2.25411
2.15345
2.05742
1.97192
1.90389
1.8262
1.77643
1.70493
1.66632
1.60187
1.56853
1.51286
1.48018
1.43472
1.39973
2.3969
2.25411
2.15345
2.05742
1.97192
1.90389
1.8262
1.77643
1.70493
1.66632
1.60187
1.56853
1.51286
1.48018
1.43472
1.39973
2.3969
2.25411
2.15345
2.05742
1.97192
1.90389
1.8262
1.77643
1.70493
1.66632
1.60187
1.56853
1.51286
1.48018
1.43472
1.39973
2.3969
2.25411
2.15345
2.05742
1.97192
1.90389
1.8262
1.77643
1.70493
1.66632
1.60187
1.56853
1.51286
1.48018
1.43472
1.39973
2.3969
2.25411
2.15345
2.05742
1.97192
1.90389
1.8262
1.77643
1.70493
1.66632
1.60187
1.56853
1.51286
1.48018
1.43472
1.39973
2.39689
2.25411
2.15345
2.05742
1.97192
1.90389
1.8262
1.77643
1.70493
1.66632
1.60187
1.56853
1.51286
1.48018
1.43472
1.39973
2.39689
2.25411
2.15345
2.05742
1.97192
1.90389
1.8262
1.77643
1.70493
1.66632
1.60187
1.56853
1.51286
1.48018
1.43472
1.39973
2.39689
2.25411
2.15345
2.05742
1.97192
1.90389
1.8262
1.77643
1.70493
1.66632
1.60187
1.56853
1.51286
1.48018
1.43472
1.39973
2.39689
2.25411
2.15345
2.05742
1.97192
1.90389
1.8262
1.77643
1.70493
1.66632
1.60187
1.56853
1.51286
1.48018
1.43472
1.39973
)
;

boundaryField
{
    up
    {
        type            myTemperature;
        value           nonuniform List<scalar> 
80
(
1.38237
1.38237
1.38237
1.38237
1.38237
1.38237
1.38237
1.38237
1.38237
1.38237
1.38237
1.38237
1.38237
1.38237
1.38237
1.38237
1.38237
1.38237
1.38237
1.38237
1.38237
1.38237
1.38237
1.38237
1.38237
1.38237
1.38237
1.38237
1.38237
1.38237
1.38237
1.38237
1.38237
1.38237
1.38237
1.38237
1.38237
1.38237
1.38237
1.38237
1.38237
1.38237
1.38237
1.38237
1.38237
1.38237
1.38237
1.38237
1.38237
1.38237
1.38237
1.38237
1.38237
1.38237
1.38237
1.38237
1.38237
1.38237
1.38237
1.38237
1.38237
1.38237
1.38237
1.38237
1.38237
1.38237
1.38237
1.38237
1.38237
1.38237
1.38237
1.38237
1.38237
1.38237
1.38237
1.38237
1.38237
1.38237
1.38237
1.38237
)
;
    }
    hole
    {
        type            myTemperature;
        value           nonuniform List<scalar> 
80
(
2.47048
2.47048
2.47048
2.47048
2.47048
2.47048
2.47048
2.47048
2.47048
2.47048
2.47048
2.47048
2.47048
2.47048
2.47048
2.47048
2.47048
2.47048
2.47048
2.47048
2.47048
2.47048
2.47048
2.47048
2.47048
2.47048
2.47048
2.47048
2.47048
2.47048
2.47048
2.47048
2.47048
2.47048
2.47048
2.47048
2.47048
2.47048
2.47048
2.47048
2.47048
2.47048
2.47048
2.47048
2.47048
2.47048
2.47048
2.47048
2.47048
2.47048
2.47048
2.47048
2.47048
2.47048
2.47048
2.47048
2.47048
2.47048
2.47048
2.47048
2.47048
2.47048
2.47048
2.47048
2.47048
2.47048
2.47048
2.47048
2.47048
2.47048
2.47048
2.47048
2.47048
2.47048
2.47048
2.47048
2.47048
2.47048
2.47048
2.47048
)
;
    }
    frontAndBack
    {
        type            empty;
    }
}


// ************************************************************************* //
