/*--------------------------------*- C++ -*----------------------------------*\
| =========                 |                                                 |
| \\      /  F ield         | OpenFOAM: The Open Source CFD Toolbox           |
|  \\    /   O peration     | Version:  2.2.0                                 |
|   \\  /    A nd           | Web:      www.OpenFOAM.org                      |
|    \\/     M anipulation  |                                                 |
\*---------------------------------------------------------------------------*/
FoamFile
{
    version     2.0;
    format      ascii;
    class       volScalarField;
    location    "16";
    object      Theta;
}
// * * * * * * * * * * * * * * * * * * * * * * * * * * * * * * * * * * * * * //

dimensions      [0 2 -2 0 0 0 0];

internalField   nonuniform List<scalar> 
7920
(
2.72336
3.00393
3.09587
3.39594
3.46292
4.02144
3.65828
5.20928
2.72872
2.93672
3.05458
3.27532
3.40231
3.72905
3.69554
4.37239
2.73352
2.87411
3.02145
3.19464
3.3497
3.58825
3.66548
4.07868
2.68451
2.81093
2.94673
3.09485
3.24838
3.42325
3.55879
3.78021
2.65546
2.75924
2.89542
3.02955
3.18189
3.33075
3.48677
3.63145
2.5912
2.73381
2.84068
2.98316
3.12684
3.2677
3.43148
3.54416
2.62922
2.72089
2.86
2.98404
3.13658
3.27293
3.43755
3.54916
2.57463
2.79238
2.85278
3.03495
3.1623
3.32549
3.47696
3.62555
2.66519
2.8216
2.93746
3.09875
3.2459
3.42447
3.55915
3.78067
2.70714
2.88311
3.00732
3.19491
3.34245
3.58491
3.66138
4.07441
2.72509
2.93849
3.0524
3.27526
3.4013
3.72787
3.69573
4.36996
2.74519
2.99582
3.10624
3.39449
3.46683
4.02195
3.65925
5.2102
2.34494
2.32427
2.38523
2.41594
2.43912
2.53931
2.4767
2.76179
2.33235
2.33154
2.3821
2.40658
2.45097
2.48825
2.54465
2.57331
2.35823
2.32551
2.38679
2.3912
2.43327
2.44391
2.48991
2.46761
2.31854
2.36103
2.3659
2.40131
2.42442
2.43601
2.48978
2.44576
2.39577
2.33989
2.40574
2.39245
2.43235
2.42322
2.46966
2.4135
2.40239
2.34946
2.40923
2.39645
2.43205
2.42267
2.46543
2.41162
2.3963
2.35251
2.40699
2.39765
2.43205
2.42361
2.46623
2.41289
2.37744
2.34663
2.39607
2.39319
2.42757
2.42159
2.4669
2.41161
2.35736
2.34035
2.38783
2.3949
2.43364
2.4367
2.49341
2.44836
2.33631
2.33357
2.37556
2.3912
2.42752
2.4413
2.48589
2.46517
2.32243
2.3359
2.37769
2.40827
2.4498
2.48935
2.54471
2.57495
2.31558
2.33525
2.36998
2.41679
2.43171
2.53618
2.47278
2.75707
2.22407
2.1854
2.24939
2.25426
2.29961
2.33609
2.37988
2.44233
2.22849
2.18722
2.25095
2.24989
2.30273
2.31227
2.40101
2.35759
2.23137
2.18709
2.24566
2.23917
2.28291
2.28549
2.34845
2.30867
2.23649
2.19467
2.249
2.243
2.28365
2.28757
2.3479
2.31945
2.24367
2.20261
2.25097
2.24398
2.2781
2.28123
2.32846
2.30778
2.24475
2.21001
2.25241
2.24737
2.2782
2.2832
2.32619
2.31395
2.24178
2.21226
2.25102
2.24876
2.27819
2.28418
2.32676
2.3149
2.2227
2.21204
2.23969
2.24599
2.27299
2.28018
2.32589
2.30646
2.24147
2.19263
2.25162
2.24258
2.28478
2.28792
2.34836
2.3202
2.22288
2.18975
2.24111
2.23884
2.28019
2.28416
2.34629
2.30753
2.21368
2.19333
2.24374
2.25117
2.29983
2.31207
2.39974
2.3577
2.20258
2.19467
2.23816
2.25608
2.29459
2.33477
2.37749
2.43987
2.11788
2.08413
2.11568
2.10782
2.12656
2.12845
2.15491
2.14519
2.11721
2.08605
2.11596
2.10726
2.12886
2.12097
2.16581
2.11526
2.11722
2.08829
2.11267
2.10383
2.11866
2.10988
2.13642
2.09576
2.11142
2.09515
2.11154
2.1075
2.11937
2.11447
2.13781
2.11014
2.14743
2.0854
2.13004
2.1054
2.12464
2.11384
2.13144
2.10917
2.15718
2.08639
2.13527
2.10777
2.12717
2.11679
2.13221
2.11522
2.14822
2.08926
2.13138
2.10804
2.1258
2.11656
2.13184
2.11526
2.14323
2.08788
2.12745
2.10648
2.12349
2.114
2.13096
2.10901
2.13049
2.08718
2.12123
2.10578
2.12334
2.11516
2.1393
2.11129
2.12144
2.08552
2.11488
2.10259
2.11911
2.10958
2.13589
2.09618
2.11094
2.08934
2.11284
2.10837
2.12768
2.12146
2.16499
2.11632
2.10351
2.08958
2.10841
2.1086
2.12319
2.12763
2.15297
2.14431
2.08333
2.03522
2.07394
2.05736
2.07569
2.07435
2.09154
2.08795
2.0853
2.03632
2.07464
2.05715
2.07655
2.07002
2.09557
2.07106
2.08868
2.03552
2.07502
2.05517
2.0727
2.06527
2.08228
2.06328
2.0893
2.03819
2.07587
2.0571
2.07351
2.06753
2.08287
2.06991
2.08928
2.0414
2.07571
2.05827
2.07239
2.06718
2.0786
2.06948
2.08758
2.04432
2.07516
2.05984
2.07238
2.06846
2.07847
2.0725
2.08101
2.04799
2.07184
2.06117
2.0713
2.06875
2.07823
2.07254
2.07197
2.04819
2.06727
2.05968
2.0691
2.06683
2.07751
2.06911
2.09193
2.03979
2.07594
2.05881
2.07355
2.06823
2.08306
2.06984
2.10568
2.02728
2.08393
2.05301
2.07625
2.06571
2.08366
2.06437
2.08363
2.03643
2.07396
2.05676
2.07606
2.06972
2.09487
2.07113
2.08484
2.03629
2.0743
2.05863
2.07609
2.07543
2.09178
2.08935
2.04726
2.01276
2.03789
2.02547
2.03543
2.03391
2.0401
2.04057
2.05074
2.0125
2.03903
2.02523
2.03579
2.03153
2.04142
2.03147
2.04789
2.01413
2.03762
2.02539
2.0343
2.03041
2.03685
2.02933
2.04402
2.01701
2.03584
2.02645
2.03366
2.03093
2.03648
2.0314
2.07277
2.00615
2.05069
2.02423
2.03965
2.03172
2.03762
2.03247
2.07958
2.00369
2.05427
2.02381
2.041
2.03207
2.03796
2.0333
2.0735
2.0064
2.0515
2.02449
2.04017
2.03214
2.03786
2.0334
2.07185
2.00654
2.05009
2.02447
2.03933
2.03176
2.03749
2.03228
2.06507
2.00857
2.04647
2.02495
2.03819
2.03199
2.03842
2.03275
2.05573
2.01052
2.04127
2.02431
2.03531
2.03036
2.03663
2.02977
2.05134
2.01387
2.03901
2.02684
2.03609
2.03318
2.04143
2.03396
2.02559
2.02299
2.02619
2.02805
2.03034
2.03319
2.03767
2.03923
2.03396
2.00113
2.02398
2.01172
2.01959
2.01851
2.0196
2.02507
2.04515
1.99635
2.02931
2.01023
2.02139
2.01694
2.02037
2.01928
2.04652
1.99609
2.03036
2.0103
2.02214
2.01702
2.02057
2.01917
2.05159
1.99463
2.03269
2.01018
2.02296
2.01686
2.02069
2.01851
2.05393
1.99505
2.03388
2.01098
2.0238
2.01753
2.02128
2.01893
2.04957
1.99624
2.0316
2.01055
2.02233
2.01654
2.02013
2.01798
2.05352
1.99616
2.03373
2.01208
2.02411
2.01833
2.0218
2.01945
2.02092
2.00967
2.01682
2.01455
2.01691
2.01668
2.01883
2.01736
2.06906
1.98882
2.04156
2.00986
2.02735
2.01813
2.02332
2.01897
2.08024
1.98185
2.04717
2.0077
2.02922
2.01858
2.02406
2.0212
2.06818
1.98733
2.04077
2.00854
2.02616
2.01784
2.02206
2.02035
2.06299
1.98893
2.03897
2.01006
2.02622
2.02139
2.02229
2.03058
2.02337
1.99594
2.01509
2.00429
2.01049
2.00965
2.00869
2.01532
2.03478
1.99374
2.01995
2.00454
2.01231
2.00923
2.00908
2.01156
2.03124
1.99126
2.01984
2.00281
2.01284
2.0091
2.01065
2.01254
2.03856
1.99673
2.02059
2.00807
2.01363
2.01127
2.0114
2.01198
2.04526
1.98981
2.02592
2.00431
2.01596
2.01023
2.01252
2.01193
2.06157
1.9809
2.03464
2.00177
2.01929
2.01015
2.01367
2.01168
2.05989
1.98378
2.03388
2.00326
2.01972
2.01102
2.01442
2.01241
2.05654
1.98145
2.03219
2.00087
2.01783
2.00912
2.01263
2.01102
2.0758
1.97998
2.04113
2.00488
2.02337
2.01419
2.01634
2.01632
2.03548
1.9884
2.02101
2.00034
2.01155
2.0069
2.00797
2.01049
2.1
1.96794
2.05292
2.00244
2.02672
2.01681
2.0148
2.02361
1.94381
2.0348
1.97116
2.01444
1.99088
2.00696
1.99874
2.00987
2.02499
1.98959
2.01487
1.99874
2.00782
2.00384
2.00509
2.00651
2.0084
1.99495
2.0067
1.99833
2.00376
2.001
2.00236
2.00164
2.01761
1.99375
2.01109
1.99988
2.00658
2.00326
2.00489
2.00456
2.00956
1.99466
2.00713
1.9984
2.00399
2.00104
2.00267
2.00192
2.01447
1.99476
2.00934
1.99979
2.00557
2.00254
2.00415
2.0034
2.00874
1.99658
2.00638
1.99949
2.00386
2.00147
2.0028
2.00218
2.01182
1.99414
2.00841
1.99898
2.0049
2.00202
2.00361
2.00308
2.00599
2.00061
2.00365
2.00202
2.0028
2.00248
2.00264
2.00269
2.01246
1.99568
2.00808
2.00001
2.00481
2.00249
2.00349
2.00343
2.00611
1.99857
2.00466
2.00069
2.00326
2.00237
2.00269
2.00348
2.00667
1.9987
2.00474
2.00101
2.00324
2.00265
2.00252
2.00366
2.00496
1.99971
2.0038
2.00147
2.00291
2.00309
2.00245
2.00498
2.01099
1.99437
2.00684
1.99858
2.00333
2.00143
2.00139
2.00342
2.01068
1.99437
2.00639
1.99821
2.00275
2.00043
2.00078
2.00125
2.0083
1.99507
2.00576
1.99859
2.00314
2.00106
2.00195
2.00228
2.00611
1.99748
2.00347
1.99954
2.00166
2.00052
2.00081
2.00085
2.01985
1.98939
2.01167
1.99704
2.00541
2.00095
2.00281
2.00195
2.00402
1.99621
2.00359
1.99789
2.0018
1.99961
2.00084
2.00039
2.01172
1.99452
2.00714
1.99874
2.0037
2.00097
2.00213
2.00155
2.00584
1.99576
2.00424
1.99822
2.00207
2.00006
2.00108
2.00087
2.00632
1.99658
2.0043
1.99899
2.00228
2.00058
2.00127
2.00114
2.0058
1.99663
2.00388
1.99897
2.00197
2.00053
2.00119
2.00119
2.00396
1.99777
2.00293
1.99942
2.00164
2.00064
2.00091
2.00101
2.00471
1.99764
2.00288
1.99935
2.00146
2.00031
2.00128
2.0004
2.01008
1.99555
2.00465
1.9992
2.00154
2.00075
1.99988
2.00177
2.00987
1.99171
2.0063
1.99598
2.00203
1.99899
1.99961
2.00012
2.00648
1.9951
2.00412
1.99767
2.00166
1.99957
2.00033
2.00055
2.00867
1.99373
2.00519
1.99724
2.00198
1.99937
2.00033
2.00007
2.00419
1.99523
2.00303
1.99727
2.00106
1.999
2.00005
1.99979
2.00638
1.99501
2.00386
1.99765
2.00142
1.9993
2.00022
1.99985
2.00147
1.99687
2.00152
1.99801
2.00054
1.99924
1.99996
1.99988
2.00199
1.9968
2.0015
1.99796
2.0003
1.99906
1.99965
1.99965
2.01442
1.99086
2.00825
1.9965
2.0032
1.99957
2.00078
2.00055
1.99973
1.99779
2.00036
1.99818
1.99974
1.99918
1.99919
2.00011
2.00596
1.99596
2.00336
1.99843
2.00108
1.99994
1.9996
2.00062
2.00178
1.99736
2.00114
1.99844
1.99993
1.99958
1.99896
2.00052
2.00187
1.9942
1.99999
1.99541
1.99744
1.99624
1.9949
1.99664
2.00082
1.99389
1.99935
1.99487
1.99681
1.9956
1.99425
1.99604
1.99739
1.99579
1.99806
1.99583
1.99713
1.99648
1.99579
1.99723
1.99728
1.99482
1.99782
1.9948
1.99648
1.99535
1.99494
1.99576
2.01438
1.98705
2.00701
1.99327
2.00077
1.99637
1.99745
1.997
1.99658
1.99507
1.99752
1.99468
1.99653
1.9951
1.99532
1.99529
2.00681
1.99193
2.00258
1.9951
1.99909
1.99652
1.99691
1.99656
2.00004
1.99361
1.99929
1.99464
1.99731
1.99561
1.99576
1.99601
2.00118
1.99421
1.99973
1.99533
1.9976
1.99611
1.99573
1.99634
2.00038
1.9944
1.9993
1.99541
1.99735
1.99633
1.99562
1.99715
1.99762
1.99602
1.99758
1.99573
1.99621
1.99583
1.9941
1.99612
1.99833
1.99543
1.99818
1.9956
1.99661
1.99601
1.99459
1.9962
2.00536
1.98802
2.00055
1.99191
1.99613
1.99419
1.99262
1.99597
1.99468
1.99225
1.99478
1.99221
1.99313
1.99294
1.99027
1.99464
2.00195
1.98991
1.99879
1.99285
1.99604
1.99503
1.99413
1.99767
1.99691
1.99047
1.9962
1.99184
1.99439
1.99333
1.99279
1.99484
1.99739
1.99057
1.99648
1.99226
1.99499
1.99392
1.99401
1.9955
1.99667
1.99015
1.99597
1.9918
1.99451
1.99334
1.99359
1.99456
1.99325
1.99203
1.99438
1.99249
1.99414
1.99362
1.99369
1.99481
1.99442
1.99116
1.99502
1.99195
1.99418
1.99338
1.99348
1.99498
2.00953
1.98474
2.00291
1.99065
1.99734
1.994
1.99414
1.99581
1.99673
1.99083
1.99645
1.99206
1.99472
1.99406
1.99311
1.99699
2.00325
1.98912
1.99917
1.99211
1.99517
1.99401
1.99117
1.99611
1.99842
1.99063
1.99695
1.99215
1.99434
1.9937
1.99138
1.99562
1.9752
1.96317
1.96411
1.95452
1.94977
1.94261
1.93097
1.92795
1.97497
1.96203
1.96355
1.95402
1.94826
1.94416
1.92628
1.93662
1.97166
1.96327
1.9634
1.95623
1.95182
1.94884
1.93656
1.94489
1.97031
1.96106
1.96223
1.95417
1.95054
1.94642
1.9352
1.93976
1.98116
1.95489
1.96792
1.95314
1.95409
1.94782
1.93991
1.94167
1.971
1.95717
1.96257
1.9524
1.95149
1.94597
1.93865
1.93876
1.97628
1.95581
1.96512
1.9528
1.95283
1.94677
1.93951
1.93941
1.97418
1.95748
1.96449
1.95332
1.95258
1.94724
1.93916
1.94113
1.97526
1.95927
1.96485
1.95393
1.95181
1.94674
1.93586
1.94004
1.97687
1.96062
1.96609
1.95537
1.95279
1.94876
1.93681
1.94502
1.97347
1.96268
1.96298
1.95415
1.94815
1.94421
1.92624
1.93673
1.97271
1.96376
1.96304
1.95438
1.94933
1.94234
1.93085
1.92753
1.98069
1.96715
1.97066
1.96165
1.95884
1.95334
1.94421
1.9435
1.97865
1.96675
1.96935
1.96109
1.95706
1.95438
1.93948
1.95054
1.98056
1.96591
1.97165
1.96286
1.9614
1.95903
1.94957
1.95867
1.97876
1.96434
1.97044
1.96127
1.96037
1.95698
1.94851
1.95385
1.97728
1.96341
1.96999
1.96117
1.96129
1.95782
1.95188
1.9552
1.97686
1.96195
1.9695
1.96017
1.9608
1.95681
1.95165
1.95315
1.97397
1.96325
1.96829
1.96062
1.96057
1.95701
1.95178
1.95333
1.97011
1.9658
1.96654
1.96137
1.95983
1.95733
1.9513
1.95467
1.98885
1.95988
1.97576
1.96033
1.96274
1.95736
1.94967
1.95418
1.98524
1.96273
1.97457
1.96136
1.96259
1.95865
1.95
1.95869
1.98823
1.96241
1.97455
1.96002
1.95937
1.95473
1.94041
1.9511
1.98647
1.96349
1.97425
1.96021
1.96034
1.95347
1.94452
1.94459
2.75386
3.06948
3.15603
3.4802
3.55502
4.12598
3.78255
5.31496
2.74726
3.03675
3.12957
3.39556
3.53607
3.87741
3.9023
4.53168
2.73667
3.00609
3.09624
3.33028
3.48198
3.73289
3.84144
4.19956
2.73929
2.97141
3.0699
3.2718
3.42789
3.61819
3.77905
3.96693
2.70869
2.96067
3.03327
3.23518
3.37743
3.54532
3.70773
3.83043
2.71022
2.94705
3.02157
3.21402
3.35263
3.50863
3.67128
3.76865
2.70665
2.94263
3.01766
3.20813
3.3473
3.50115
3.66609
3.75803
2.71295
2.9458
3.02532
3.21657
3.3588
3.51608
3.68132
3.77974
2.71547
2.95898
3.04438
3.2467
3.39865
3.57795
3.75254
3.90069
2.72962
2.97308
3.06672
3.28037
3.42976
3.64822
3.77277
4.03907
2.727
2.99946
3.09611
3.34382
3.49335
3.79825
3.88329
4.38645
2.75002
3.00466
3.10951
3.38978
3.47089
3.97249
3.68885
4.99714
2.26033
2.31287
2.32681
2.38751
2.39209
2.5122
2.42283
2.76853
2.25445
2.3041
2.31772
2.36435
2.38582
2.44458
2.44958
2.55643
2.25387
2.29407
2.31034
2.34824
2.37253
2.41135
2.42922
2.48281
2.24679
2.28642
2.30119
2.33466
2.36126
2.38459
2.42253
2.42538
2.24694
2.28018
2.29611
2.32497
2.35125
2.36522
2.40658
2.3825
2.24341
2.27813
2.29292
2.32108
2.34743
2.35839
2.40281
2.36879
2.24988
2.279
2.29678
2.32334
2.34994
2.361
2.40342
2.37183
2.24269
2.28929
2.29844
2.33363
2.35828
2.37799
2.41614
2.4061
2.26661
2.29033
2.31616
2.34373
2.37192
2.39865
2.42457
2.44902
2.26451
2.31154
2.3274
2.37243
2.39628
2.45222
2.45668
2.5657
2.28267
2.31794
2.33956
2.38368
2.39874
2.47296
2.43342
2.61387
2.28834
2.34053
2.36044
2.42893
2.43121
2.58528
2.45525
2.93448
2.15025
2.18907
2.20463
2.24449
2.2723
2.33191
2.35309
2.477
2.14759
2.18242
2.19688
2.22931
2.2595
2.29427
2.34072
2.37171
2.14609
2.17715
2.19133
2.22079
2.24898
2.27999
2.32086
2.35029
2.14068
2.17345
2.18476
2.21325
2.24027
2.26716
2.31166
2.33018
2.14654
2.16704
2.18492
2.20723
2.23542
2.25814
2.30188
2.31372
2.14259
2.16801
2.18183
2.20608
2.23268
2.25532
2.29913
2.30944
2.14825
2.16742
2.18492
2.20678
2.23393
2.25634
2.29822
2.3108
2.14885
2.17203
2.18853
2.21287
2.24017
2.26668
2.3064
2.3306
2.15434
2.17652
2.19352
2.21835
2.24427
2.27432
2.30617
2.34457
2.16067
2.18586
2.20551
2.23542
2.26358
2.30668
2.33344
2.41024
2.16316
2.19176
2.20749
2.23854
2.26052
2.30706
2.31277
2.40605
2.17113
2.20551
2.22633
2.26871
2.29375
2.37604
2.3638
2.58828
2.06837
2.08543
2.08435
2.09756
2.10449
2.11846
2.13165
2.15473
2.07261
2.07986
2.08366
2.09034
2.09917
2.10281
2.12286
2.11197
2.06992
2.0783
2.08026
2.08697
2.09381
2.09784
2.11185
2.1074
2.07011
2.07635
2.07904
2.08463
2.0913
2.09454
2.1086
2.10369
2.06994
2.07518
2.07795
2.08289
2.08908
2.09175
2.10441
2.09917
2.07094
2.07505
2.07848
2.08307
2.0894
2.09218
2.10465
2.10028
2.07088
2.07629
2.07891
2.08403
2.08992
2.09325
2.1044
2.10222
2.07473
2.07787
2.08253
2.08746
2.09413
2.09926
2.10944
2.11349
2.08079
2.07794
2.0869
2.08907
2.09652
2.10206
2.10839
2.11847
2.07756
2.08616
2.08985
2.09888
2.10575
2.1187
2.12382
2.15212
2.08605
2.08616
2.0936
2.09878
2.10398
2.11539
2.11063
2.14085
2.08658
2.09491
2.10261
2.11524
2.12344
2.15139
2.14576
2.23218
2.03555
2.045
2.046
2.05318
2.05912
2.0663
2.07835
2.08657
2.0357
2.04354
2.0445
2.05007
2.05577
2.05878
2.07266
2.0661
2.0355
2.04215
2.04335
2.04826
2.05314
2.05654
2.06666
2.06484
2.03594
2.04135
2.04287
2.04732
2.05196
2.05527
2.06487
2.06398
2.03504
2.04129
2.04197
2.04674
2.05078
2.0542
2.06275
2.0625
2.03698
2.04062
2.04306
2.04674
2.05133
2.05462
2.06303
2.06354
2.03807
2.04092
2.04381
2.04724
2.05185
2.0553
2.06306
2.06473
2.03903
2.04205
2.04524
2.04897
2.05384
2.05816
2.06551
2.07005
2.04103
2.04308
2.04673
2.0502
2.05487
2.05954
2.06523
2.07214
2.04323
2.04531
2.05014
2.05445
2.06021
2.06728
2.07325
2.08728
2.04412
2.04672
2.05082
2.05483
2.05956
2.06577
2.06814
2.08139
2.0474
2.04985
2.05675
2.06259
2.07007
2.08279
2.08717
2.12378
2.00966
2.0234
2.01675
2.02378
2.0238
2.02729
2.0324
2.03393
2.0171
2.0193
2.01995
2.02178
2.02395
2.02454
2.03053
2.02586
2.01315
2.01991
2.0175
2.02078
2.02171
2.02288
2.02693
2.0246
2.01549
2.01907
2.0184
2.02063
2.02186
2.02289
2.0266
2.02508
2.01538
2.01868
2.01816
2.02013
2.02131
2.02229
2.02552
2.02441
2.01613
2.01861
2.01862
2.02031
2.02165
2.02266
2.02577
2.02516
2.01713
2.01859
2.01926
2.02058
2.02209
2.02311
2.026
2.02595
2.01781
2.01893
2.02
2.02124
2.02297
2.02425
2.027
2.02805
2.01925
2.01929
2.02109
2.02198
2.0239
2.02525
2.02758
2.02955
2.01877
2.02073
2.02183
2.02367
2.02577
2.02806
2.03061
2.03497
2.02191
2.02072
2.02375
2.02433
2.02684
2.02839
2.03022
2.03367
2.02234
2.02225
2.0258
2.02748
2.03104
2.03528
2.0382
2.05097
2.00455
2.01044
2.00798
2.0109
2.0113
2.01271
2.01574
2.0156
2.00425
2.01021
2.00762
2.01029
2.01064
2.01135
2.01451
2.01194
2.00676
2.00909
2.00844
2.0098
2.01036
2.01091
2.01307
2.01178
2.0058
2.00941
2.00795
2.00982
2.0101
2.01089
2.01281
2.01209
2.00043
2.01201
2.0049
2.01045
2.00863
2.01062
2.0118
2.01174
2.00702
2.00857
2.00861
2.00952
2.01026
2.01091
2.01253
2.01245
2.00536
2.00947
2.00776
2.00974
2.00993
2.01091
2.0124
2.01261
2.00721
2.00907
2.00887
2.00999
2.0107
2.01146
2.01301
2.01334
2.00854
2.00905
2.00973
2.0104
2.01146
2.0121
2.01388
2.01431
2.00952
2.00903
2.01052
2.01076
2.01225
2.01269
2.01477
2.01507
2.01064
2.00936
2.01169
2.01162
2.0137
2.01387
2.01671
2.01619
2.01123
2.00946
2.01267
2.0124
2.01515
2.01579
2.01915
2.02097
1.99076
2.01008
1.99716
2.00608
2.00201
2.00473
2.00546
2.00494
2.00159
2.0043
2.00321
2.00445
2.0045
2.005
2.00625
2.00533
1.99557
2.00649
1.99991
2.00427
2.00257
2.00383
2.00445
2.00392
1.99982
2.00523
2.00203
2.00451
2.00371
2.00462
2.00519
2.00514
1.99993
2.00488
2.00201
2.00416
2.00348
2.00427
2.00476
2.00475
2.00079
2.00465
2.00253
2.00424
2.00384
2.00451
2.00505
2.00511
2.0042
2.00351
2.0041
2.00417
2.00451
2.00473
2.00541
2.00538
2.00408
2.00352
2.00417
2.00417
2.00462
2.00474
2.00547
2.0053
1.99911
2.00582
2.00186
2.00494
2.00409
2.00509
2.00602
2.00592
2.00308
2.00413
2.0039
2.00446
2.00489
2.00477
2.00613
2.00475
2.00354
2.00427
2.00474
2.00514
2.00631
2.00606
2.00877
2.00674
2.00537
2.00379
2.00567
2.00512
2.00675
2.00596
2.00892
2.0061
1.99347
2.00408
1.99766
2.00175
2.00008
2.00102
2.00188
2.00061
1.99258
2.00425
1.99739
2.00173
2
2.00109
2.00163
2.00091
1.99742
2.00248
1.99939
2.00135
2.00045
2.00098
2.00125
2.00085
1.99704
2.00262
1.99937
2.00142
2.00059
2.00118
2.00142
2.00128
1.98976
2.00636
1.99531
2.00246
1.99883
2.00099
2.00055
2.00092
1.99703
2.00303
1.99922
2.00179
2.00058
2.00142
2.00142
2.00151
1.99377
2.0039
1.99761
2.00158
1.99976
2.00092
2.00097
2.00105
1.99768
2.00306
1.99951
2.00189
2.00081
2.0014
2.00165
2.00122
1.99706
2.00257
1.99937
2.00144
2.00078
2.00112
2.00192
2.00101
2.00145
2.00186
2.00148
2.00183
2.00196
2.00143
2.00272
2.00051
1.99837
2.00167
2.00072
2.00132
2.00215
2.00139
2.00387
2.0008
2.01217
1.99835
2.00665
2.00159
2.00462
2.00196
2.00535
2.00061
2.00148
2.00003
2.00098
2.00047
2.00075
2.00072
2.00071
2.00104
1.99984
2.00033
2.00019
2.00023
2.00028
2.0003
2.00032
2.00038
2.00211
1.99977
2.0013
2.0004
2.00088
2.00069
2.00075
2.00083
2.00058
1.99979
2.00063
2.00005
2.00046
2.0003
2.00044
2.00046
2.002
1.99967
2.0013
2.00029
2.00089
2.0006
2.00076
2.00071
2.00115
1.99944
2.0009
1.9999
2.00054
2.00022
2.00046
2.00037
2.00234
1.99943
2.00155
2.00025
2.00106
2.00065
2.00094
2.00077
1.99877
2.00028
1.99975
1.99989
2.00005
1.99991
2.00023
1.99994
2.00645
1.99713
2.00384
1.99958
2.00208
2.00071
2.00157
2.0009
1.99915
2.00034
1.99988
1.9999
2.00015
1.99973
2.00037
1.99939
2.00436
1.99874
2.00273
2.00031
2.00201
2.00095
2.00218
2.00096
2.00174
1.99916
2.00133
1.99971
2.00102
1.99981
2.00133
1.99921
1.99911
1.99996
1.99933
1.99969
1.99946
1.99953
1.99952
1.99938
1.99893
1.99994
1.9993
1.99965
1.99944
1.99955
1.99941
1.99954
1.99893
1.99998
1.99934
1.99973
1.99954
1.99968
1.99959
1.99975
1.99868
2.00001
1.9992
1.99962
1.99942
1.99954
1.99944
1.9996
2.0013
1.99887
2.00055
1.99948
2.00003
1.99975
1.99981
1.99984
1.99925
1.99953
1.99954
1.99941
1.99954
1.99946
1.99951
1.99954
2.0012
1.99895
2.00048
1.99949
2.00002
1.99971
1.99985
1.99974
2.00004
1.99901
1.99996
1.99922
1.99969
1.99936
1.99956
1.99933
2.00016
1.99902
2.00006
1.99928
1.99986
1.99948
1.99989
1.99949
2.00078
1.99868
2.00027
1.99908
1.9998
1.99913
1.99963
1.99873
1.99842
1.99951
1.99943
1.99933
1.99985
1.99939
2.00035
1.99921
2.00016
1.9984
2.00017
1.9987
1.99983
1.99873
1.99995
1.9977
1.99723
1.9982
1.99707
1.99728
1.99657
1.99631
1.99549
1.99509
1.99815
1.99782
1.9976
1.99735
1.9969
1.99674
1.9958
1.99622
1.99842
1.99774
1.99781
1.99739
1.99711
1.99686
1.99619
1.99631
1.9982
1.99774
1.99778
1.99737
1.99714
1.99687
1.99625
1.99627
1.99853
1.99767
1.99796
1.9974
1.99728
1.99695
1.99644
1.99638
1.99874
1.99753
1.99805
1.99732
1.99728
1.99686
1.99639
1.99619
1.99791
1.99773
1.99776
1.99734
1.99728
1.9969
1.99655
1.99629
1.99937
1.99707
1.99821
1.99699
1.99715
1.99644
1.99615
1.99551
2.00431
1.99431
2.00121
1.99624
1.99867
1.9968
1.99718
1.99625
1.99422
1.99856
1.99559
1.99675
1.99579
1.99548
1.99525
1.994
2.00179
1.99602
1.99952
1.99694
1.99803
1.99677
1.99723
1.99589
1.99659
1.99681
1.99669
1.9958
1.99592
1.99452
1.99498
1.99181
1.99512
1.99548
1.99481
1.99479
1.99425
1.99392
1.99323
1.99252
1.99555
1.99564
1.99524
1.99528
1.99478
1.99496
1.99378
1.99508
1.99549
1.99561
1.99533
1.99533
1.995
1.99514
1.99447
1.99527
1.99592
1.99564
1.99559
1.9955
1.99523
1.99533
1.99466
1.99536
1.99438
1.99644
1.9948
1.99579
1.995
1.99544
1.99479
1.99553
1.99588
1.99555
1.99561
1.99544
1.99529
1.99532
1.99485
1.99535
1.99637
1.99529
1.99581
1.99536
1.99536
1.99527
1.99497
1.99521
1.99513
1.99526
1.99514
1.99493
1.99485
1.99461
1.99446
1.99412
1.996
1.99498
1.99552
1.99497
1.99517
1.99472
1.99506
1.99413
1.99539
1.99445
1.99488
1.99404
1.99421
1.99311
1.9937
1.99103
1.99507
1.9946
1.99509
1.99445
1.99509
1.99405
1.99577
1.99289
1.99538
1.9935
1.99443
1.99277
1.99339
1.99077
1.99298
1.98526
1.96974
1.97312
1.96208
1.9601
1.95133
1.94373
1.93619
1.92055
1.98019
1.96898
1.96878
1.961
1.95571
1.94966
1.9395
1.93685
1.97471
1.97159
1.96661
1.96197
1.95572
1.95049
1.94172
1.93793
1.978
1.97138
1.96873
1.96309
1.95757
1.95244
1.94355
1.9406
1.97713
1.97167
1.96859
1.9633
1.9579
1.95298
1.94455
1.94182
1.97743
1.97158
1.96879
1.96335
1.95807
1.95306
1.94475
1.94178
1.97728
1.97119
1.96863
1.96304
1.95797
1.95277
1.94497
1.94129
1.97663
1.97036
1.96772
1.96174
1.95661
1.9506
1.94318
1.93726
1.97673
1.96943
1.96764
1.96119
1.95673
1.95013
1.94438
1.93623
1.97383
1.96858
1.96451
1.95818
1.95264
1.94394
1.93863
1.92363
1.97567
1.96721
1.9659
1.95855
1.95503
1.94591
1.94494
1.92789
1.97257
1.96487
1.96162
1.95269
1.94808
1.9331
1.93382
1.89565
1.9784
1.9741
1.97047
1.9654
1.96072
1.95326
1.94916
1.93476
1.97933
1.97495
1.97175
1.96747
1.96254
1.95822
1.95081
1.94842
1.98042
1.9751
1.97276
1.96829
1.96389
1.95976
1.95346
1.95075
1.97991
1.9759
1.97303
1.96919
1.96474
1.96114
1.95452
1.95282
1.97576
1.97821
1.97105
1.97019
1.96438
1.9619
1.95528
1.95432
1.98169
1.9754
1.9742
1.96957
1.96576
1.96217
1.95596
1.95462
1.97868
1.97596
1.97265
1.96924
1.965
1.96159
1.9558
1.95392
1.97959
1.97489
1.97258
1.96824
1.96423
1.95992
1.95453
1.95045
1.97891
1.97415
1.97207
1.96758
1.96406
1.95922
1.95546
1.94919
1.97822
1.97244
1.9703
1.96466
1.96088
1.95369
1.95059
1.93771
1.97765
1.972
1.97056
1.96509
1.96273
1.95538
1.95645
1.94139
1.97638
1.96937
1.96743
1.95979
1.95685
1.94394
1.94682
1.91232
2.76232
3.06511
3.16099
3.47781
3.55712
4.12199
3.78526
5.29804
2.75832
3.03448
3.13904
3.39863
3.54655
3.88374
3.92216
4.53494
2.74449
3.00632
3.10389
3.33363
3.49006
3.73701
3.85302
4.19621
2.73625
2.98005
3.07382
3.28111
3.43833
3.62985
3.79768
3.97874
2.72777
2.96186
3.05012
3.24495
3.39489
3.56118
3.72964
3.84832
2.72344
2.95301
3.03844
3.22802
3.374
3.53131
3.69981
3.79906
2.72503
2.95232
3.03909
3.22786
3.37414
3.53125
3.69976
3.79897
2.7281
2.96227
3.05017
3.24534
3.395
3.56145
3.72976
3.84856
2.73018
2.98253
3.07066
3.28144
3.43686
3.62939
3.79686
3.97824
2.74695
3.00586
3.10494
3.334
3.49057
3.73756
3.85328
4.19687
2.7532
3.03629
3.13625
3.39862
3.54497
3.88304
3.92098
4.5342
2.76265
3.06506
3.16109
3.47804
3.55707
4.12256
3.78484
5.2993
2.25733
2.31402
2.32542
2.38832
2.3917
2.51452
2.42193
2.77759
2.25158
2.30392
2.31525
2.36327
2.3829
2.44352
2.44361
2.55834
2.24715
2.29449
2.30622
2.34738
2.36985
2.41117
2.42658
2.48702
2.23755
2.28702
2.2949
2.33267
2.35646
2.38177
2.4171
2.424
2.23501
2.27972
2.288
2.32158
2.34511
2.36099
2.40085
2.37957
2.23475
2.27527
2.28522
2.31606
2.34013
2.35167
2.39498
2.36097
2.23258
2.27602
2.28422
2.3161
2.33971
2.35153
2.39479
2.36089
2.23573
2.27949
2.28834
2.32161
2.34526
2.36109
2.40093
2.37968
2.23985
2.28654
2.29588
2.33288
2.3569
2.3821
2.41734
2.42432
2.2445
2.29565
2.30487
2.34762
2.36929
2.4111
2.42631
2.48695
2.25187
2.3047
2.31523
2.36395
2.38311
2.44399
2.44391
2.55873
2.25567
2.31478
2.32453
2.38847
2.3913
2.51436
2.42185
2.77713
2.14349
2.19329
2.20089
2.24678
2.271
2.33483
2.35166
2.48621
2.15259
2.17973
2.19912
2.22896
2.25964
2.29591
2.33757
2.37766
2.14124
2.17757
2.18914
2.22096
2.24833
2.28208
2.32079
2.35787
2.14262
2.17121
2.18538
2.21289
2.24047
2.26858
2.3114
2.33485
2.13798
2.16779
2.18009
2.20678
2.23334
2.2586
2.30165
2.31749
2.13705
2.16587
2.17817
2.20407
2.23047
2.25428
2.29836
2.31022
2.13784
2.16581
2.17839
2.2041
2.23047
2.25422
2.29824
2.31005
2.13696
2.16804
2.17978
2.20687
2.23337
2.25877
2.30183
2.31775
2.13728
2.17371
2.18237
2.21342
2.23904
2.26818
2.31066
2.3342
2.1477
2.17533
2.19236
2.22096
2.24989
2.2828
2.32172
2.35867
2.14735
2.18183
2.19635
2.22903
2.25828
2.29511
2.3368
2.37651
2.15188
2.1886
2.20575
2.24537
2.27315
2.33514
2.35261
2.48718
2.07127
2.08364
2.0863
2.09759
2.10562
2.1209
2.13159
2.16362
2.06998
2.08012
2.08178
2.08972
2.09703
2.10243
2.11784
2.11466
2.06962
2.07756
2.0799
2.08695
2.09356
2.09938
2.11123
2.1137
2.06562
2.07614
2.07621
2.08356
2.08912
2.09376
2.10572
2.10506
2.05888
2.07818
2.07103
2.08269
2.08515
2.09062
2.1016
2.09979
2.07111
2.07103
2.0771
2.08001
2.08691
2.08944
2.10155
2.0979
2.06295
2.07382
2.07305
2.07999
2.085
2.08857
2.10046
2.0971
2.06815
2.07365
2.0762
2.0816
2.08749
2.09108
2.10272
2.1005
2.06737
2.07531
2.07692
2.08325
2.0892
2.09361
2.10553
2.10503
2.06958
2.07776
2.08003
2.08717
2.09379
2.09973
2.11138
2.11428
2.0712
2.0796
2.08226
2.08959
2.09707
2.10247
2.11757
2.11498
2.07286
2.08349
2.08706
2.0979
2.10597
2.1215
2.13138
2.16486
2.03033
2.04852
2.04303
2.05492
2.05811
2.06806
2.07738
2.09234
2.04183
2.04071
2.04717
2.0495
2.05609
2.05945
2.07007
2.06931
2.03245
2.04255
2.04183
2.04819
2.05241
2.05732
2.06592
2.06886
2.03684
2.04033
2.04291
2.04694
2.05155
2.05544
2.06365
2.06565
2.03378
2.03981
2.04095
2.04551
2.04974
2.05358
2.06162
2.0633
2.03434
2.03954
2.04096
2.0453
2.04952
2.05316
2.06124
2.06246
2.03461
2.03921
2.04097
2.04505
2.04931
2.05289
2.06096
2.06216
2.03455
2.03999
2.0414
2.04593
2.05018
2.05405
2.06205
2.06378
2.02897
2.04386
2.03862
2.04758
2.04956
2.05485
2.06263
2.06483
2.04037
2.04011
2.04572
2.04841
2.05435
2.05832
2.06709
2.06991
2.03478
2.04309
2.0436
2.04933
2.0543
2.05838
2.06901
2.06803
2.03898
2.04439
2.04784
2.05401
2.0603
2.06865
2.07841
2.09353
2.01639
2.02011
2.02046
2.02323
2.02556
2.02846
2.0331
2.03766
2.01673
2.01928
2.01956
2.02146
2.02331
2.02421
2.02868
2.02643
2.0165
2.01858
2.01904
2.02078
2.02243
2.02372
2.02715
2.02716
2.01574
2.01841
2.01834
2.02024
2.02156
2.02274
2.0258
2.02556
2.00907
2.0214
2.01435
2.02061
2.01942
2.02187
2.02429
2.02445
2.02012
2.01604
2.02008
2.01938
2.02173
2.0222
2.0252
2.02475
2.01259
2.01836
2.01642
2.01914
2.01994
2.02126
2.02412
2.02394
2.01709
2.01777
2.01869
2.01995
2.0214
2.02244
2.02529
2.02517
2.01527
2.01818
2.01803
2.01986
2.02117
2.02238
2.02534
2.02539
2.01645
2.01884
2.01914
2.02105
2.02263
2.02411
2.02726
2.02784
2.01682
2.01904
2.01945
2.02123
2.02296
2.02404
2.02805
2.02661
2.01716
2.02023
2.02083
2.02359
2.02571
2.02909
2.03268
2.03918
2.00407
2.01111
2.00768
2.01132
2.01131
2.0133
2.01554
2.01758
2.01025
2.00809
2.01032
2.01011
2.01153
2.0118
2.01392
2.01311
2.0054
2.00914
2.00791
2.00965
2.01016
2.01109
2.01282
2.01301
2.008
2.00853
2.00887
2.00968
2.01037
2.01102
2.0125
2.01261
2.00646
2.00843
2.00807
2.0092
2.00976
2.0105
2.01196
2.01214
2.00684
2.00848
2.00821
2.00931
2.00985
2.01056
2.01198
2.0121
2.00698
2.00826
2.00821
2.00913
2.00971
2.01038
2.0118
2.01191
2.0067
2.00864
2.00824
2.00948
2.00999
2.01079
2.01219
2.01244
2.00288
2.01075
2.00617
2.00999
2.00912
2.0106
2.01181
2.01209
2.0095
2.00816
2.00983
2.01
2.01114
2.01175
2.01344
2.0137
2.0057
2.00942
2.00807
2.00985
2.01032
2.01106
2.01307
2.01233
2.00809
2.00953
2.00976
2.01118
2.01223
2.01376
2.01592
2.0184
2.00276
2.00411
2.00383
2.00458
2.00503
2.00549
2.00681
2.00705
2.00287
2.00403
2.00365
2.00429
2.00456
2.00468
2.00579
2.00488
2.00291
2.00376
2.0035
2.00402
2.00423
2.00447
2.00529
2.00503
2.00266
2.00397
2.00348
2.00423
2.00433
2.00465
2.00531
2.00511
1.99426
2.00761
1.99896
2.00471
2.00218
2.00394
2.00406
2.00442
2.0082
2.00208
2.00591
2.00413
2.00523
2.00498
2.00557
2.00541
1.99895
2.0044
2.00158
2.00351
2.00305
2.00374
2.00424
2.00444
2.00415
2.00374
2.00404
2.00434
2.00452
2.00481
2.00527
2.00535
2.00186
2.00381
2.00298
2.00381
2.0038
2.00424
2.00468
2.00493
2.00257
2.0041
2.00348
2.00434
2.00438
2.00496
2.00533
2.00596
2.00317
2.00378
2.00356
2.00408
2.0041
2.00454
2.00488
2.00514
2.00242
2.00447
2.00367
2.0049
2.00483
2.00615
2.00599
2.00893
1.99715
2.00411
1.99901
2.00263
2.00083
2.00198
2.00211
2.00215
2.00497
1.99978
2.00344
2.00138
2.00264
2.00214
2.00267
2.00234
1.9977
2.00245
1.99974
2.00141
2.00084
2.00125
2.00156
2.00137
2.00271
2.00124
2.00208
2.0018
2.00203
2.00202
2.00225
2.00214
1.99957
2.00159
2.00061
2.00126
2.00113
2.00134
2.00157
2.00156
2.00078
2.00174
2.00117
2.00167
2.00157
2.00177
2.00194
2.00195
2.00086
2.00136
2.00108
2.00135
2.00127
2.00142
2.00157
2.00158
2.00052
2.00189
2.00108
2.0018
2.00159
2.00191
2.002
2.00215
1.99335
2.00559
1.99684
2.00276
1.99954
2.00143
2.0009
2.00128
2.00493
1.99983
2.0034
2.00136
2.00258
2.00214
2.0025
2.00259
1.99681
2.0028
1.99914
2.00135
2.00037
2.00098
2.00101
2.00111
2.00167
2.00173
2.00165
2.002
2.00197
2.00237
2.00243
2.00341
1.99984
2.00051
2.00018
2.00037
2.00041
2.00029
2.00071
2.00016
1.9993
2.00065
1.9999
2.00033
2.00026
2.00021
2.00059
2.00007
1.99978
2.00052
2.00003
2.00032
2.0002
2.00018
2.00037
2.00002
1.99773
2.00127
1.99917
2.00047
1.99995
2.00025
2.00035
2.00022
1.99598
2.00273
1.99787
2.00103
1.99929
2.00022
1.99992
2.00005
2.00267
1.99934
2.00154
2.00021
2.00088
2.00053
2.00067
2.00054
1.99695
2.00131
1.99872
2.00022
1.99956
1.99995
1.99994
2.00003
2.00042
2.00062
2.00034
2.00059
2.00043
2.00051
2.0005
2.00045
1.99824
2.00092
1.99934
2.00028
1.99987
2.00011
2.00017
2.00014
1.99871
2.00101
1.99955
2.00047
2.00006
2.00024
2.00034
2.00012
1.99893
2.00099
1.99966
2.00052
2.00017
2.00029
2.00055
2.00014
1.99866
2.00088
1.99958
2.00038
2.00012
2.00017
2.00061
1.99994
1.99412
2.00278
1.99644
2.00052
1.99821
1.99927
1.99897
1.99861
2.00271
1.99852
2.00124
1.99961
2.0004
2.00002
2.00006
2.00014
1.99707
2.00049
1.99836
1.99953
1.99895
1.99919
1.99916
1.99903
2.00034
1.9998
1.99999
1.99993
1.99991
1.99991
1.99986
1.99986
1.99875
1.99997
1.99921
1.99961
1.99939
1.99948
1.99943
1.99944
1.9993
1.99997
1.99951
1.9998
1.99965
1.99973
1.99968
1.99973
1.99935
1.99999
1.99943
1.99975
1.99951
1.99959
1.99951
1.99954
1.99867
2
1.9993
1.99971
1.99956
1.99967
1.99965
1.99968
1.99589
2.00173
1.99756
2.00024
1.99876
1.99951
1.99926
1.9993
2.0016
1.99902
2.00061
1.99963
2.00007
1.99975
1.99987
1.99961
1.99858
1.99999
1.9991
1.99956
1.99934
1.99936
1.99947
1.99924
1.99992
1.99968
1.99977
1.99968
1.99971
1.99954
1.9997
1.99925
1.99709
1.99789
1.997
1.99697
1.99647
1.99586
1.99564
1.99399
1.99764
1.99808
1.99741
1.99741
1.99697
1.99664
1.99623
1.99572
1.99799
1.99794
1.99748
1.99734
1.99688
1.99652
1.99609
1.99552
1.99709
1.99837
1.9973
1.9976
1.99707
1.9969
1.99643
1.99607
1.99271
2.00082
1.99477
1.99826
1.99593
1.99673
1.99585
1.99584
2.0013
1.99701
1.99925
1.99763
1.9979
1.99731
1.99684
1.99655
1.99593
1.99857
1.99667
1.9974
1.99664
1.99663
1.99608
1.99596
1.9989
1.99804
1.99808
1.99776
1.99743
1.99714
1.99661
1.99633
1.99756
1.99803
1.99742
1.9974
1.99697
1.99673
1.99624
1.99599
1.99803
1.99801
1.99761
1.99745
1.99705
1.99673
1.99621
1.99582
1.99791
1.99785
1.99752
1.9973
1.99693
1.99661
1.99608
1.99586
1.99799
1.9978
1.99744
1.99714
1.99671
1.99615
1.99561
1.99456
1.99078
1.9976
1.99247
1.99519
1.99321
1.99341
1.99271
1.99122
1.99831
1.99482
1.99657
1.99541
1.9955
1.9953
1.99457
1.99522
1.99356
1.99617
1.99438
1.99516
1.99446
1.99458
1.9941
1.99416
1.99648
1.99592
1.99589
1.99583
1.99553
1.99555
1.99504
1.99532
1.99528
1.99599
1.99537
1.99558
1.9952
1.99529
1.99482
1.99517
1.99581
1.99611
1.99571
1.99585
1.99554
1.99566
1.99517
1.99561
1.99589
1.99595
1.99561
1.99567
1.9953
1.99539
1.99487
1.99529
1.99574
1.99604
1.99574
1.99584
1.99559
1.99568
1.99522
1.99559
1.98816
2.00007
1.99119
1.99688
1.99339
1.99512
1.99404
1.99452
2.00083
1.99356
1.99809
1.99506
1.99628
1.99532
1.9952
1.99491
1.99309
1.99616
1.99409
1.99497
1.99423
1.99435
1.99382
1.99411
1.99693
1.99502
1.99577
1.99487
1.99481
1.99398
1.99366
1.99195
1.97533
1.96924
1.96542
1.95831
1.95264
1.94259
1.93711
1.9175
1.97733
1.97041
1.96758
1.96128
1.95572
1.94919
1.94105
1.93487
1.97727
1.97087
1.96781
1.96176
1.95618
1.94986
1.9421
1.93559
1.97786
1.97179
1.96907
1.96336
1.95812
1.95252
1.94452
1.93981
1.9677
1.97809
1.96326
1.96567
1.95586
1.95303
1.94395
1.9407
1.98612
1.96917
1.97365
1.96379
1.96073
1.95447
1.94658
1.94303
1.97354
1.97357
1.96734
1.96377
1.95769
1.95305
1.9448
1.94169
1.98088
1.9717
1.97069
1.96417
1.95929
1.95378
1.94565
1.94181
1.97662
1.97161
1.96832
1.96278
1.9574
1.95188
1.94376
1.93937
1.97791
1.97096
1.96831
1.96212
1.95665
1.95046
1.94243
1.93644
1.97683
1.97021
1.96721
1.96098
1.95523
1.94896
1.94036
1.93495
1.97657
1.96925
1.96607
1.95876
1.95298
1.94341
1.93683
1.91911
1.97295
1.97718
1.96719
1.96615
1.95914
1.95235
1.94843
1.93175
1.98523
1.9724
1.975
1.96709
1.96424
1.95858
1.95259
1.94816
1.97661
1.97607
1.97107
1.9678
1.96293
1.95851
1.95281
1.94808
1.98296
1.97549
1.97471
1.96952
1.96575
1.96148
1.95542
1.9525
1.97987
1.97623
1.97358
1.96949
1.96543
1.96166
1.95563
1.95355
1.98169
1.97655
1.97466
1.97035
1.96643
1.96279
1.95663
1.95505
1.98106
1.97639
1.97419
1.96997
1.96592
1.96231
1.95612
1.95453
1.98106
1.97637
1.97429
1.97004
1.96608
1.96234
1.95626
1.95423
1.97125
1.98099
1.96823
1.97068
1.96277
1.9607
1.95395
1.95128
1.98679
1.97267
1.97614
1.96793
1.96543
1.95972
1.95437
1.9493
1.97585
1.97554
1.97027
1.96693
1.96193
1.95723
1.95131
1.94646
1.9815
1.97336
1.972
1.96544
1.96152
1.95305
1.94982
1.9328
2.73399
3.01003
3.10166
3.3898
3.4674
3.9707
3.68759
4.99465
2.73315
2.99815
3.09906
3.34427
3.49469
3.79906
3.88337
4.3872
2.7275
2.97233
3.0661
3.27922
3.42923
3.64751
3.77223
4.03891
2.7219
2.9562
3.0479
3.246
3.40017
3.57818
3.75289
3.9011
2.72217
2.93947
3.03099
3.21399
3.36106
3.51571
3.68202
3.7801
2.71373
2.93871
3.02205
3.20668
3.34934
3.50114
3.66689
3.75839
2.71944
2.94073
3.02728
3.21127
3.3549
3.50805
3.67195
3.76872
2.72357
2.95319
3.0416
3.2331
3.38111
3.54576
3.70935
3.83141
2.73296
2.97341
3.06707
3.27176
3.42678
3.61769
3.77852
3.96658
2.74413
3.00191
3.10098
3.32903
3.4844
3.73333
3.84277
4.20054
2.75551
3.03168
3.13441
3.39341
3.5379
3.87687
3.90269
4.53154
2.76414
3.06375
3.16228
3.47838
3.55788
4.12658
3.78354
5.31687
2.28844
2.33948
2.36093
2.42855
2.43108
2.58602
2.45372
2.93756
2.26747
2.32288
2.33164
2.38332
2.39434
2.471
2.43006
2.61263
2.26495
2.31119
2.32773
2.37257
2.39635
2.45273
2.45632
2.56693
2.25202
2.29644
2.30816
2.34464
2.36791
2.39747
2.42214
2.44792
2.24679
2.28784
2.30043
2.33352
2.35903
2.37831
2.41628
2.40647
2.24159
2.28124
2.29256
2.32292
2.34762
2.35977
2.40184
2.37066
2.23997
2.2798
2.29116
2.32154
2.34671
2.35833
2.40245
2.36855
2.2412
2.28167
2.29315
2.32462
2.34959
2.36427
2.40545
2.38147
2.24751
2.28636
2.30141
2.33475
2.36128
2.38455
2.42246
2.42509
2.24859
2.2955
2.30772
2.34797
2.37116
2.41052
2.42838
2.48181
2.25521
2.30407
2.31799
2.36448
2.38595
2.4446
2.44969
2.55619
2.25823
2.31353
2.32567
2.38738
2.39145
2.51168
2.42253
2.76765
2.16923
2.20673
2.22503
2.26911
2.29269
2.37636
2.3621
2.58973
2.16195
2.19204
2.20656
2.23836
2.25956
2.30676
2.31154
2.40615
2.15614
2.18756
2.20329
2.23563
2.26246
2.30652
2.33251
2.4104
2.15077
2.17775
2.19169
2.21841
2.24328
2.27404
2.30543
2.34447
2.1483
2.17267
2.18802
2.21327
2.23986
2.26681
2.30615
2.33065
2.14296
2.16884
2.18246
2.20657
2.23271
2.25575
2.29747
2.31033
2.14294
2.16796
2.18205
2.2062
2.23282
2.25546
2.29922
2.30948
2.14265
2.16874
2.18281
2.20755
2.23444
2.25787
2.30137
2.31331
2.14458
2.17201
2.18669
2.2131
2.24108
2.26739
2.31202
2.33031
2.14687
2.17655
2.19177
2.22054
2.24909
2.27997
2.32078
2.35045
2.14997
2.1818
2.1979
2.22933
2.25982
2.29445
2.34066
2.37194
2.15119
2.18857
2.20528
2.24453
2.27259
2.33252
2.35274
2.47856
2.08251
2.09658
2.10045
2.11556
2.12225
2.15129
2.14455
2.23237
2.08102
2.08787
2.09092
2.09875
2.10246
2.11484
2.1096
2.14058
2.07604
2.08647
2.08905
2.09877
2.10516
2.11848
2.12317
2.15197
2.07469
2.08107
2.08349
2.08989
2.09494
2.10185
2.10757
2.11819
2.07125
2.0788
2.08088
2.08737
2.09327
2.09891
2.10885
2.1132
2.07027
2.07646
2.07852
2.08398
2.08961
2.09309
2.10413
2.10204
2.06897
2.07561
2.0774
2.08295
2.08872
2.09177
2.10413
2.09979
2.0693
2.07543
2.07772
2.083
2.08905
2.09182
2.10448
2.09919
2.06408
2.07961
2.0755
2.08551
2.08966
2.09415
2.10779
2.10285
2.07529
2.07629
2.08299
2.08686
2.09512
2.09832
2.11265
2.10785
2.0691
2.08091
2.08188
2.09008
2.09822
2.10205
2.12224
2.11095
2.07496
2.08289
2.08779
2.09724
2.10612
2.11898
2.13252
2.15553
2.04384
2.05099
2.05492
2.06259
2.06913
2.08228
2.08684
2.12252
2.04217
2.04722
2.05
2.05491
2.05928
2.06576
2.0683
2.0812
2.04058
2.0461
2.04878
2.05437
2.05946
2.06687
2.07278
2.08666
2.03936
2.04356
2.04597
2.05024
2.05455
2.05949
2.06514
2.07211
2.03588
2.04353
2.04348
2.04929
2.05299
2.05797
2.06505
2.06978
2.03909
2.04047
2.04437
2.0472
2.05211
2.05542
2.06321
2.06488
2.03481
2.04122
2.04202
2.04663
2.05082
2.05435
2.06273
2.0633
2.03758
2.04051
2.04324
2.04676
2.05141
2.05446
2.06311
2.06272
2.03595
2.0411
2.04293
2.04714
2.05194
2.05517
2.06481
2.06393
2.03746
2.04185
2.04431
2.04851
2.0537
2.05697
2.06697
2.0654
2.03762
2.04283
2.04527
2.04992
2.05592
2.05881
2.07246
2.06635
2.03833
2.04436
2.04747
2.0535
2.05987
2.0672
2.07827
2.08844
2.023
2.02142
2.0264
2.02729
2.03106
2.03589
2.03715
2.05276
2.01791
2.02204
2.02151
2.02428
2.02551
2.02798
2.02932
2.03364
2.01908
2.02067
2.02192
2.02378
2.02573
2.02827
2.03033
2.03541
2.01801
2.01975
2.0204
2.02201
2.02351
2.02517
2.02733
2.02964
2.0173
2.01914
2.01974
2.0213
2.02284
2.02426
2.02688
2.02809
2.01718
2.01863
2.01928
2.02063
2.02213
2.02318
2.02605
2.02606
2.01677
2.01834
2.01887
2.02022
2.02169
2.02259
2.02572
2.02505
2.01681
2.0183
2.01899
2.02027
2.02187
2.02264
2.02598
2.02478
2.01263
2.02072
2.01667
2.02107
2.02108
2.02268
2.02622
2.02463
2.02076
2.01738
2.02134
2.02083
2.02366
2.02379
2.02816
2.02561
2.01469
2.01984
2.01882
2.02139
2.02333
2.02389
2.03005
2.02513
2.01926
2.0197
2.02173
2.0234
2.02616
2.02822
2.03362
2.03542
2.00939
2.0102
2.01185
2.01244
2.01532
2.01486
2.02091
2.01743
2.00857
2.00996
2.01127
2.012
2.01436
2.01421
2.01848
2.0159
2.0085
2.00942
2.01001
2.01077
2.01214
2.01235
2.01514
2.014
2.00822
2.00913
2.00967
2.0105
2.01164
2.01224
2.01436
2.01436
2.009
2.00823
2.00981
2.00977
2.01113
2.01149
2.0133
2.0134
2.00781
2.00869
2.00904
2.00982
2.01068
2.01131
2.01298
2.01306
2.00732
2.00865
2.00874
2.00961
2.01041
2.01101
2.0127
2.01259
2.0082
2.00848
2.00909
2.00966
2.01056
2.01103
2.01278
2.0124
2.00741
2.00862
2.00883
2.00964
2.01054
2.01103
2.01304
2.01241
2.00805
2.00878
2.00923
2.00997
2.01096
2.01138
2.01353
2.01254
2.00789
2.00893
2.00932
2.01016
2.01132
2.01163
2.01466
2.01252
2.0081
2.0093
2.00984
2.01098
2.01223
2.01344
2.01592
2.01717
2.01052
2.00096
2.0096
2.00576
2.00833
2.01032
2.00549
2.01664
1.99959
2.00565
2.00181
2.00479
2.00379
2.00552
2.00611
2.00805
2.00589
2.00344
2.00535
2.00486
2.00554
2.00603
2.00564
2.00743
2.00256
2.00388
2.00369
2.00428
2.00469
2.00526
2.00605
2.00693
2.00386
2.00369
2.00414
2.00429
2.0047
2.00496
2.00543
2.00574
2.00329
2.00363
2.00385
2.00413
2.00454
2.00484
2.00554
2.00573
2.00337
2.00361
2.00382
2.00407
2.00443
2.00464
2.00532
2.00526
2.00335
2.00363
2.00383
2.0041
2.00447
2.00467
2.00543
2.00523
2.00239
2.00402
2.00335
2.00414
2.00427
2.00457
2.00541
2.00504
2.00399
2.00374
2.00412
2.00437
2.00475
2.00491
2.00585
2.00526
2.00275
2.00396
2.00367
2.00428
2.00465
2.00479
2.00614
2.00501
2.00361
2.00413
2.00419
2.00478
2.00523
2.00567
2.00692
2.00705
2.00154
2.00145
2.00182
2.00176
2.00222
2.00214
2.00281
2.00265
2.00147
2.00143
2.00179
2.00178
2.00225
2.00217
2.00299
2.00261
2.00131
2.00139
2.00156
2.00158
2.00185
2.00177
2.00219
2.0019
2.00137
2.00138
2.00151
2.00159
2.00179
2.00186
2.00226
2.00224
2.00526
1.99909
2.00374
2.00077
2.00265
2.00174
2.0024
2.00211
1.99902
2.0025
2.00021
2.00183
2.00116
2.00169
2.00181
2.0019
2.00147
2.00137
2.00154
2.00165
2.00177
2.00189
2.00213
2.00211
2.00114
2.0016
2.00128
2.00165
2.00159
2.00177
2.00197
2.00196
2.00078
2.00156
2.00122
2.00161
2.00161
2.0018
2.00205
2.00204
2.0013
2.0016
2.00146
2.00175
2.00178
2.00196
2.00217
2.00224
2.00106
2.00155
2.00133
2.00165
2.00166
2.00184
2.00214
2.00204
2.0012
2.00168
2.00159
2.00195
2.00201
2.00247
2.00241
2.00346
2.01275
1.99303
2.00774
1.99797
2.00379
2.00047
2.00239
2.00106
1.99167
2.00399
1.99603
2.00083
1.9988
1.99954
2.00032
1.99912
2.00534
1.99906
2.00279
2.00072
2.00176
2.00106
2.00145
2.00092
1.99776
2.00073
1.99913
2
1.99975
1.99986
2.0002
1.99993
2.00144
2.00035
2.00088
2.00068
2.00079
2.00072
2.00081
2.00065
1.99993
2.00031
2.00013
2.00024
2.00023
2.00026
2.00037
2.00033
2.00048
2.00034
2.00048
2.00046
2.00054
2.00054
2.00062
2.00058
2.00024
2.00037
2.00026
2.00034
2.00033
2.00035
2.00042
2.00039
2.0039
1.99847
2.00237
1.99981
2.00126
2.00048
2.00082
2.00065
1.99899
2.00082
1.99974
2.00042
2.00016
2.00038
2.00039
2.00052
2.00065
2.00028
2.00056
2.00042
2.00053
2.0005
2.00053
2.00052
2.00065
2.00028
2.00053
2.00042
2.00052
2.00056
2.00062
2.00086
2.00109
1.99941
2.00021
1.99964
1.99991
1.99937
1.99975
1.99875
1.99901
1.99958
1.99941
1.99947
1.99964
1.99949
1.99994
1.99959
1.99991
1.99954
1.99985
1.99962
1.9998
1.99955
1.9997
1.99928
1.99944
1.99969
1.9994
1.99953
1.99944
1.99943
1.99952
1.99949
2.0091
1.99434
2.00506
1.99799
2.00194
1.99974
2.00059
2.00001
1.99389
2.00189
1.99677
1.99982
1.99836
1.99914
1.99898
1.99919
2.00361
1.99868
2.0016
1.99994
2.00069
2.00027
2.0003
2.00022
1.99826
1.99971
1.99903
1.99933
1.99924
1.99934
1.99931
1.9995
2.00076
1.99955
2.00022
1.99984
1.99999
1.99993
1.99983
1.99997
1.99968
1.99953
1.99971
1.99958
1.99964
1.9997
1.99953
1.99996
1.99985
1.99963
1.99969
1.99962
1.99953
1.99964
1.99931
1.9998
1.99985
1.99951
1.99985
1.99967
1.99968
1.99993
1.99925
2.00045
1.99669
1.99756
1.99651
1.99638
1.99593
1.99481
1.99508
1.99197
1.99854
1.99734
1.99775
1.99708
1.99714
1.99643
1.99673
1.99549
1.99688
1.99777
1.99684
1.99683
1.99636
1.99577
1.99555
1.99424
1.99838
1.99774
1.99772
1.99739
1.99716
1.99675
1.99653
1.99588
1.99747
1.99783
1.99729
1.99719
1.99679
1.99646
1.99602
1.99553
1.99813
1.99791
1.99769
1.99749
1.99717
1.99692
1.99645
1.99621
1.99779
1.99797
1.99744
1.99738
1.99691
1.99671
1.99614
1.99598
1.9981
1.99792
1.99779
1.99756
1.99728
1.99707
1.99652
1.99647
1.99293
2.00034
1.9948
1.99803
1.99579
1.99659
1.99563
1.99575
2.00201
1.9965
1.9996
1.99736
1.99796
1.99719
1.99671
1.99659
1.99562
1.99833
1.99638
1.99705
1.99623
1.99621
1.99537
1.99561
1.99956
1.99755
1.9982
1.99738
1.99716
1.9966
1.9959
1.99538
1.9947
1.99418
1.99407
1.99323
1.99331
1.99118
1.99262
1.98617
1.99499
1.9948
1.99488
1.99456
1.99492
1.9941
1.99563
1.99318
1.99503
1.99487
1.9946
1.99425
1.99408
1.99318
1.99355
1.99112
1.99553
1.9952
1.9953
1.99507
1.99511
1.9948
1.9951
1.99429
1.99414
1.99617
1.99444
1.99532
1.99454
1.99465
1.9943
1.99405
1.99697
1.99492
1.9962
1.99528
1.99557
1.99535
1.9951
1.99534
1.99431
1.99601
1.99488
1.99536
1.99494
1.99512
1.99462
1.99518
1.99655
1.99555
1.99596
1.99562
1.99553
1.99557
1.99503
1.9957
1.99502
1.99568
1.99521
1.9953
1.995
1.99515
1.99446
1.9953
1.99591
1.9956
1.99557
1.99543
1.99516
1.99531
1.9945
1.99558
1.99532
1.99548
1.99507
1.99506
1.99453
1.99481
1.99344
1.99517
1.99563
1.9953
1.9952
1.9949
1.99445
1.99433
1.99297
1.99356
1.97585
1.96396
1.96309
1.95283
1.94872
1.93346
1.93415
1.896
1.9731
1.96793
1.9647
1.95842
1.95447
1.94556
1.94468
1.92752
1.97533
1.96812
1.96526
1.95824
1.95303
1.94414
1.93887
1.92381
1.97608
1.96983
1.96722
1.96129
1.95651
1.95006
1.94428
1.93612
1.97662
1.97046
1.96769
1.96183
1.95662
1.95065
1.94321
1.93727
1.97736
1.97124
1.96867
1.9631
1.95802
1.95282
1.94503
1.94134
1.97749
1.97147
1.96874
1.96323
1.95794
1.9529
1.94459
1.94158
1.97772
1.9715
1.96903
1.96343
1.95826
1.95326
1.94489
1.94216
1.97259
1.97377
1.96572
1.96349
1.95612
1.95194
1.94277
1.93988
1.98118
1.96938
1.96989
1.96201
1.95737
1.95127
1.94277
1.93882
1.97394
1.97079
1.96572
1.96068
1.95418
1.94862
1.93859
1.93562
1.97827
1.96905
1.96687
1.95917
1.95358
1.94427
1.93731
1.92165
1.9766
1.96974
1.96749
1.96008
1.95714
1.94389
1.94738
1.9118
1.97724
1.97219
1.97044
1.9652
1.96289
1.95544
1.95687
1.94142
1.97813
1.97258
1.97023
1.96472
1.9609
1.95362
1.95073
1.93746
1.97905
1.97413
1.97217
1.96763
1.96418
1.95929
1.95563
1.94923
1.98058
1.97402
1.97318
1.96781
1.96442
1.95974
1.95455
1.95036
1.98041
1.97537
1.97356
1.96925
1.96549
1.96181
1.95611
1.95414
1.97949
1.97586
1.97323
1.96936
1.96531
1.96187
1.95569
1.95444
1.98134
1.97556
1.97405
1.96954
1.96567
1.96212
1.95582
1.95471
1.97969
1.97539
1.97304
1.96876
1.96461
1.96093
1.9543
1.95288
1.98047
1.97494
1.97297
1.96826
1.96405
1.95997
1.95345
1.9513
1.9796
1.97429
1.97188
1.96702
1.96232
1.95803
1.9503
1.94867
1.97965
1.97356
1.97131
1.96547
1.96109
1.95394
1.94872
1.93646
3.47777
3.4958
3.59739
3.67801
3.71177
3.7404
3.73783
3.7165
3.67692
3.59974
3.49394
3.47789
3.86652
4.09921
4.09599
4.20432
4.19958
4.22087
4.21963
4.20178
4.2043
4.0978
4.09951
3.86813
3.70846
4.09142
4.18283
4.31561
4.36191
4.393
4.39242
4.36334
4.31552
4.18384
4.09112
3.70851
3.92414
4.29383
4.39002
4.54182
4.57944
4.61544
4.61519
4.58019
4.54194
4.39082
4.29379
3.92496
3.89467
4.34001
4.46128
4.62506
4.67848
4.71734
4.71722
4.6789
4.6251
4.46159
4.33986
3.89451
3.94495
4.39998
4.52883
4.70191
4.75704
4.79871
4.79865
4.75724
4.70192
4.52901
4.39982
3.9449
3.94174
4.41494
4.54506
4.72607
4.78475
4.82896
4.82892
4.78482
4.72601
4.54507
4.41476
3.94159
3.91366
4.38925
4.51747
4.69892
4.76136
4.8066
4.80656
4.76133
4.69876
4.51731
4.38883
3.91311
3.90482
4.36987
4.46948
4.65945
4.71399
4.76199
4.76195
4.71396
4.65931
4.46946
4.3697
3.90515
3.76824
4.21708
4.30914
4.48404
4.5428
4.58732
4.58726
4.54269
4.48372
4.30883
4.2164
3.76745
3.76762
4.20386
4.21779
4.38634
4.41722
4.45814
4.45809
4.41719
4.38614
4.21775
4.20364
3.76774
3.57438
3.81226
3.78686
3.94156
3.94562
3.98112
3.98104
3.94554
3.94104
3.7867
3.81116
3.5739
2.4036
2.56758
2.44781
2.53546
2.50067
2.51662
2.51616
2.50224
2.53444
2.45122
2.56726
2.40611
2.3127
2.56983
2.54552
2.61131
2.62215
2.63846
2.6381
2.62289
2.61103
2.54708
2.5696
2.31578
2.41163
2.58034
2.60216
2.66541
2.67899
2.69573
2.69561
2.67959
2.66547
2.60351
2.58063
2.41338
2.41707
2.59883
2.63316
2.70262
2.7241
2.74227
2.74223
2.72449
2.70285
2.63411
2.59935
2.41886
2.45742
2.5988
2.65624
2.71694
2.74294
2.75995
2.75995
2.74323
2.71716
2.65687
2.59911
2.45818
2.46546
2.60106
2.66225
2.7231
2.75008
2.76707
2.7671
2.75031
2.72338
2.66281
2.60165
2.46652
2.47258
2.59801
2.66054
2.71791
2.74415
2.76023
2.76026
2.74432
2.71812
2.66091
2.59835
2.47302
2.45337
2.58407
2.64304
2.69857
2.72386
2.73919
2.73922
2.724
2.69878
2.64337
2.58455
2.45398
2.45185
2.58045
2.62296
2.67649
2.69518
2.70941
2.70943
2.69528
2.67665
2.62314
2.58074
2.45194
2.39048
2.53431
2.56979
2.61933
2.63781
2.65131
2.65132
2.63789
2.61947
2.56993
2.53465
2.39079
2.41753
2.557
2.53538
2.577
2.57809
2.58762
2.58761
2.57817
2.57712
2.53543
2.55728
2.41733
2.37054
2.40288
2.38627
2.44178
2.44705
2.46439
2.46432
2.44708
2.44188
2.38612
2.4032
2.37059
2.42512
2.52043
2.41228
2.45534
2.41681
2.42235
2.42207
2.41834
2.45544
2.4145
2.52115
2.42689
2.30812
2.49732
2.48221
2.52919
2.53684
2.54883
2.54861
2.53749
2.52927
2.48315
2.49728
2.30942
2.38888
2.51996
2.5507
2.60744
2.62406
2.64044
2.6404
2.62465
2.60773
2.55167
2.52042
2.39014
2.36689
2.53385
2.58597
2.66209
2.69419
2.71639
2.71637
2.69451
2.66228
2.58652
2.53406
2.36764
2.3957
2.54029
2.61846
2.6973
2.73876
2.76354
2.76355
2.739
2.69748
2.61886
2.5405
2.3962
2.39724
2.5454
2.63158
2.71612
2.76234
2.78914
2.78915
2.76248
2.71625
2.63187
2.54563
2.39773
2.40514
2.54574
2.63423
2.71699
2.76353
2.79005
2.79006
2.7636
2.71705
2.63435
2.5458
2.40521
2.39877
2.53623
2.61898
2.69626
2.73967
2.76433
2.76432
2.73971
2.69629
2.61909
2.53633
2.39899
2.4061
2.53195
2.59612
2.66348
2.69722
2.71816
2.71814
2.69723
2.66345
2.59609
2.53189
2.40588
2.38556
2.49845
2.54597
2.5956
2.62052
2.63615
2.63612
2.62055
2.59552
2.54608
2.49834
2.38574
2.4128
2.5068
2.5013
2.53353
2.53819
2.54684
2.54678
2.53823
2.53338
2.50137
2.50659
2.41292
2.41468
2.4026
2.38495
2.40219
2.3997
2.40637
2.40627
2.39978
2.40191
2.38541
2.402
2.41526
2.16998
2.22224
2.1564
2.17757
2.15454
2.15641
2.15645
2.15481
2.17722
2.15751
2.22342
2.17145
2.08995
2.18938
2.17467
2.19557
2.19691
2.20172
2.20166
2.19705
2.19541
2.17513
2.18923
2.09042
2.13527
2.1942
2.20068
2.22389
2.22779
2.23414
2.23413
2.22798
2.22397
2.20126
2.19463
2.13639
2.11458
2.19123
2.20671
2.23883
2.25043
2.25948
2.25948
2.25057
2.23894
2.20707
2.19146
2.11506
2.12888
2.18836
2.21614
2.248
2.26376
2.27382
2.27383
2.2639
2.24814
2.21649
2.18864
2.12953
2.12767
2.18666
2.21762
2.25136
2.26917
2.27999
2.28
2.26928
2.25147
2.21784
2.18686
2.12794
2.13199
2.18515
2.21726
2.24919
2.26678
2.27717
2.27718
2.26688
2.24931
2.21746
2.18541
2.13234
2.13049
2.18137
2.21111
2.23976
2.25547
2.26467
2.26466
2.25554
2.23981
2.21117
2.18144
2.13042
2.13671
2.18209
2.20401
2.22757
2.23843
2.24562
2.24558
2.23853
2.22763
2.20417
2.18234
2.13701
2.13172
2.17122
2.18697
2.20179
2.20865
2.21333
2.21322
2.20876
2.20171
2.18686
2.1711
2.1311
2.14963
2.18099
2.17295
2.18113
2.17904
2.18102
2.1808
2.1793
2.18112
2.17319
2.18131
2.1501
2.15643
2.13677
2.12843
2.12947
2.12641
2.12835
2.12788
2.12685
2.12919
2.12826
2.13636
2.15584
2.10603
2.12848
2.10006
2.10859
2.09713
2.09752
2.0976
2.09728
2.10829
2.09939
2.12945
2.10595
2.06674
2.11575
2.11086
2.1222
2.1235
2.12623
2.12624
2.12356
2.12214
2.11082
2.11585
2.06606
2.0865
2.11968
2.12697
2.14074
2.14454
2.14843
2.14844
2.14455
2.14069
2.12687
2.11983
2.08676
2.07634
2.11911
2.13201
2.15174
2.16031
2.16618
2.16618
2.16031
2.15172
2.13201
2.1192
2.07627
2.08256
2.11863
2.13827
2.15902
2.17041
2.17723
2.17723
2.17042
2.15902
2.13831
2.11872
2.08282
2.08227
2.11816
2.13991
2.16207
2.17491
2.18235
2.18234
2.17491
2.16205
2.1399
2.11813
2.0822
2.08429
2.11732
2.13968
2.16097
2.17373
2.18097
2.18097
2.17373
2.16096
2.13969
2.11736
2.0844
2.08385
2.11498
2.13569
2.15479
2.16623
2.17266
2.17265
2.16622
2.15474
2.13565
2.11486
2.08368
2.08723
2.11432
2.13037
2.14586
2.1542
2.15922
2.15919
2.15421
2.14581
2.13036
2.11426
2.08723
2.08474
2.10763
2.11917
2.12898
2.1344
2.13761
2.13756
2.13443
2.12885
2.11925
2.10735
2.08473
2.09425
2.11065
2.10885
2.11396
2.11393
2.11528
2.11519
2.11402
2.11378
2.109
2.11039
2.09455
2.09705
2.08614
2.08281
2.08265
2.08149
2.08214
2.08198
2.08167
2.08223
2.08337
2.0853
2.0976
2.04363
2.05299
2.04152
2.0457
2.04184
2.04215
2.04206
2.04171
2.04491
2.04208
2.05373
2.04532
2.02892
2.05036
2.04744
2.05264
2.05299
2.0542
2.05412
2.05301
2.05233
2.04774
2.05003
2.02916
2.03393
2.04943
2.05231
2.0584
2.06018
2.06188
2.06184
2.0602
2.05828
2.05264
2.04954
2.03494
2.03125
2.04926
2.05452
2.06283
2.06637
2.06886
2.06884
2.06641
2.0628
2.05466
2.04931
2.03132
2.03252
2.04816
2.05607
2.06487
2.06963
2.07252
2.0725
2.06966
2.06487
2.05621
2.04819
2.03285
2.03283
2.04772
2.05655
2.06573
2.07102
2.07412
2.0741
2.07103
2.06571
2.05657
2.04769
2.0328
2.03349
2.04708
2.0561
2.06485
2.07003
2.07302
2.073
2.07005
2.06483
2.05612
2.04709
2.03355
2.03362
2.04617
2.05448
2.06214
2.06666
2.06924
2.06921
2.06665
2.06206
2.05438
2.04601
2.03331
2.03519
2.04601
2.05238
2.05845
2.06157
2.06354
2.06348
2.06161
2.0584
2.05239
2.04602
2.03531
2.03492
2.04355
2.04812
2.05156
2.05336
2.05456
2.05443
2.0534
2.05136
2.04789
2.04319
2.03412
2.03923
2.0452
2.044
2.04565
2.04509
2.04565
2.04543
2.04529
2.04556
2.04417
2.04533
2.03979
2.04125
2.03455
2.03338
2.03256
2.03157
2.03211
2.03163
2.03193
2.03209
2.03314
2.03373
2.04047
2.02383
2.02318
2.02499
2.02488
2.02256
2.02305
2.02207
2.02257
2.02256
2.02198
2.02307
2.02198
2.02146
2.02542
2.02573
2.02786
2.02742
2.02837
2.02783
2.02758
2.02705
2.0251
2.02526
2.01884
2.01807
2.02485
2.02757
2.03012
2.03094
2.03174
2.03138
2.03068
2.02916
2.0265
2.02402
2.01712
2.0179
2.02447
2.02819
2.03187
2.03362
2.03483
2.03464
2.03348
2.03143
2.02773
2.02425
2.01716
2.01695
2.02419
2.02851
2.0327
2.03506
2.03643
2.0363
2.03488
2.03229
2.02806
2.02376
2.01649
2.01711
2.02379
2.02853
2.03288
2.03553
2.03702
2.03694
2.0354
2.0326
2.0282
2.02344
2.0166
2.0171
2.02346
2.02811
2.0323
2.0349
2.03633
2.03627
2.03479
2.03208
2.02786
2.02319
2.01683
2.01707
2.02289
2.02714
2.0308
2.03309
2.03433
2.03428
2.03299
2.0306
2.02688
2.02251
2.01651
2.0178
2.02267
2.02598
2.02883
2.03045
2.03138
2.03134
2.0304
2.0287
2.02586
2.02244
2.0177
2.01736
2.02136
2.02372
2.02536
2.02635
2.02689
2.02683
2.02632
2.02516
2.02364
2.02096
2.01713
2.01954
2.02194
2.02162
2.02233
2.0222
2.0224
2.02233
2.02223
2.02218
2.02167
2.02166
2.01973
2.01986
2.01688
2.01646
2.01598
2.01575
2.0158
2.01569
2.01583
2.01561
2.01674
2.0161
2.02009
2.00266
2.00897
2.0083
2.01174
2.01145
2.01203
2.01152
2.01107
2.00961
2.00986
2.00717
2.00933
2.01017
2.01356
2.0119
2.01461
2.01374
2.01442
2.01411
2.01377
2.01342
2.01254
2.01194
2.01155
2.00366
2.01067
2.01072
2.01323
2.01386
2.01443
2.01426
2.01381
2.01265
2.01155
2.00977
2.00689
2.00846
2.01071
2.01248
2.01422
2.01504
2.01563
2.01553
2.01499
2.01395
2.01251
2.01048
2.00844
2.00614
2.0103
2.01175
2.01396
2.01502
2.0157
2.01564
2.01501
2.01378
2.01198
2.00997
2.00692
2.00741
2.01013
2.01212
2.01399
2.01511
2.01577
2.01572
2.01508
2.01384
2.01206
2.0099
2.00731
2.00705
2.00984
2.01171
2.01353
2.0146
2.01522
2.01518
2.01457
2.0134
2.01166
2.00964
2.00701
2.00731
2.00963
2.01136
2.01286
2.01375
2.01427
2.01421
2.0137
2.01269
2.01115
2.00931
2.0068
2.00749
2.00945
2.01078
2.01196
2.01254
2.01295
2.01288
2.01253
2.01181
2.01069
2.00926
2.00736
2.00762
2.00899
2.00992
2.01055
2.01077
2.01108
2.01093
2.01078
2.01025
2.00959
2.00846
2.0066
2.00824
2.00904
2.00888
2.00923
2.00895
2.00926
2.00901
2.00916
2.00909
2.00902
2.00906
2.00883
2.0087
2.00717
2.00693
2.0068
2.00612
2.0067
2.00611
2.00652
2.00612
2.00661
2.0059
2.00777
2.00292
2.00237
2.00272
2.00309
2.00288
2.00343
2.00291
2.00395
2.00262
2.00489
2.00187
2.0056
2.00378
2.00421
2.00399
2.00448
2.0042
2.00454
2.00423
2.00455
2.00414
2.00471
2.00343
2.00548
2.00224
2.00347
2.00385
2.00439
2.00455
2.00487
2.00471
2.00494
2.0043
2.00463
2.00327
2.00361
2.00304
2.00379
2.00442
2.00498
2.00522
2.00548
2.00538
2.00535
2.00482
2.00468
2.00332
2.00352
2.00264
2.00374
2.00437
2.00505
2.00541
2.00567
2.0056
2.00547
2.00491
2.00445
2.00336
2.0027
2.00266
2.00368
2.00446
2.00513
2.00554
2.00578
2.00572
2.0055
2.00492
2.00434
2.00318
2.00238
2.00273
2.00372
2.00441
2.00506
2.00544
2.00565
2.00559
2.00537
2.00482
2.00422
2.00324
2.00239
2.00264
2.00361
2.00425
2.00483
2.00515
2.00533
2.00525
2.00504
2.00452
2.00395
2.00297
2.00197
2.00276
2.00362
2.00407
2.00453
2.00472
2.00486
2.00478
2.00464
2.00424
2.00387
2.00306
2.00256
2.00269
2.00351
2.0037
2.00402
2.00407
2.00415
2.00403
2.00399
2.00357
2.00351
2.00266
2.00221
2.00283
2.00354
2.00329
2.00352
2.00336
2.00346
2.00331
2.0034
2.00317
2.0033
2.0029
2.00313
2.003
2.00317
2.00244
2.00268
2.00234
2.00247
2.00221
2.00244
2.00183
2.00278
2.00142
2.00309
2.00169
2.00043
2.00127
2.00071
2.00092
2.00132
2.00075
2.00179
2.00035
2.00163
1.99982
2.00117
2.00102
2.001
2.00119
2.00141
2.00128
2.00158
2.00128
2.00171
2.00133
2.00186
2.00119
2.00265
2.00087
2.00081
2.00113
2.00107
2.00125
2.00138
2.00124
2.0015
2.00101
2.00129
2.00062
2.00063
2.0009
2.00081
2.00123
2.0013
2.00141
2.00152
2.00146
2.00157
2.00135
2.00156
2.00103
2.00172
2.0007
2.00089
2.00109
2.00121
2.00134
2.00143
2.0014
2.00143
2.00122
2.00118
2.00081
2.00064
2.00071
2.00083
2.00111
2.00123
2.00135
2.00142
2.00141
2.00142
2.00128
2.00126
2.00098
2.00104
2.0007
2.00088
2.00105
2.00117
2.00127
2.00133
2.00132
2.00131
2.00119
2.00109
2.00086
2.00066
2.00066
2.00082
2.001
2.00111
2.00118
2.00124
2.00122
2.00122
2.00113
2.00107
2.00093
2.00081
2.00069
2.00087
2.00093
2.00102
2.00104
2.0011
2.00106
2.00107
2.00101
2.00093
2.00086
2.00057
2.00065
2.00083
2.00085
2.00093
2.00086
2.00095
2.00088
2.00093
2.00089
2.00089
2.00088
2.0008
2.00049
2.00077
2.00066
2.00074
2.00063
2.00077
2.00062
2.00075
2.00068
2.00069
2.00079
2.00039
2.00084
2.00096
2.00059
2.00069
2.00033
2.00066
2.00034
2.00058
2.0005
2.00056
2.00088
2.00087
1.99916
1.99869
1.99912
1.99953
1.99949
1.99962
1.99965
1.99981
1.99942
2.00002
1.99851
1.99979
2.00045
1.99972
1.99957
1.99972
1.99947
1.99956
1.99954
1.99955
1.99965
1.99982
1.99944
2.00104
1.99933
1.99932
1.99923
1.99928
1.99925
1.99928
1.99927
1.99937
1.99926
1.99946
1.99924
1.99952
1.99983
1.99932
1.99939
1.99928
1.99922
1.99922
1.99921
1.99928
1.99928
1.99957
1.99929
2.00023
1.99993
1.99954
1.99935
1.99922
1.99914
1.99911
1.9991
1.99915
1.99917
1.99931
1.99932
1.99957
1.99943
1.99927
1.99926
1.99915
1.9991
1.99907
1.99906
1.99913
1.99917
1.99937
1.99937
1.99982
1.99986
1.99955
1.99935
1.9992
1.99911
1.99907
1.99905
1.99909
1.99914
1.99926
1.99933
1.99951
1.99939
1.99935
1.99924
1.99918
1.99911
1.99909
1.99908
1.99913
1.99918
1.99932
1.99941
1.99967
1.99957
1.99949
1.9993
1.99924
1.99917
1.99915
1.99913
1.99916
1.99918
1.99925
1.99932
1.99935
1.99936
1.99951
1.99927
1.99935
1.99926
1.99928
1.99925
1.99929
1.99929
1.99941
1.99944
1.99963
1.99909
1.99945
1.99926
1.99941
1.99932
1.99938
1.99931
1.99937
1.99927
1.99934
1.99922
1.99927
1.99907
2.00001
1.99936
1.99975
1.99951
1.99964
1.99954
1.99963
1.99953
1.99978
1.9996
1.99959
1.99359
1.9915
1.99402
1.99337
1.9941
1.99459
1.99389
1.99483
1.99284
1.99422
1.99161
1.99363
1.99689
1.99348
1.99379
1.99312
1.99284
1.99294
1.99259
1.99317
1.99292
1.99406
1.99353
1.99718
1.99444
1.9926
1.99235
1.99151
1.99132
1.99121
1.99104
1.99152
1.99139
1.99243
1.99258
1.99434
1.99588
1.99296
1.99232
1.99104
1.99049
1.99019
1.99011
1.99061
1.99103
1.99247
1.99306
1.99613
1.99487
1.99281
1.99167
1.99043
1.98974
1.98936
1.98932
1.98981
1.99043
1.99175
1.99285
1.99497
1.99522
1.99297
1.99169
1.9903
1.98951
1.98906
1.98904
1.98955
1.99033
1.99176
1.99304
1.9953
1.99481
1.99292
1.9916
1.99032
1.98954
1.98911
1.9891
1.98958
1.99036
1.99167
1.99302
1.99495
1.99509
1.99321
1.99193
1.99076
1.99002
1.98964
1.98963
1.99006
1.99077
1.99195
1.99323
1.99504
1.9945
1.99313
1.99215
1.99129
1.99073
1.99047
1.99045
1.99079
1.99132
1.99225
1.99329
1.99474
1.99532
1.9938
1.99301
1.9924
1.99195
1.99183
1.99176
1.99202
1.99236
1.99296
1.99374
1.99497
1.994
1.9934
1.99341
1.99325
1.99309
1.9932
1.99305
1.99327
1.99324
1.99356
1.99362
1.99431
1.99462
1.99531
1.99515
1.99528
1.99492
1.99527
1.99496
1.99523
1.9951
1.99508
1.99513
1.99435
1.99071
1.98644
1.9921
1.99085
1.99256
1.99246
1.99237
1.99272
1.99038
1.99269
1.98609
1.99157
1.99816
1.99056
1.99184
1.99068
1.9905
1.99034
1.99026
1.9906
1.99046
1.992
1.99026
1.9982
1.99317
1.9898
1.99
1.98878
1.98883
1.9885
1.98847
1.98887
1.98867
1.99019
1.98969
1.99361
1.9958
1.99049
1.99022
1.98831
1.98781
1.98733
1.98731
1.98783
1.98826
1.99024
1.99042
1.99574
1.99395
1.99069
1.98949
1.98781
1.98709
1.98657
1.98656
1.98711
1.9878
1.98957
1.99069
1.99413
1.99446
1.991
1.98961
1.98776
1.98688
1.98631
1.9863
1.98689
1.98774
1.98962
1.99096
1.99441
1.99376
1.99102
1.9895
1.98785
1.98699
1.98646
1.98645
1.98701
1.98785
1.98956
1.99105
1.99389
1.99397
1.99132
1.98984
1.98837
1.98759
1.98714
1.98712
1.98761
1.98835
1.98988
1.99126
1.99396
1.99321
1.9911
1.99002
1.98892
1.98841
1.9881
1.98807
1.98845
1.98889
1.9901
1.99109
1.99337
1.99356
1.99176
1.99086
1.9903
1.98996
1.98981
1.98976
1.99003
1.99021
1.99106
1.99163
1.99384
1.99193
1.99093
1.99134
1.9912
1.99133
1.99138
1.99127
1.99145
1.99103
1.99153
1.99068
1.99227
1.99165
1.99387
1.99372
1.99416
1.99411
1.99422
1.99406
1.99433
1.99381
1.99438
1.9934
1.9923
1.91945
1.8997
1.92046
1.91237
1.91949
1.91879
1.91842
1.91973
1.91197
1.92035
1.89985
1.91933
1.94415
1.90943
1.91089
1.90219
1.89996
1.89781
1.89763
1.9001
1.90208
1.91099
1.90946
1.94417
1.92548
1.90323
1.8974
1.88712
1.88392
1.88093
1.88084
1.88396
1.88702
1.89736
1.90321
1.92542
1.93227
1.90229
1.89267
1.87888
1.87265
1.86858
1.86854
1.87269
1.87886
1.89269
1.90232
1.93224
1.92564
1.90101
1.88676
1.87283
1.86507
1.86057
1.86054
1.86509
1.87281
1.88675
1.90101
1.92563
1.92615
1.90076
1.8852
1.87036
1.86176
1.85693
1.85691
1.86178
1.87034
1.88519
1.90075
1.92609
1.92432
1.901
1.88501
1.87079
1.86223
1.85754
1.85752
1.86226
1.87079
1.88505
1.90106
1.92442
1.92544
1.90313
1.88804
1.87499
1.86704
1.8628
1.86274
1.86708
1.87493
1.888
1.90304
1.92525
1.92386
1.90448
1.89234
1.88141
1.87514
1.87171
1.87162
1.87525
1.88138
1.89249
1.90462
1.92424
1.92736
1.91044
1.90095
1.89327
1.88844
1.88611
1.88591
1.8886
1.89306
1.90085
1.91015
1.92676
1.92253
1.9104
1.90928
1.90484
1.90325
1.9023
1.90193
1.90364
1.90468
1.90966
1.91063
1.92331
1.92337
1.92767
1.92774
1.92681
1.92571
1.92583
1.92504
1.92641
1.92618
1.92767
1.92697
1.92273
1.93716
1.91893
1.93912
1.93189
1.93833
1.93759
1.93747
1.93824
1.93118
1.93855
1.91862
1.9369
1.96027
1.92899
1.93183
1.92498
1.92361
1.92207
1.92199
1.92367
1.9248
1.93176
1.92894
1.95968
1.94273
1.92454
1.92151
1.9138
1.91212
1.90997
1.90991
1.91202
1.91354
1.92126
1.92427
1.94251
1.94894
1.92424
1.91843
1.90812
1.90414
1.90128
1.90125
1.90411
1.90803
1.91834
1.9242
1.94874
1.94288
1.92376
1.91403
1.90401
1.8989
1.89579
1.89576
1.89885
1.9039
1.91394
1.92365
1.94281
1.94325
1.92366
1.91297
1.90229
1.89658
1.89325
1.89323
1.89656
1.90223
1.91291
1.92356
1.94309
1.94157
1.92386
1.91268
1.90252
1.89679
1.89357
1.89355
1.89679
1.90248
1.91269
1.92384
1.94168
1.94232
1.9253
1.91466
1.90533
1.9
1.89707
1.89704
1.90001
1.90526
1.91467
1.92514
1.94224
1.94095
1.92591
1.91745
1.90952
1.9054
1.903
1.90296
1.90545
1.90946
1.91756
1.92584
1.94124
1.94343
1.93031
1.92353
1.91802
1.91487
1.91318
1.9131
1.91497
1.91786
1.92382
1.93002
1.9439
1.93931
1.92941
1.92932
1.92601
1.92532
1.92452
1.92437
1.9255
1.92574
1.92963
1.92901
1.93988
1.93946
1.94378
1.94387
1.94308
1.94271
1.94229
1.94201
1.94303
1.94249
1.94483
1.94291
1.94043
)
;

boundaryField
{
    inlet
    {
        type            fixedValue;
        value           uniform 4;
    }
    wall
    {
        type            myTemperature;
        value           nonuniform List<scalar> 
720
(
2.72332
2.69942
2.66717
2.62722
2.58714
2.56019
2.56027
2.58752
2.62755
2.66741
2.69947
2.72324
2.28799
2.29467
2.30303
2.31663
2.33225
2.34403
2.34413
2.33246
2.31673
2.30326
2.29503
2.28832
2.17177
2.17567
2.18077
2.18943
2.19953
2.20716
2.20724
2.19967
2.18955
2.18096
2.17597
2.17207
2.08549
2.0876
2.09022
2.09466
2.09956
2.1033
2.10337
2.09959
2.09458
2.09022
2.08772
2.08568
2.04457
2.04547
2.04674
2.04894
2.05148
2.05342
2.05347
2.05159
2.04888
2.04665
2.04545
2.04457
2.02039
2.02071
2.0213
2.02221
2.02315
2.02391
2.02392
2.02309
2.022
2.02111
2.02065
2.02042
2.00897
2.00896
2.00913
2.00945
2.00989
2.01023
2.01026
2.00993
2.00917
2.00868
2.00849
2.00864
2.00356
2.0034
2.00349
2.0034
2.00349
2.00353
2.00345
2.00332
2.00309
2.00307
2.00309
2.00365
2.00121
2.00126
2.00128
2.00136
2.00143
2.00149
2.00153
2.00142
2.00136
2.00133
2.00132
2.00133
2.00022
2.00019
2.00024
2.00023
2.00026
2.00031
2.00032
2.00033
2.00031
2.0003
2.0003
2.00027
1.99946
1.99945
1.99944
1.99942
1.99942
1.99941
1.99944
1.99944
1.99944
1.9995
1.99951
1.99954
1.99767
1.99763
1.99759
1.99745
1.99728
1.99719
1.99719
1.99731
1.99744
1.99757
1.99764
1.99771
1.99453
1.99438
1.99421
1.99392
1.9936
1.99337
1.99339
1.99361
1.99389
1.99419
1.99436
1.99455
1.97253
1.97177
1.97088
1.96934
1.96756
1.96627
1.96626
1.96756
1.96928
1.97082
1.97175
1.97253
1.97572
1.975
1.97419
1.97283
1.97131
1.97017
1.9702
1.97132
1.97275
1.97407
1.97487
1.97562
2.76413
2.75553
2.74402
2.73274
2.7238
2.7181
2.71604
2.71727
2.72181
2.72735
2.73334
2.73285
2.2583
2.25467
2.24953
2.2447
2.24116
2.24
2.24154
2.24605
2.25288
2.26203
2.27126
2.28146
2.15204
2.14969
2.14673
2.14408
2.14227
2.14186
2.14301
2.1459
2.1501
2.1558
2.16138
2.16802
2.07339
2.07231
2.07101
2.06993
2.06931
2.06939
2.07022
2.07187
2.07414
2.07717
2.08002
2.08358
2.03841
2.03788
2.03727
2.03678
2.03653
2.03662
2.03708
2.03794
2.03908
2.04058
2.04202
2.04374
2.01771
2.01748
2.0172
2.01699
2.01688
2.01693
2.01714
2.01753
2.01805
2.01872
2.01937
2.02009
2.00823
2.00813
2.00799
2.0079
2.00786
2.00786
2.00793
2.00806
2.00825
2.00849
2.00875
2.00897
2.00366
2.00362
2.00356
2.0035
2.00345
2.00342
2.0034
2.00344
2.00352
2.00357
2.00365
2.00364
2.00152
2.00153
2.00147
2.00145
2.00144
2.0014
2.00138
2.00135
2.00134
2.00131
2.00133
2.00121
2.00039
2.00038
2.00036
2.00035
2.00033
2.00033
2.00032
2.00031
2.00029
2.00027
2.00027
2.00025
1.99971
1.99971
1.99971
1.9997
1.99969
1.99968
1.99966
1.99965
1.99963
1.9996
1.9996
1.99954
1.99807
1.9981
1.99812
1.99814
1.99814
1.99812
1.99809
1.99802
1.99796
1.9979
1.99782
1.99773
1.9956
1.99565
1.99572
1.99576
1.99577
1.99574
1.99565
1.99553
1.99536
1.99514
1.99496
1.99468
1.97654
1.97683
1.9772
1.97749
1.97765
1.9776
1.97733
1.97682
1.97615
1.97522
1.97436
1.97322
1.97952
1.97978
1.9801
1.98038
1.98053
1.98047
1.98022
1.97972
1.97908
1.97821
1.97742
1.97636
2.76451
2.75706
2.7465
2.73648
2.72886
2.72491
2.7249
2.72886
2.7365
2.74651
2.75707
2.76453
2.25804
2.25373
2.24796
2.24227
2.23773
2.2353
2.23531
2.23773
2.24226
2.24796
2.25373
2.25805
2.1519
2.1491
2.14575
2.1425
2.13999
2.13864
2.13863
2.14
2.1425
2.14573
2.14908
2.15188
2.07327
2.07181
2.07021
2.06868
2.0675
2.06685
2.06686
2.06747
2.06864
2.07019
2.07179
2.07326
2.03831
2.03754
2.03676
2.03598
2.03542
2.03511
2.03511
2.03543
2.03599
2.03674
2.03755
2.03831
2.01761
2.01724
2.01687
2.01653
2.01627
2.01612
2.01613
2.01627
2.01653
2.01689
2.01726
2.01765
2.00813
2.00796
2.00781
2.00765
2.00754
2.00748
2.00749
2.00756
2.00767
2.00783
2.008
2.00818
2.00351
2.00344
2.00337
2.00333
2.0033
2.00325
2.00328
2.0033
2.00336
2.00343
2.00349
2.00361
2.00135
2.00133
2.00132
2.0013
2.0013
2.00129
2.0013
2.00133
2.00136
2.00137
2.00141
2.00146
2.00037
2.00037
2.00037
2.00039
2.00037
2.00037
2.00038
2.00038
2.00039
2.0004
2.0004
2.0004
1.99971
1.99972
1.99973
1.99973
1.99974
1.99975
1.99975
1.99976
1.99975
1.99972
1.99972
1.99971
1.99809
1.99813
1.99817
1.99823
1.99825
1.99825
1.99826
1.99823
1.99821
1.99816
1.99812
1.99808
1.99563
1.99571
1.99582
1.99591
1.99598
1.99602
1.99602
1.99599
1.99592
1.9958
1.99571
1.99561
1.97657
1.977
1.97746
1.97793
1.97826
1.97842
1.97844
1.97824
1.97792
1.97746
1.977
1.97658
1.97956
1.97994
1.98038
1.98079
1.98112
1.98128
1.98128
1.98113
1.98081
1.98037
1.97995
1.97955
2.73292
2.73335
2.72738
2.72179
2.71726
2.716
2.71807
2.72376
2.73275
2.74402
2.75548
2.76409
2.28172
2.27147
2.26221
2.25303
2.24614
2.24164
2.24009
2.24122
2.24473
2.24956
2.25468
2.2583
2.16821
2.16153
2.15596
2.15025
2.14603
2.14313
2.14195
2.14233
2.1441
2.14674
2.14968
2.15205
2.08373
2.08015
2.07729
2.07425
2.07198
2.07029
2.06944
2.06936
2.06995
2.071
2.0723
2.07337
2.04379
2.0421
2.04065
2.03914
2.03799
2.03711
2.03664
2.03652
2.03676
2.03723
2.03784
2.03838
2.02011
2.01937
2.01871
2.01804
2.01751
2.01711
2.01688
2.01683
2.01692
2.01712
2.01741
2.01763
2.00882
2.00871
2.00843
2.0082
2.00799
2.00785
2.00777
2.00775
2.00781
2.0079
2.00803
2.00815
2.00372
2.00359
2.00352
2.00346
2.00338
2.00334
2.00332
2.00332
2.00335
2.0034
2.00346
2.00351
2.00133
2.00132
2.00129
2.00126
2.00124
2.00124
2.00125
2.00125
2.00128
2.0013
2.00133
2.00136
2.00029
2.00031
2.00029
2.0003
2.00029
2.0003
2.0003
2.0003
2.00031
2.00033
2.00034
2.00035
1.99954
1.9996
1.99961
1.99962
1.99963
1.99967
1.99967
1.99969
1.99969
1.9997
1.9997
1.99971
1.99775
1.99784
1.99791
1.99799
1.99806
1.99811
1.99814
1.99817
1.99816
1.99812
1.99811
1.99808
1.9947
1.99496
1.99515
1.99537
1.99553
1.99567
1.99575
1.99578
1.99577
1.99572
1.99566
1.99561
1.9732
1.97435
1.97521
1.97613
1.97681
1.97733
1.97759
1.97765
1.9775
1.97719
1.97684
1.97652
1.9763
1.97738
1.97818
1.97905
1.9797
1.98019
1.98046
1.98051
1.98038
1.98011
1.97979
1.97953
)
;
    }
    outlet
    {
        type            fixedValue;
        value           uniform 1;
    }
}


// ************************************************************************* //
