/*--------------------------------*- C++ -*----------------------------------*\
| =========                 |                                                 |
| \\      /  F ield         | OpenFOAM: The Open Source CFD Toolbox           |
|  \\    /   O peration     | Version:  2.2.0                                 |
|   \\  /    A nd           | Web:      www.OpenFOAM.org                      |
|    \\/     M anipulation  |                                                 |
\*---------------------------------------------------------------------------*/
FoamFile
{
    version     2.0;
    format      ascii;
    class       volScalarField;
    location    "40";
    object      Theta;
}
// * * * * * * * * * * * * * * * * * * * * * * * * * * * * * * * * * * * * * //

dimensions      [0 2 -2 0 0 0 0];

internalField   nonuniform List<scalar> 
320
(
2.34835
2.06672
1.92022
1.78882
1.65806
1.58229
1.47737
1.40909
2.34836
2.06673
1.92022
1.78882
1.65806
1.58229
1.47737
1.40909
2.34836
2.06672
1.92022
1.78882
1.65806
1.58229
1.47737
1.40909
2.34836
2.06673
1.92022
1.78882
1.65806
1.58229
1.47737
1.40909
2.34836
2.06672
1.92022
1.78882
1.65806
1.58229
1.47737
1.40909
2.34836
2.06672
1.92022
1.78882
1.65806
1.58229
1.47737
1.40909
2.34836
2.06672
1.92022
1.78882
1.65806
1.58229
1.47737
1.40909
2.34836
2.06672
1.92022
1.78882
1.65806
1.58229
1.47737
1.40909
2.34836
2.06672
1.92022
1.78882
1.65806
1.58229
1.47737
1.40909
2.34835
2.06672
1.92022
1.78882
1.65806
1.58229
1.47737
1.40909
2.34835
2.06672
1.92022
1.78882
1.65806
1.58229
1.47737
1.40909
2.34836
2.06672
1.92022
1.78882
1.65806
1.58229
1.47737
1.40909
2.34836
2.06672
1.92022
1.78882
1.65806
1.58229
1.47737
1.40909
2.34836
2.06672
1.92022
1.78882
1.65806
1.58229
1.47737
1.40909
2.34836
2.06672
1.92022
1.78882
1.65806
1.58229
1.47737
1.40909
2.34836
2.06672
1.92022
1.78882
1.65806
1.58229
1.47737
1.40909
2.34836
2.06672
1.92022
1.78882
1.65806
1.58229
1.47737
1.40909
2.34836
2.06672
1.92022
1.78882
1.65806
1.58229
1.47737
1.40909
2.34836
2.06672
1.92022
1.78882
1.65806
1.58229
1.47737
1.40909
2.34835
2.06672
1.92022
1.78882
1.65806
1.58229
1.47737
1.40909
2.34835
2.06672
1.92022
1.78882
1.65806
1.58229
1.47737
1.40909
2.34836
2.06672
1.92022
1.78882
1.65806
1.58229
1.47737
1.40909
2.34836
2.06672
1.92022
1.78882
1.65806
1.58229
1.47737
1.40909
2.34836
2.06672
1.92022
1.78882
1.65806
1.58229
1.47737
1.40909
2.34836
2.06672
1.92022
1.78882
1.65806
1.58229
1.47737
1.40909
2.34836
2.06672
1.92022
1.78882
1.65806
1.58229
1.47737
1.40909
2.34836
2.06672
1.92022
1.78882
1.65806
1.58229
1.47737
1.40909
2.34836
2.06672
1.92022
1.78882
1.65806
1.58229
1.47737
1.40909
2.34836
2.06672
1.92022
1.78882
1.65806
1.58229
1.47737
1.40909
2.34835
2.06672
1.92022
1.78882
1.65806
1.58229
1.47737
1.40909
2.34835
2.06672
1.92022
1.78882
1.65806
1.58229
1.47737
1.40909
2.34836
2.06672
1.92022
1.78882
1.65806
1.58229
1.47737
1.40909
2.34836
2.06672
1.92022
1.78882
1.65806
1.58229
1.47737
1.40909
2.34836
2.06672
1.92022
1.78882
1.65806
1.58229
1.47737
1.40909
2.34836
2.06672
1.92022
1.78882
1.65806
1.58229
1.47737
1.40909
2.34836
2.06673
1.92022
1.78882
1.65806
1.58229
1.47737
1.40909
2.34836
2.06672
1.92022
1.78882
1.65806
1.58229
1.47737
1.40909
2.34836
2.06673
1.92022
1.78882
1.65806
1.58229
1.47737
1.40909
2.34835
2.06672
1.92022
1.78882
1.65806
1.58229
1.47737
1.40909
2.34835
2.06673
1.92022
1.78882
1.65806
1.58229
1.47737
1.40909
)
;

boundaryField
{
    up
    {
        type            myTemperature;
        value           nonuniform List<scalar> 
40
(
1.37547
1.37547
1.37547
1.37547
1.37547
1.37547
1.37547
1.37547
1.37547
1.37547
1.37547
1.37547
1.37547
1.37547
1.37547
1.37547
1.37547
1.37547
1.37547
1.37547
1.37547
1.37547
1.37547
1.37547
1.37547
1.37547
1.37547
1.37547
1.37547
1.37547
1.37547
1.37547
1.37547
1.37547
1.37547
1.37547
1.37547
1.37547
1.37547
1.37547
)
;
    }
    hole
    {
        type            myTemperature;
        value           nonuniform List<scalar> 
40
(
2.49752
2.49752
2.49752
2.49752
2.49752
2.49752
2.49752
2.49752
2.49752
2.49752
2.49752
2.49752
2.49752
2.49752
2.49752
2.49752
2.49752
2.49752
2.49752
2.49752
2.49752
2.49752
2.49752
2.49752
2.49752
2.49752
2.49752
2.49752
2.49752
2.49752
2.49752
2.49752
2.49752
2.49752
2.49752
2.49752
2.49752
2.49752
2.49752
2.49752
)
;
    }
    frontAndBack
    {
        type            empty;
    }
}


// ************************************************************************* //
