/*--------------------------------*- C++ -*----------------------------------*\
| =========                 |                                                 |
| \\      /  F ield         | OpenFOAM: The Open Source CFD Toolbox           |
|  \\    /   O peration     | Version:  2.2.0                                 |
|   \\  /    A nd           | Web:      www.OpenFOAM.org                      |
|    \\/     M anipulation  |                                                 |
\*---------------------------------------------------------------------------*/
FoamFile
{
    version     2.0;
    format      ascii;
    class       volScalarField;
    location    "2.8";
    object      Theta;
}
// * * * * * * * * * * * * * * * * * * * * * * * * * * * * * * * * * * * * * //

dimensions      [0 2 -2 0 0 0 0];

internalField   nonuniform List<scalar> 
1600
(
2.16758
1.9477
1.8941
1.83457
1.7857
1.74341
1.70575
1.67174
1.64065
1.61197
1.58534
1.56047
1.53712
1.51511
1.4943
1.47457
1.45568
1.43877
1.41589
1.41986
2.16761
1.9477
1.8941
1.83457
1.7857
1.74341
1.70575
1.67174
1.64065
1.61197
1.58534
1.56047
1.53712
1.51511
1.4943
1.47457
1.45568
1.43877
1.41589
1.41986
2.16761
1.9477
1.8941
1.83457
1.7857
1.74341
1.70575
1.67174
1.64065
1.61197
1.58534
1.56047
1.53712
1.51511
1.4943
1.47457
1.45568
1.43877
1.41589
1.41986
2.16761
1.94771
1.8941
1.83457
1.7857
1.74341
1.70575
1.67174
1.64065
1.61197
1.58534
1.56047
1.53712
1.51511
1.4943
1.47457
1.45568
1.43877
1.41589
1.41986
2.16761
1.94771
1.89411
1.83457
1.7857
1.74341
1.70575
1.67174
1.64065
1.61197
1.58534
1.56047
1.53712
1.51511
1.4943
1.47457
1.45568
1.43877
1.41589
1.41986
2.1676
1.94771
1.89411
1.83457
1.7857
1.74341
1.70575
1.67174
1.64065
1.61197
1.58534
1.56047
1.53712
1.51511
1.4943
1.47457
1.45568
1.43877
1.41589
1.41986
2.16761
1.94771
1.89411
1.83458
1.7857
1.74342
1.70575
1.67174
1.64065
1.61197
1.58534
1.56047
1.53712
1.51511
1.4943
1.47457
1.45568
1.43877
1.41589
1.41986
2.16761
1.94771
1.89411
1.83458
1.7857
1.74342
1.70575
1.67174
1.64065
1.61197
1.58534
1.56047
1.53712
1.51511
1.4943
1.47457
1.45568
1.43877
1.41589
1.41986
2.16761
1.94771
1.89411
1.83458
1.7857
1.74342
1.70575
1.67174
1.64065
1.61197
1.58534
1.56047
1.53712
1.51511
1.4943
1.47457
1.45568
1.43877
1.41589
1.41986
2.16761
1.94771
1.89411
1.83458
1.7857
1.74342
1.70575
1.67174
1.64065
1.61197
1.58534
1.56047
1.53712
1.51511
1.4943
1.47457
1.45568
1.43877
1.41589
1.41986
2.16761
1.94771
1.89411
1.83458
1.7857
1.74342
1.70575
1.67174
1.64065
1.61197
1.58534
1.56047
1.53712
1.51511
1.4943
1.47457
1.45568
1.43877
1.41589
1.41986
2.16761
1.94771
1.89411
1.83458
1.7857
1.74342
1.70575
1.67174
1.64065
1.61197
1.58534
1.56047
1.53712
1.51511
1.4943
1.47457
1.45568
1.43877
1.41589
1.41986
2.16761
1.94771
1.89411
1.83458
1.7857
1.74341
1.70575
1.67174
1.64065
1.61197
1.58534
1.56047
1.53712
1.51511
1.4943
1.47457
1.45568
1.43877
1.41589
1.41986
2.16761
1.94771
1.89411
1.83458
1.7857
1.74341
1.70575
1.67174
1.64065
1.61197
1.58534
1.56047
1.53712
1.51511
1.4943
1.47457
1.45568
1.43877
1.41589
1.41986
2.16761
1.94771
1.89411
1.83457
1.7857
1.74341
1.70575
1.67174
1.64065
1.61197
1.58534
1.56047
1.53712
1.51511
1.4943
1.47457
1.45568
1.43877
1.41589
1.41986
2.16761
1.94771
1.89411
1.83457
1.7857
1.74341
1.70575
1.67174
1.64065
1.61197
1.58534
1.56047
1.53712
1.51511
1.4943
1.47457
1.45568
1.43877
1.41589
1.41986
2.16761
1.9477
1.8941
1.83457
1.7857
1.74341
1.70575
1.67174
1.64065
1.61197
1.58534
1.56047
1.53712
1.51511
1.4943
1.47457
1.45568
1.43877
1.41589
1.41986
2.16761
1.9477
1.8941
1.83457
1.7857
1.74341
1.70575
1.67174
1.64065
1.61197
1.58534
1.56047
1.53712
1.51511
1.4943
1.47457
1.45568
1.43877
1.41589
1.41986
2.16761
1.9477
1.8941
1.83457
1.7857
1.74341
1.70575
1.67174
1.64064
1.61197
1.58534
1.56047
1.53712
1.51511
1.4943
1.47457
1.45568
1.43877
1.41589
1.41986
2.16757
1.9477
1.8941
1.83457
1.7857
1.74341
1.70575
1.67174
1.64064
1.61197
1.58534
1.56047
1.53712
1.51511
1.4943
1.47457
1.45568
1.43877
1.41589
1.41986
2.16757
1.9477
1.8941
1.83457
1.7857
1.74341
1.70575
1.67174
1.64064
1.61197
1.58534
1.56047
1.53712
1.51511
1.4943
1.47457
1.45568
1.43877
1.41589
1.41986
2.16761
1.9477
1.8941
1.83457
1.7857
1.74341
1.70575
1.67174
1.64064
1.61197
1.58534
1.56047
1.53712
1.51511
1.4943
1.47457
1.45568
1.43877
1.41589
1.41986
2.16761
1.9477
1.8941
1.83457
1.7857
1.74341
1.70575
1.67174
1.64064
1.61197
1.58534
1.56047
1.53712
1.51511
1.4943
1.47457
1.45568
1.43877
1.41589
1.41986
2.16761
1.9477
1.8941
1.83457
1.7857
1.74341
1.70575
1.67174
1.64065
1.61197
1.58534
1.56047
1.53712
1.51511
1.4943
1.47457
1.45568
1.43877
1.41589
1.41986
2.16761
1.94771
1.8941
1.83457
1.7857
1.74341
1.70575
1.67174
1.64065
1.61197
1.58534
1.56047
1.53712
1.51511
1.4943
1.47457
1.45568
1.43877
1.41589
1.41986
2.16761
1.94771
1.89411
1.83457
1.7857
1.74341
1.70575
1.67174
1.64065
1.61197
1.58534
1.56047
1.53712
1.51511
1.4943
1.47457
1.45568
1.43877
1.41589
1.41986
2.16761
1.94771
1.89411
1.83457
1.7857
1.74341
1.70575
1.67174
1.64065
1.61197
1.58534
1.56047
1.53712
1.51511
1.4943
1.47457
1.45568
1.43877
1.41589
1.41986
2.16761
1.94771
1.89411
1.83457
1.7857
1.74341
1.70575
1.67174
1.64065
1.61197
1.58534
1.56047
1.53712
1.51511
1.4943
1.47457
1.45568
1.43877
1.41589
1.41986
2.16761
1.94771
1.89411
1.83458
1.7857
1.74341
1.70575
1.67174
1.64065
1.61197
1.58534
1.56047
1.53712
1.51511
1.4943
1.47457
1.45568
1.43877
1.41589
1.41986
2.16761
1.94771
1.89411
1.83458
1.7857
1.74341
1.70575
1.67174
1.64065
1.61197
1.58534
1.56047
1.53712
1.51511
1.4943
1.47457
1.45568
1.43877
1.41589
1.41986
2.16761
1.94771
1.89411
1.83458
1.7857
1.74341
1.70575
1.67174
1.64065
1.61197
1.58534
1.56047
1.53712
1.51511
1.4943
1.47457
1.45568
1.43877
1.41589
1.41986
2.16761
1.94771
1.89411
1.83458
1.7857
1.74341
1.70575
1.67174
1.64065
1.61197
1.58534
1.56047
1.53712
1.51511
1.4943
1.47457
1.45568
1.43877
1.41589
1.41986
2.16761
1.94771
1.89411
1.83457
1.7857
1.74341
1.70575
1.67174
1.64065
1.61197
1.58534
1.56047
1.53712
1.51511
1.4943
1.47457
1.45568
1.43877
1.41589
1.41986
2.16761
1.94771
1.89411
1.83457
1.7857
1.74341
1.70575
1.67174
1.64065
1.61197
1.58534
1.56047
1.53712
1.51511
1.4943
1.47457
1.45568
1.43877
1.41589
1.41986
2.16761
1.94771
1.89411
1.83457
1.7857
1.74341
1.70575
1.67174
1.64065
1.61197
1.58534
1.56047
1.53712
1.51511
1.4943
1.47457
1.45568
1.43877
1.41589
1.41986
2.16761
1.94771
1.8941
1.83457
1.7857
1.74341
1.70575
1.67174
1.64065
1.61197
1.58534
1.56047
1.53712
1.51511
1.4943
1.47457
1.45568
1.43877
1.41589
1.41986
2.16761
1.9477
1.8941
1.83457
1.7857
1.74341
1.70575
1.67174
1.64065
1.61197
1.58534
1.56047
1.53712
1.51511
1.4943
1.47457
1.45568
1.43877
1.41589
1.41986
2.16761
1.9477
1.8941
1.83457
1.7857
1.74341
1.70575
1.67174
1.64065
1.61197
1.58534
1.56047
1.53712
1.51511
1.4943
1.47457
1.45568
1.43877
1.41589
1.41986
2.16761
1.9477
1.8941
1.83457
1.7857
1.74341
1.70575
1.67174
1.64065
1.61197
1.58534
1.56047
1.53712
1.51511
1.4943
1.47457
1.45568
1.43877
1.41589
1.41986
2.16757
1.9477
1.8941
1.83457
1.7857
1.74341
1.70575
1.67174
1.64065
1.61197
1.58534
1.56047
1.53712
1.51511
1.4943
1.47457
1.45568
1.43877
1.41589
1.41986
2.16757
1.9477
1.8941
1.83457
1.7857
1.74341
1.70575
1.67174
1.64065
1.61197
1.58534
1.56047
1.53712
1.51511
1.4943
1.47457
1.45568
1.43877
1.41589
1.41986
2.16761
1.9477
1.8941
1.83457
1.7857
1.74341
1.70575
1.67174
1.64065
1.61197
1.58534
1.56047
1.53712
1.51511
1.4943
1.47457
1.45568
1.43877
1.41589
1.41986
2.16761
1.9477
1.8941
1.83457
1.7857
1.74341
1.70575
1.67174
1.64065
1.61197
1.58534
1.56047
1.53712
1.51511
1.4943
1.47457
1.45568
1.43877
1.41589
1.41986
2.16761
1.9477
1.8941
1.83457
1.7857
1.74341
1.70575
1.67174
1.64065
1.61197
1.58534
1.56047
1.53712
1.51511
1.4943
1.47457
1.45568
1.43877
1.41589
1.41986
2.16761
1.94771
1.8941
1.83457
1.7857
1.74341
1.70575
1.67174
1.64065
1.61197
1.58534
1.56047
1.53712
1.51511
1.4943
1.47457
1.45568
1.43877
1.41589
1.41986
2.16761
1.94771
1.89411
1.83457
1.7857
1.74341
1.70575
1.67174
1.64065
1.61197
1.58534
1.56047
1.53712
1.51511
1.4943
1.47457
1.45568
1.43877
1.41589
1.41986
2.16761
1.94771
1.89411
1.83457
1.7857
1.74341
1.70575
1.67174
1.64065
1.61197
1.58534
1.56047
1.53712
1.51511
1.4943
1.47457
1.45568
1.43877
1.41589
1.41986
2.16761
1.94771
1.89411
1.83457
1.7857
1.74341
1.70575
1.67174
1.64065
1.61197
1.58534
1.56047
1.53712
1.51511
1.4943
1.47457
1.45568
1.43877
1.41589
1.41986
2.16761
1.94771
1.89411
1.83457
1.7857
1.74341
1.70575
1.67174
1.64065
1.61197
1.58534
1.56047
1.53712
1.51511
1.4943
1.47457
1.45568
1.43877
1.41589
1.41986
2.16761
1.94771
1.89411
1.83457
1.7857
1.74341
1.70575
1.67174
1.64065
1.61197
1.58534
1.56047
1.53712
1.51511
1.4943
1.47457
1.45568
1.43877
1.41589
1.41986
2.16761
1.94771
1.89411
1.83457
1.7857
1.74341
1.70575
1.67174
1.64065
1.61197
1.58534
1.56047
1.53712
1.51511
1.4943
1.47457
1.45568
1.43877
1.41589
1.41986
2.16761
1.94771
1.89411
1.83457
1.7857
1.74341
1.70575
1.67174
1.64065
1.61197
1.58534
1.56047
1.53712
1.51511
1.4943
1.47457
1.45568
1.43877
1.41589
1.41986
2.16761
1.94771
1.89411
1.83457
1.7857
1.74341
1.70575
1.67174
1.64065
1.61197
1.58534
1.56047
1.53712
1.51511
1.4943
1.47457
1.45568
1.43877
1.41589
1.41986
2.1676
1.94771
1.89411
1.83457
1.7857
1.74341
1.70575
1.67174
1.64065
1.61197
1.58534
1.56047
1.53712
1.51511
1.4943
1.47457
1.45568
1.43877
1.41589
1.41986
2.1676
1.94771
1.8941
1.83457
1.7857
1.74341
1.70575
1.67174
1.64065
1.61197
1.58534
1.56047
1.53712
1.51511
1.4943
1.47457
1.45568
1.43877
1.41589
1.41986
2.1676
1.94771
1.8941
1.83457
1.7857
1.74341
1.70575
1.67174
1.64065
1.61197
1.58534
1.56047
1.53712
1.51511
1.4943
1.47457
1.45568
1.43877
1.41589
1.41986
2.16761
1.9477
1.8941
1.83457
1.7857
1.74341
1.70575
1.67174
1.64065
1.61197
1.58534
1.56047
1.53712
1.51511
1.4943
1.47457
1.45568
1.43877
1.41589
1.41986
2.16761
1.9477
1.8941
1.83457
1.7857
1.74341
1.70575
1.67174
1.64065
1.61197
1.58534
1.56047
1.53712
1.51511
1.4943
1.47457
1.45568
1.43877
1.41589
1.41986
2.16761
1.9477
1.8941
1.83457
1.7857
1.74341
1.70575
1.67174
1.64064
1.61197
1.58534
1.56047
1.53712
1.51511
1.4943
1.47457
1.45568
1.43877
1.41589
1.41986
2.16758
1.9477
1.8941
1.83457
1.7857
1.74341
1.70575
1.67174
1.64064
1.61197
1.58534
1.56047
1.53712
1.51511
1.4943
1.47457
1.45568
1.43877
1.41589
1.41986
2.16757
2.16761
2.16761
2.16761
2.1676
2.16761
2.16761
2.16761
2.16761
2.16761
2.16761
2.16761
2.16761
2.16761
2.1676
2.1676
2.16761
2.16761
2.16761
2.16757
1.9477
1.9477
1.9477
1.94771
1.94771
1.94771
1.94771
1.94771
1.94771
1.94771
1.94771
1.94771
1.94771
1.94771
1.94771
1.94771
1.9477
1.9477
1.9477
1.9477
1.8941
1.8941
1.8941
1.8941
1.89411
1.89411
1.89411
1.89411
1.89411
1.89411
1.89411
1.89411
1.89411
1.89411
1.89411
1.8941
1.8941
1.8941
1.8941
1.8941
1.83457
1.83457
1.83457
1.83457
1.83457
1.83457
1.83458
1.83458
1.83458
1.83458
1.83458
1.83458
1.83457
1.83457
1.83457
1.83457
1.83457
1.83457
1.83457
1.83457
1.7857
1.7857
1.7857
1.7857
1.7857
1.7857
1.7857
1.7857
1.7857
1.7857
1.7857
1.7857
1.7857
1.7857
1.7857
1.7857
1.7857
1.7857
1.7857
1.7857
1.74341
1.74341
1.74341
1.74341
1.74341
1.74341
1.74341
1.74341
1.74341
1.74341
1.74341
1.74341
1.74341
1.74341
1.74341
1.74341
1.74341
1.74341
1.74341
1.74341
1.70575
1.70575
1.70575
1.70575
1.70575
1.70575
1.70575
1.70575
1.70575
1.70575
1.70575
1.70575
1.70575
1.70575
1.70575
1.70575
1.70575
1.70575
1.70575
1.70575
1.67174
1.67174
1.67174
1.67174
1.67174
1.67174
1.67174
1.67174
1.67174
1.67174
1.67174
1.67174
1.67174
1.67174
1.67174
1.67174
1.67174
1.67174
1.67174
1.67174
1.64065
1.64065
1.64065
1.64065
1.64065
1.64065
1.64065
1.64065
1.64065
1.64065
1.64065
1.64065
1.64065
1.64065
1.64065
1.64065
1.64065
1.64065
1.64065
1.64065
1.61197
1.61197
1.61197
1.61197
1.61197
1.61197
1.61197
1.61197
1.61197
1.61197
1.61197
1.61197
1.61197
1.61197
1.61197
1.61197
1.61197
1.61197
1.61197
1.61197
1.58534
1.58534
1.58534
1.58534
1.58534
1.58534
1.58534
1.58534
1.58534
1.58534
1.58534
1.58534
1.58534
1.58534
1.58534
1.58534
1.58534
1.58534
1.58534
1.58534
1.56047
1.56047
1.56047
1.56047
1.56047
1.56047
1.56047
1.56047
1.56047
1.56047
1.56047
1.56047
1.56047
1.56047
1.56047
1.56047
1.56047
1.56047
1.56047
1.56047
1.53712
1.53712
1.53712
1.53712
1.53712
1.53712
1.53712
1.53712
1.53712
1.53712
1.53712
1.53712
1.53712
1.53712
1.53712
1.53712
1.53712
1.53712
1.53712
1.53712
1.51511
1.51511
1.51511
1.51511
1.51511
1.51511
1.51511
1.51511
1.51511
1.51511
1.51511
1.51511
1.51511
1.51511
1.51511
1.51511
1.51511
1.51511
1.51511
1.51511
1.4943
1.4943
1.4943
1.4943
1.4943
1.4943
1.4943
1.4943
1.4943
1.4943
1.4943
1.4943
1.4943
1.4943
1.4943
1.4943
1.4943
1.4943
1.4943
1.4943
1.47457
1.47457
1.47457
1.47457
1.47457
1.47457
1.47457
1.47457
1.47457
1.47457
1.47457
1.47457
1.47457
1.47457
1.47457
1.47457
1.47457
1.47457
1.47457
1.47457
1.45568
1.45568
1.45568
1.45568
1.45568
1.45568
1.45568
1.45568
1.45568
1.45568
1.45568
1.45568
1.45568
1.45568
1.45568
1.45568
1.45568
1.45568
1.45568
1.45568
1.43877
1.43877
1.43877
1.43877
1.43877
1.43877
1.43877
1.43877
1.43877
1.43877
1.43877
1.43877
1.43877
1.43877
1.43877
1.43877
1.43877
1.43877
1.43877
1.43877
1.41589
1.41589
1.41589
1.41589
1.41589
1.41589
1.41589
1.41589
1.41589
1.41589
1.41589
1.41589
1.41589
1.41589
1.41589
1.41589
1.41589
1.41589
1.41589
1.41589
1.41986
1.41986
1.41986
1.41986
1.41986
1.41986
1.41986
1.41986
1.41986
1.41986
1.41986
1.41986
1.41986
1.41986
1.41986
1.41986
1.41986
1.41986
1.41986
1.41986
)
;

boundaryField
{
    up
    {
        type            myTemperature;
        value           nonuniform List<scalar> 
80
(
1.39295
1.39295
1.39295
1.39295
1.39295
1.39295
1.39295
1.39295
1.39295
1.39295
1.39295
1.39295
1.39295
1.39295
1.39295
1.39295
1.39295
1.39295
1.39295
1.39295
1.39295
1.39295
1.39295
1.39295
1.39295
1.39295
1.39295
1.39295
1.39295
1.39295
1.39295
1.39295
1.39295
1.39295
1.39295
1.39295
1.39295
1.39295
1.39295
1.39295
1.39295
1.39295
1.39295
1.39295
1.39295
1.39295
1.39295
1.39295
1.39295
1.39295
1.39295
1.39295
1.39295
1.39295
1.39295
1.39295
1.39295
1.39295
1.39295
1.39295
1.39295
1.39295
1.39295
1.39295
1.39295
1.39295
1.39295
1.39295
1.39295
1.39295
1.39295
1.39295
1.39295
1.39295
1.39295
1.39295
1.39295
1.39295
1.39295
1.39295
)
;
    }
    hole
    {
        type            myTemperature;
        value           nonuniform List<scalar> 
80
(
2.02419
2.0242
2.0242
2.02421
2.02421
2.02421
2.02421
2.02421
2.02421
2.02421
2.02421
2.02421
2.02421
2.02421
2.02421
2.02421
2.02421
2.0242
2.0242
2.02419
2.02419
2.0242
2.0242
2.02421
2.02421
2.02421
2.02421
2.02421
2.02421
2.02421
2.02421
2.02421
2.02421
2.02421
2.02421
2.02421
2.0242
2.0242
2.0242
2.02419
2.02419
2.0242
2.0242
2.0242
2.02421
2.02421
2.02421
2.02421
2.02421
2.02421
2.02421
2.02421
2.02421
2.02421
2.02421
2.02421
2.0242
2.0242
2.0242
2.02419
2.02419
2.0242
2.0242
2.02421
2.02421
2.02421
2.02421
2.02421
2.02421
2.02421
2.02421
2.02421
2.02421
2.02421
2.02421
2.02421
2.0242
2.0242
2.0242
2.02419
)
;
    }
    frontAndBack
    {
        type            empty;
    }
}


// ************************************************************************* //
