/*--------------------------------*- C++ -*----------------------------------*\
| =========                 |                                                 |
| \\      /  F ield         | OpenFOAM: The Open Source CFD Toolbox           |
|  \\    /   O peration     | Version:  2.2.0                                 |
|   \\  /    A nd           | Web:      www.OpenFOAM.org                      |
|    \\/     M anipulation  |                                                 |
\*---------------------------------------------------------------------------*/
FoamFile
{
    version     2.0;
    format      ascii;
    class       volScalarField;
    location    "1.8";
    object      Theta;
}
// * * * * * * * * * * * * * * * * * * * * * * * * * * * * * * * * * * * * * //

dimensions      [0 2 -2 0 0 0 0];

internalField   nonuniform List<scalar> 
1600
(
2.10547
1.93994
1.86876
1.81127
1.76203
1.71954
1.68182
1.64784
1.61687
1.5884
1.56205
1.53754
1.51462
1.49311
1.47286
1.45373
1.43563
1.41862
1.39942
1.40225
2.10552
1.93995
1.86877
1.81127
1.76203
1.71954
1.68182
1.64784
1.61687
1.5884
1.56205
1.53754
1.51462
1.49311
1.47286
1.45373
1.43563
1.41862
1.39942
1.40225
2.10552
1.93995
1.86877
1.81127
1.76203
1.71954
1.68182
1.64784
1.61687
1.5884
1.56205
1.53754
1.51462
1.49311
1.47286
1.45373
1.43563
1.41862
1.39942
1.40225
2.10552
1.93995
1.86877
1.81127
1.76203
1.71954
1.68182
1.64784
1.61687
1.5884
1.56205
1.53754
1.51462
1.49311
1.47286
1.45373
1.43563
1.41862
1.39942
1.40225
2.10551
1.93995
1.86877
1.81127
1.76203
1.71954
1.68183
1.64784
1.61687
1.5884
1.56205
1.53754
1.51462
1.49311
1.47286
1.45373
1.43563
1.41862
1.39942
1.40225
2.10551
1.93996
1.86877
1.81127
1.76203
1.71954
1.68183
1.64784
1.61687
1.5884
1.56205
1.53754
1.51462
1.49311
1.47286
1.45373
1.43563
1.41862
1.39942
1.40225
2.10552
1.93996
1.86877
1.81127
1.76203
1.71954
1.68183
1.64784
1.61687
1.5884
1.56205
1.53754
1.51462
1.49311
1.47286
1.45373
1.43563
1.41862
1.39942
1.40225
2.10552
1.93996
1.86877
1.81127
1.76203
1.71955
1.68183
1.64784
1.61687
1.5884
1.56205
1.53754
1.51462
1.49311
1.47286
1.45373
1.43563
1.41862
1.39942
1.40225
2.10552
1.93996
1.86877
1.81127
1.76203
1.71955
1.68183
1.64784
1.61687
1.5884
1.56205
1.53754
1.51462
1.49311
1.47286
1.45373
1.43563
1.41862
1.39942
1.40225
2.10552
1.93996
1.86877
1.81127
1.76203
1.71955
1.68183
1.64784
1.61687
1.5884
1.56205
1.53754
1.51462
1.49311
1.47286
1.45373
1.43563
1.41862
1.39942
1.40225
2.10552
1.93996
1.86877
1.81127
1.76203
1.71955
1.68183
1.64784
1.61687
1.5884
1.56205
1.53754
1.51462
1.49311
1.47286
1.45373
1.43563
1.41862
1.39942
1.40225
2.10552
1.93996
1.86877
1.81127
1.76203
1.71955
1.68183
1.64784
1.61687
1.5884
1.56205
1.53754
1.51462
1.49311
1.47286
1.45373
1.43563
1.41862
1.39942
1.40225
2.10552
1.93996
1.86877
1.81127
1.76203
1.71955
1.68183
1.64784
1.61687
1.5884
1.56205
1.53754
1.51462
1.49311
1.47286
1.45373
1.43563
1.41862
1.39942
1.40225
2.10552
1.93996
1.86877
1.81127
1.76203
1.71954
1.68183
1.64784
1.61687
1.5884
1.56205
1.53754
1.51462
1.49311
1.47286
1.45373
1.43563
1.41862
1.39942
1.40225
2.10552
1.93996
1.86877
1.81127
1.76203
1.71954
1.68183
1.64784
1.61687
1.5884
1.56205
1.53754
1.51462
1.49311
1.47286
1.45373
1.43563
1.41862
1.39942
1.40225
2.10552
1.93995
1.86877
1.81127
1.76203
1.71954
1.68183
1.64784
1.61687
1.5884
1.56205
1.53754
1.51462
1.49311
1.47286
1.45373
1.43563
1.41862
1.39942
1.40225
2.10552
1.93995
1.86877
1.81127
1.76203
1.71954
1.68183
1.64784
1.61687
1.5884
1.56205
1.53754
1.51462
1.49311
1.47286
1.45373
1.43563
1.41862
1.39942
1.40225
2.10552
1.93995
1.86877
1.81127
1.76203
1.71954
1.68182
1.64784
1.61687
1.5884
1.56205
1.53754
1.51462
1.49311
1.47286
1.45373
1.43563
1.41862
1.39942
1.40225
2.10553
1.93995
1.86877
1.81127
1.76203
1.71954
1.68182
1.64784
1.61687
1.5884
1.56205
1.53754
1.51462
1.49311
1.47286
1.45373
1.43563
1.41862
1.39942
1.40225
2.10547
1.93994
1.86876
1.81127
1.76203
1.71954
1.68182
1.64784
1.61687
1.5884
1.56205
1.53754
1.51462
1.49311
1.47286
1.45373
1.43563
1.41862
1.39942
1.40225
2.10547
1.93994
1.86876
1.81127
1.76203
1.71954
1.68182
1.64784
1.61687
1.5884
1.56205
1.53754
1.51462
1.49311
1.47286
1.45373
1.43563
1.41862
1.39942
1.40225
2.10553
1.93995
1.86877
1.81127
1.76203
1.71954
1.68182
1.64784
1.61687
1.5884
1.56205
1.53754
1.51462
1.49311
1.47286
1.45373
1.43563
1.41862
1.39942
1.40225
2.10552
1.93995
1.86877
1.81127
1.76203
1.71954
1.68182
1.64784
1.61687
1.5884
1.56205
1.53754
1.51462
1.49311
1.47286
1.45373
1.43563
1.41862
1.39942
1.40225
2.10552
1.93995
1.86877
1.81127
1.76203
1.71954
1.68183
1.64784
1.61687
1.5884
1.56205
1.53754
1.51462
1.49311
1.47286
1.45373
1.43563
1.41862
1.39942
1.40225
2.10551
1.93995
1.86877
1.81127
1.76203
1.71954
1.68183
1.64784
1.61687
1.5884
1.56205
1.53754
1.51462
1.49311
1.47286
1.45373
1.43563
1.41862
1.39942
1.40225
2.10551
1.93995
1.86877
1.81127
1.76203
1.71954
1.68183
1.64784
1.61687
1.5884
1.56205
1.53754
1.51462
1.49311
1.47286
1.45373
1.43563
1.41862
1.39942
1.40225
2.10551
1.93996
1.86877
1.81127
1.76203
1.71954
1.68183
1.64784
1.61687
1.5884
1.56205
1.53754
1.51462
1.49311
1.47286
1.45373
1.43563
1.41862
1.39942
1.40225
2.10552
1.93996
1.86877
1.81127
1.76203
1.71954
1.68183
1.64784
1.61687
1.5884
1.56205
1.53754
1.51462
1.49311
1.47286
1.45373
1.43563
1.41862
1.39942
1.40225
2.10552
1.93996
1.86877
1.81127
1.76203
1.71955
1.68183
1.64784
1.61687
1.5884
1.56205
1.53754
1.51462
1.49311
1.47286
1.45373
1.43563
1.41862
1.39942
1.40225
2.10552
1.93996
1.86877
1.81127
1.76203
1.71955
1.68183
1.64784
1.61687
1.5884
1.56205
1.53754
1.51462
1.49311
1.47286
1.45373
1.43563
1.41862
1.39942
1.40225
2.10552
1.93996
1.86877
1.81127
1.76203
1.71955
1.68183
1.64784
1.61687
1.5884
1.56205
1.53754
1.51462
1.49311
1.47286
1.45373
1.43563
1.41862
1.39942
1.40225
2.10552
1.93996
1.86877
1.81127
1.76203
1.71954
1.68183
1.64784
1.61687
1.5884
1.56205
1.53754
1.51462
1.49311
1.47286
1.45373
1.43563
1.41862
1.39942
1.40225
2.10552
1.93996
1.86877
1.81127
1.76203
1.71954
1.68183
1.64784
1.61687
1.5884
1.56205
1.53754
1.51462
1.49311
1.47286
1.45373
1.43563
1.41862
1.39942
1.40225
2.10551
1.93995
1.86877
1.81127
1.76203
1.71954
1.68183
1.64784
1.61687
1.5884
1.56205
1.53754
1.51462
1.49311
1.47286
1.45373
1.43563
1.41862
1.39942
1.40225
2.10551
1.93995
1.86877
1.81127
1.76203
1.71954
1.68183
1.64784
1.61687
1.5884
1.56205
1.53754
1.51462
1.49311
1.47286
1.45373
1.43563
1.41862
1.39942
1.40225
2.10551
1.93995
1.86877
1.81127
1.76203
1.71954
1.68183
1.64784
1.61687
1.5884
1.56205
1.53754
1.51462
1.49311
1.47286
1.45373
1.43563
1.41862
1.39942
1.40225
2.10552
1.93995
1.86877
1.81127
1.76203
1.71954
1.68182
1.64784
1.61687
1.5884
1.56205
1.53754
1.51462
1.49311
1.47286
1.45373
1.43563
1.41862
1.39942
1.40225
2.10552
1.93995
1.86877
1.81127
1.76203
1.71954
1.68182
1.64784
1.61687
1.5884
1.56205
1.53754
1.51462
1.49311
1.47286
1.45373
1.43563
1.41862
1.39942
1.40225
2.10552
1.93995
1.86877
1.81127
1.76203
1.71954
1.68182
1.64784
1.61687
1.5884
1.56205
1.53754
1.51462
1.49311
1.47286
1.45373
1.43563
1.41862
1.39942
1.40225
2.10547
1.93994
1.86876
1.81127
1.76203
1.71954
1.68182
1.64784
1.61687
1.5884
1.56205
1.53754
1.51462
1.49311
1.47286
1.45373
1.43563
1.41862
1.39942
1.40225
2.10547
1.93994
1.86876
1.81127
1.76203
1.71954
1.68182
1.64784
1.61687
1.5884
1.56205
1.53754
1.51462
1.49311
1.47286
1.45373
1.43563
1.41862
1.39942
1.40225
2.10552
1.93995
1.86877
1.81127
1.76203
1.71954
1.68182
1.64784
1.61687
1.5884
1.56205
1.53754
1.51462
1.49311
1.47286
1.45373
1.43563
1.41862
1.39942
1.40225
2.10552
1.93995
1.86877
1.81127
1.76203
1.71954
1.68182
1.64784
1.61687
1.5884
1.56205
1.53754
1.51462
1.49311
1.47286
1.45373
1.43563
1.41862
1.39942
1.40225
2.10552
1.93995
1.86877
1.81127
1.76203
1.71954
1.68182
1.64784
1.61687
1.5884
1.56205
1.53754
1.51462
1.49311
1.47286
1.45373
1.43563
1.41862
1.39942
1.40225
2.10551
1.93995
1.86877
1.81127
1.76203
1.71954
1.68182
1.64784
1.61687
1.5884
1.56205
1.53754
1.51462
1.49311
1.47286
1.45373
1.43563
1.41862
1.39942
1.40225
2.10551
1.93995
1.86877
1.81127
1.76203
1.71954
1.68183
1.64784
1.61687
1.5884
1.56205
1.53754
1.51462
1.49311
1.47286
1.45373
1.43563
1.41862
1.39942
1.40225
2.10551
1.93995
1.86877
1.81127
1.76203
1.71954
1.68183
1.64784
1.61687
1.5884
1.56205
1.53754
1.51462
1.49311
1.47286
1.45373
1.43563
1.41862
1.39942
1.40225
2.10552
1.93995
1.86877
1.81127
1.76203
1.71954
1.68183
1.64784
1.61687
1.5884
1.56205
1.53754
1.51462
1.49311
1.47286
1.45373
1.43563
1.41862
1.39942
1.40225
2.10552
1.93995
1.86877
1.81127
1.76203
1.71954
1.68183
1.64784
1.61687
1.5884
1.56205
1.53754
1.51462
1.49311
1.47286
1.45373
1.43563
1.41862
1.39942
1.40225
2.10552
1.93996
1.86877
1.81127
1.76203
1.71954
1.68183
1.64784
1.61687
1.5884
1.56205
1.53754
1.51462
1.49311
1.47286
1.45373
1.43563
1.41862
1.39942
1.40225
2.10552
1.93996
1.86877
1.81127
1.76203
1.71954
1.68183
1.64784
1.61687
1.5884
1.56205
1.53754
1.51462
1.49311
1.47286
1.45373
1.43563
1.41863
1.39942
1.40225
2.10551
1.93996
1.86877
1.81127
1.76203
1.71954
1.68183
1.64784
1.61687
1.5884
1.56205
1.53754
1.51462
1.49311
1.47286
1.45373
1.43563
1.41863
1.39942
1.40225
2.10551
1.93996
1.86877
1.81127
1.76203
1.71954
1.68183
1.64784
1.61687
1.5884
1.56205
1.53754
1.51462
1.49311
1.47286
1.45373
1.43563
1.41863
1.39942
1.40225
2.10551
1.93995
1.86877
1.81127
1.76203
1.71954
1.68183
1.64784
1.61687
1.5884
1.56205
1.53754
1.51462
1.49311
1.47286
1.45373
1.43563
1.41863
1.39942
1.40225
2.10551
1.93995
1.86877
1.81127
1.76203
1.71954
1.68183
1.64784
1.61687
1.5884
1.56205
1.53754
1.51462
1.49311
1.47286
1.45373
1.43563
1.41863
1.39942
1.40225
2.10551
1.93995
1.86877
1.81127
1.76203
1.71954
1.68183
1.64784
1.61687
1.5884
1.56205
1.53754
1.51462
1.49311
1.47286
1.45373
1.43563
1.41863
1.39942
1.40225
2.10552
1.93995
1.86877
1.81127
1.76203
1.71954
1.68183
1.64784
1.61687
1.5884
1.56205
1.53754
1.51462
1.49311
1.47286
1.45373
1.43563
1.41863
1.39942
1.40225
2.10552
1.93995
1.86877
1.81127
1.76203
1.71954
1.68183
1.64784
1.61687
1.5884
1.56205
1.53754
1.51462
1.49311
1.47286
1.45373
1.43563
1.41862
1.39942
1.40225
2.10553
1.93995
1.86877
1.81127
1.76203
1.71954
1.68183
1.64784
1.61687
1.5884
1.56205
1.53754
1.51462
1.49311
1.47286
1.45373
1.43563
1.41862
1.39942
1.40225
2.10547
1.93994
1.86876
1.81127
1.76203
1.71954
1.68182
1.64784
1.61687
1.5884
1.56205
1.53754
1.51462
1.49311
1.47286
1.45373
1.43563
1.41862
1.39942
1.40225
2.10546
2.10552
2.10552
2.10552
2.10551
2.10552
2.10552
2.10552
2.10552
2.10552
2.10552
2.10552
2.10551
2.10551
2.10551
2.10551
2.10552
2.10552
2.10553
2.10546
1.93994
1.93995
1.93995
1.93995
1.93995
1.93995
1.93996
1.93996
1.93996
1.93996
1.93996
1.93996
1.93996
1.93996
1.93995
1.93995
1.93995
1.93995
1.93995
1.93994
1.86876
1.86877
1.86877
1.86877
1.86877
1.86877
1.86877
1.86877
1.86877
1.86877
1.86877
1.86877
1.86877
1.86877
1.86877
1.86877
1.86877
1.86877
1.86877
1.86876
1.81127
1.81127
1.81127
1.81127
1.81127
1.81127
1.81127
1.81127
1.81127
1.81127
1.81127
1.81127
1.81127
1.81127
1.81127
1.81127
1.81127
1.81127
1.81127
1.81127
1.76203
1.76203
1.76203
1.76203
1.76203
1.76203
1.76203
1.76203
1.76203
1.76203
1.76203
1.76203
1.76203
1.76203
1.76203
1.76203
1.76203
1.76203
1.76203
1.76203
1.71954
1.71954
1.71954
1.71954
1.71954
1.71954
1.71954
1.71954
1.71955
1.71955
1.71955
1.71955
1.71955
1.71954
1.71954
1.71954
1.71954
1.71954
1.71954
1.71954
1.68182
1.68182
1.68182
1.68182
1.68182
1.68183
1.68183
1.68183
1.68183
1.68183
1.68183
1.68183
1.68183
1.68183
1.68183
1.68183
1.68183
1.68183
1.68182
1.68182
1.64784
1.64784
1.64784
1.64784
1.64784
1.64784
1.64784
1.64784
1.64784
1.64784
1.64784
1.64784
1.64784
1.64784
1.64784
1.64784
1.64784
1.64784
1.64784
1.64784
1.61687
1.61687
1.61687
1.61687
1.61687
1.61687
1.61687
1.61687
1.61687
1.61687
1.61687
1.61687
1.61687
1.61687
1.61687
1.61687
1.61687
1.61687
1.61687
1.61687
1.5884
1.5884
1.5884
1.5884
1.5884
1.5884
1.5884
1.5884
1.5884
1.5884
1.5884
1.5884
1.5884
1.5884
1.5884
1.5884
1.5884
1.5884
1.5884
1.5884
1.56205
1.56205
1.56205
1.56205
1.56205
1.56205
1.56205
1.56205
1.56205
1.56205
1.56205
1.56205
1.56205
1.56205
1.56205
1.56205
1.56205
1.56205
1.56205
1.56205
1.53754
1.53754
1.53754
1.53754
1.53754
1.53754
1.53754
1.53754
1.53754
1.53754
1.53754
1.53754
1.53754
1.53754
1.53754
1.53754
1.53754
1.53754
1.53754
1.53754
1.51462
1.51462
1.51462
1.51462
1.51462
1.51462
1.51462
1.51462
1.51462
1.51462
1.51462
1.51462
1.51462
1.51462
1.51462
1.51462
1.51462
1.51462
1.51462
1.51462
1.49311
1.49311
1.49311
1.49311
1.49311
1.49311
1.49311
1.49311
1.49311
1.49311
1.49311
1.49311
1.49311
1.49311
1.49311
1.49311
1.49311
1.49311
1.49311
1.49311
1.47286
1.47286
1.47286
1.47286
1.47286
1.47286
1.47286
1.47286
1.47286
1.47286
1.47286
1.47286
1.47286
1.47286
1.47286
1.47286
1.47286
1.47286
1.47286
1.47286
1.45373
1.45373
1.45373
1.45373
1.45373
1.45373
1.45373
1.45373
1.45373
1.45373
1.45373
1.45373
1.45373
1.45373
1.45373
1.45373
1.45373
1.45373
1.45373
1.45373
1.43563
1.43563
1.43563
1.43563
1.43563
1.43563
1.43563
1.43563
1.43563
1.43563
1.43563
1.43563
1.43563
1.43563
1.43563
1.43563
1.43563
1.43563
1.43563
1.43563
1.41862
1.41862
1.41862
1.41862
1.41862
1.41862
1.41862
1.41862
1.41862
1.41862
1.41862
1.41862
1.41862
1.41862
1.41862
1.41862
1.41862
1.41862
1.41862
1.41862
1.39942
1.39942
1.39942
1.39942
1.39942
1.39942
1.39942
1.39942
1.39942
1.39942
1.39942
1.39942
1.39942
1.39942
1.39942
1.39942
1.39942
1.39942
1.39942
1.39942
1.40225
1.40225
1.40225
1.40225
1.40225
1.40225
1.40225
1.40225
1.40225
1.40225
1.40225
1.40225
1.40225
1.40225
1.40225
1.40225
1.40225
1.40225
1.40225
1.40225
)
;

boundaryField
{
    up
    {
        type            myTemperature;
        value           nonuniform List<scalar> 
80
(
1.37149
1.37149
1.37149
1.37149
1.37149
1.37149
1.37149
1.37149
1.37149
1.37149
1.37149
1.37149
1.37149
1.37149
1.37149
1.37149
1.37149
1.37149
1.37149
1.37149
1.37149
1.37149
1.37149
1.37149
1.37149
1.37149
1.37149
1.37149
1.37149
1.37149
1.37149
1.37149
1.37149
1.37149
1.37149
1.37149
1.37149
1.37149
1.37149
1.37149
1.37149
1.37149
1.37149
1.37149
1.37149
1.37149
1.37149
1.37149
1.37149
1.37149
1.37149
1.37149
1.37149
1.37149
1.37149
1.37149
1.37149
1.37149
1.37149
1.37149
1.37149
1.37149
1.37149
1.37149
1.37149
1.37149
1.37149
1.37149
1.37149
1.37149
1.37149
1.37149
1.37149
1.37149
1.37149
1.37149
1.37149
1.37149
1.37149
1.37149
)
;
    }
    hole
    {
        type            myTemperature;
        value           nonuniform List<scalar> 
80
(
1.99487
1.99488
1.99488
1.99488
1.99488
1.99489
1.99489
1.99489
1.99489
1.99489
1.99489
1.99489
1.99489
1.99489
1.99489
1.99488
1.99488
1.99488
1.99488
1.99487
1.99487
1.99488
1.99488
1.99488
1.99488
1.99488
1.99489
1.99489
1.99489
1.99489
1.99489
1.99489
1.99489
1.99488
1.99488
1.99488
1.99488
1.99488
1.99487
1.99487
1.99487
1.99487
1.99488
1.99488
1.99488
1.99488
1.99488
1.99488
1.99488
1.99489
1.99489
1.99488
1.99488
1.99488
1.99488
1.99488
1.99488
1.99488
1.99487
1.99487
1.99487
1.99488
1.99488
1.99488
1.99488
1.99488
1.99489
1.99489
1.99489
1.99489
1.99489
1.99489
1.99489
1.99488
1.99488
1.99488
1.99488
1.99488
1.99487
1.99487
)
;
    }
    frontAndBack
    {
        type            empty;
    }
}


// ************************************************************************* //
