/*--------------------------------*- C++ -*----------------------------------*\
| =========                 |                                                 |
| \\      /  F ield         | foam-extend: Open Source CFD                    |
|  \\    /   O peration     | Version:  3.0                                   |
|   \\  /    A nd           | Web:         http://www.extend-project.de       |
|    \\/     M anipulation  |                                                 |
\*---------------------------------------------------------------------------*/
FoamFile
{
    version     2.0;
    format      ascii;
    class       volVectorField;
    location    "5";
    object      u;
}
// * * * * * * * * * * * * * * * * * * * * * * * * * * * * * * * * * * * * * //

dimensions      [0 0 0 0 0 0 0];

internalField   nonuniform List<vector> 
2000
(
(0.973827 -0.811733 -2.59579e-14)
(0.960271 -0.692905 -1.74034e-14)
(0.997237 -0.597192 -1.13318e-14)
(0.974064 -0.530446 -6.44822e-15)
(1.01743 -0.471127 -2.77661e-15)
(0.982709 -0.430864 -1.23065e-16)
(1.0368 -0.391974 1.72165e-15)
(0.970076 -0.357776 2.86564e-15)
(1.02929 -0.322247 3.23211e-15)
(0.849599 -0.241781 4.76337e-15)
(1.06379 -0.767192 -3.54288e-14)
(1.04811 -0.660346 -2.02353e-14)
(1.06333 -0.571901 -1.18403e-14)
(1.0321 -0.504113 -5.46399e-15)
(1.04738 -0.448599 -9.91369e-16)
(1.00903 -0.410816 1.98024e-15)
(1.02371 -0.367745 3.82124e-15)
(0.968254 -0.358224 4.81181e-15)
(0.989218 -0.306413 5.03863e-15)
(0.906023 -0.318942 6.80548e-15)
(1.22179 -0.742277 -4.83896e-14)
(1.16864 -0.639357 -2.21375e-14)
(1.17654 -0.538976 -1.08317e-14)
(1.1264 -0.483486 -2.81097e-15)
(1.14581 -0.411579 2.38584e-15)
(1.09544 -0.381438 5.55101e-15)
(1.12093 -0.314279 7.29883e-15)
(1.06594 -0.300973 8.0619e-15)
(1.08893 -0.225544 8.06846e-15)
(1.02867 -0.220362 9.63908e-15)
(1.30426 -0.671743 -6.61058e-14)
(1.24875 -0.582563 -2.15808e-14)
(1.23746 -0.494818 -7.14653e-15)
(1.18384 -0.44436 2.43051e-15)
(1.18301 -0.382634 8.04588e-15)
(1.14132 -0.357737 1.10703e-14)
(1.14556 -0.302638 1.24094e-14)
(1.11444 -0.296657 1.26835e-14)
(1.12432 -0.23852 1.22172e-14)
(1.10081 -0.239533 1.32846e-14)
(1.44492 -0.601368 -8.97652e-14)
(1.35573 -0.52252 -1.59786e-14)
(1.33423 -0.427684 1.03807e-15)
(1.2699 -0.389428 1.14852e-14)
(1.26431 -0.318402 1.67856e-14)
(1.21908 -0.300675 1.90123e-14)
(1.22315 -0.234065 1.94184e-14)
(1.1922 -0.230308 1.87788e-14)
(1.20285 -0.165585 1.74977e-14)
(1.18013 -0.169642 1.77129e-14)
(1.51431 -0.511484 -1.20645e-13)
(1.4207 -0.444191 -1.40894e-15)
(1.38428 -0.370056 1.59883e-14)
(1.31842 -0.336277 2.57082e-14)
(1.30009 -0.2822 2.93542e-14)
(1.26174 -0.266671 2.97644e-14)
(1.25409 -0.217803 2.84798e-14)
(1.23721 -0.215513 2.63711e-14)
(1.23826 -0.167463 2.38577e-14)
(1.23436 -0.171559 2.28418e-14)
(1.62337 -0.406698 -1.59491e-13)
(1.50126 -0.355636 2.72822e-14)
(1.45546 -0.281839 4.02086e-14)
(1.381 -0.260588 4.63077e-14)
(1.35672 -0.205758 4.62497e-14)
(1.31489 -0.197768 4.34448e-14)
(1.30408 -0.147078 3.95166e-14)
(1.28609 -0.148335 3.52918e-14)
(1.2838 -0.100764 3.11092e-14)
(1.28114 -0.107642 2.84665e-14)
(1.66903 -0.301999 -2.06693e-13)
(1.54189 -0.261664 7.54127e-14)
(1.48594 -0.214289 7.55683e-14)
(1.41179 -0.196819 7.37692e-14)
(1.37891 -0.162258 6.73346e-14)
(1.34267 -0.155673 5.96615e-14)
(1.32298 -0.125343 5.20636e-14)
(1.31448 -0.125751 4.50672e-14)
(1.30401 -0.0978553 3.88103e-14)
(1.31294 -0.0991866 3.42133e-14)
(1.73448 -0.17511 -2.62332e-13)
(1.58912 -0.155514 1.46054e-13)
(1.52687 -0.115534 1.21974e-13)
(1.44639 -0.11078 1.07086e-13)
(1.40937 -0.0820475 9.13852e-14)
(1.36974 -0.0826057 7.7257e-14)
(1.34746 -0.057064 6.51084e-14)
(1.33622 -0.0616665 5.48612e-14)
(1.32318 -0.0382499 4.62627e-14)
(1.33065 -0.0450013 3.95471e-14)
(1.74781 -0.0620438 -3.2707e-13)
(1.59986 -0.0540888 2.36329e-13)
(1.5338 -0.0433105 1.75704e-13)
(1.4533 -0.0416165 1.42953e-13)
(1.4139 -0.0348669 1.15755e-13)
(1.37554 -0.0361535 9.41712e-14)
(1.35077 -0.0321425 7.70644e-14)
(1.34285 -0.0339443 6.34462e-14)
(1.32539 -0.0329307 5.25164e-14)
(1.33877 -0.0289352 4.37748e-14)
(0.0967643 -0.0810401 -3.27315e-15)
(0.224434 -0.0661756 -4.41523e-15)
(0.348943 -0.0548937 -4.96349e-15)
(0.426027 -0.0512251 -5.15575e-15)
(0.510369 -0.0422153 -5.0995e-15)
(0.5661 -0.0416733 -4.90017e-15)
(0.633037 -0.0351241 -4.6252e-15)
(0.676177 -0.0352549 -4.31648e-15)
(0.729251 -0.0299582 -4.00941e-15)
(0.765101 -0.0321131 -3.71755e-15)
(0.113327 -0.17756 -2.83346e-15)
(0.241612 -0.148939 -2.76439e-15)
(0.361107 -0.132742 -2.48445e-15)
(0.437627 -0.114969 -2.14755e-15)
(0.52016 -0.10547 -1.80814e-15)
(0.574005 -0.0975745 -1.50614e-15)
(0.639938 -0.0895852 -1.22879e-15)
(0.683071 -0.0889022 -1.00123e-15)
(0.73418 -0.0820825 -8.16059e-16)
(0.770526 -0.0885882 -6.85737e-16)
(0.157446 -0.332633 -3.23986e-15)
(0.273055 -0.274277 -3.30077e-15)
(0.389449 -0.238776 -2.98186e-15)
(0.461194 -0.209716 -2.61904e-15)
(0.536613 -0.188154 -2.20071e-15)
(0.591333 -0.173475 -1.8264e-15)
(0.648307 -0.158874 -1.48721e-15)
(0.691449 -0.15408 -1.20456e-15)
(0.736689 -0.142284 -9.64416e-16)
(0.774077 -0.149724 -8.27805e-16)
(0.203685 -0.413926 -3.89826e-15)
(0.319848 -0.34726 -3.95388e-15)
(0.425588 -0.306527 -3.51057e-15)
(0.494423 -0.267348 -3.02171e-15)
(0.566156 -0.244444 -2.48305e-15)
(0.614669 -0.22328 -2.01255e-15)
(0.669999 -0.209421 -1.57307e-15)
(0.711427 -0.200547 -1.21668e-15)
(0.75197 -0.190355 -9.27547e-16)
(0.791602 -0.200061 -7.97032e-16)
(0.28811 -0.54759 -4.82073e-15)
(0.382444 -0.455264 -4.84824e-15)
(0.481446 -0.398254 -4.21211e-15)
(0.538687 -0.347091 -3.51363e-15)
(0.60068 -0.314131 -2.80148e-15)
(0.646259 -0.28565 -2.17611e-15)
(0.68811 -0.265291 -1.61023e-15)
(0.729657 -0.253354 -1.16377e-15)
(0.757615 -0.241166 -7.95277e-16)
(0.802852 -0.250176 -6.88946e-16)
(0.361124 -0.602627 -6.17302e-15)
(0.454429 -0.50856 -5.98779e-15)
(0.540803 -0.447802 -5.0695e-15)
(0.594544 -0.387747 -4.07892e-15)
(0.650605 -0.356231 -3.12582e-15)
(0.688289 -0.317741 -2.27498e-15)
(0.728373 -0.304928 -1.55362e-15)
(0.76149 -0.282409 -9.67331e-16)
(0.788703 -0.280427 -5.07206e-16)
(0.829158 -0.286564 -4.37526e-16)
(0.479484 -0.706893 -8.03298e-15)
(0.544235 -0.593458 -7.50608e-15)
(0.621576 -0.517508 -6.13055e-15)
(0.656401 -0.451508 -4.73822e-15)
(0.704654 -0.406839 -3.42496e-15)
(0.731458 -0.365597 -2.30511e-15)
(0.758556 -0.341539 -1.35181e-15)
(0.789281 -0.317215 -5.89342e-16)
(0.798272 -0.313304 3.88494e-18)
(0.852168 -0.318836 2.04394e-17)
(0.571127 -0.728789 -1.0619e-14)
(0.634148 -0.618453 -9.39288e-15)
(0.69812 -0.542004 -7.34999e-15)
(0.730642 -0.465154 -5.40199e-15)
(0.771953 -0.42474 -3.65116e-15)
(0.792293 -0.367976 -2.16697e-15)
(0.820914 -0.355453 -9.30598e-16)
(0.834175 -0.31192 7.67776e-17)
(0.851705 -0.329878 8.82179e-16)
(0.876624 -0.321422 8.47064e-16)
(0.716132 -0.797695 -1.42333e-14)
(0.744376 -0.674603 -1.17224e-14)
(0.800214 -0.585188 -8.76311e-15)
(0.807726 -0.511025 -6.04512e-15)
(0.847717 -0.45523 -3.73446e-15)
(0.846083 -0.403807 -1.8328e-15)
(0.869982 -0.367774 -2.39735e-16)
(0.868874 -0.329844 1.08578e-15)
(0.868718 -0.318398 2.27551e-15)
(0.914499 -0.324416 2.34288e-15)
(0.814058 -0.785208 -1.91136e-14)
(0.83992 -0.669045 -1.44253e-14)
(0.882888 -0.583846 -1.01393e-14)
(0.887795 -0.497771 -6.47236e-15)
(0.923719 -0.449778 -3.50702e-15)
(0.924329 -0.374286 -1.16461e-15)
(0.959405 -0.354045 7.07227e-16)
(0.958151 -0.266769 2.41413e-15)
(0.986197 -0.298629 4.37503e-15)
(0.973898 -0.180356 6.15257e-15)
(0.81505 -0.00447868 -3.58435e-15)
(0.782653 -0.000823805 -3.54023e-15)
(0.831326 -0.00466807 -3.44877e-15)
(0.800775 0.00146681 -3.32383e-15)
(0.842187 -0.00445285 -3.16575e-15)
(0.82136 0.00183787 -2.9838e-15)
(0.8527 -0.00457058 -2.78824e-15)
(0.838609 0.000918012 -2.58497e-15)
(0.868185 -0.00419665 -2.3845e-15)
(0.850799 -0.000364619 -2.19244e-15)
(0.884407 -0.00310148 -2.01517e-15)
(0.861522 -0.000825872 -1.85637e-15)
(0.892783 -0.00132537 -1.71907e-15)
(0.874514 -0.000162598 -1.60552e-15)
(0.890931 0.00179928 -1.51669e-15)
(0.884044 0.00188452 -1.45317e-15)
(0.886742 0.00469654 -1.41549e-15)
(0.881022 0.00573724 -1.40337e-15)
(0.878094 0.00748907 -1.41652e-15)
(0.856353 0.0122588 -1.45677e-15)
(0.811258 -0.013866 -6.9363e-16)
(0.778431 -0.00572008 -6.22335e-16)
(0.82835 -0.0199146 -5.21369e-16)
(0.797664 -0.0085233 -4.07099e-16)
(0.838702 -0.0215129 -2.94358e-16)
(0.819537 -0.0126307 -1.79405e-16)
(0.849024 -0.0225275 -7.88768e-17)
(0.837999 -0.0147596 1.15613e-17)
(0.864753 -0.0219502 7.84743e-17)
(0.851304 -0.015031 1.3146e-16)
(0.882455 -0.019938 1.635e-16)
(0.862751 -0.0136606 1.77684e-16)
(0.891905 -0.0159496 1.78683e-16)
(0.877365 -0.0112491 1.6439e-16)
(0.891224 -0.00901723 1.39276e-16)
(0.885432 -0.00464016 1.05469e-16)
(0.888435 0.00143499 6.39064e-17)
(0.880616 0.00841524 1.66197e-17)
(0.880209 0.0181694 -3.50574e-17)
(0.85865 0.0307979 -9.23923e-17)
(0.793407 -0.0269995 -9.85392e-16)
(0.767232 -0.0116448 -9.11677e-16)
(0.812839 -0.0331498 -7.68305e-16)
(0.792204 -0.0106298 -6.08118e-16)
(0.828949 -0.0309783 -4.44618e-16)
(0.818264 -0.0123955 -2.83653e-16)
(0.84657 -0.0303247 -1.44948e-16)
(0.839006 -0.0144585 -2.80455e-17)
(0.866371 -0.0286448 6.16622e-17)
(0.85319 -0.0150517 1.2608e-16)
(0.884389 -0.0239201 1.64365e-16)
(0.866142 -0.0126814 1.81178e-16)
(0.892376 -0.0151937 1.81331e-16)
(0.881128 -0.00792235 1.65138e-16)
(0.894329 -0.00242966 1.37191e-16)
(0.89142 0.00173201 9.95382e-17)
(0.895148 0.0133673 5.38572e-17)
(0.891952 0.0183353 2.33999e-18)
(0.888923 0.0351124 -5.37556e-17)
(0.872466 0.0486974 -1.1679e-16)
(0.785131 -0.0364105 -1.22432e-15)
(0.763867 -0.0223771 -1.1167e-15)
(0.80951 -0.0514825 -8.94104e-16)
(0.792223 -0.0267534 -6.49078e-16)
(0.826169 -0.0521577 -4.14689e-16)
(0.81785 -0.0310094 -1.98408e-16)
(0.842317 -0.0504436 -2.28395e-17)
(0.839768 -0.0323599 1.17776e-16)
(0.862488 -0.0447314 2.12073e-16)
(0.857497 -0.0319222 2.70291e-16)
(0.883006 -0.0371029 3.00163e-16)
(0.873494 -0.0281577 3.0401e-16)
(0.892687 -0.0271466 2.86816e-16)
(0.889604 -0.0213952 2.565e-16)
(0.895122 -0.0114608 2.13789e-16)
(0.895356 -0.00724425 1.64135e-16)
(0.895496 0.0101782 1.08424e-16)
(0.89069 0.0188084 4.77752e-17)
(0.889974 0.0410009 -1.56491e-17)
(0.875483 0.0633219 -8.5112e-17)
(0.756219 -0.0550266 -1.50196e-15)
(0.748851 -0.0345919 -1.34293e-15)
(0.788327 -0.0715423 -9.69705e-16)
(0.786444 -0.0365041 -6.06056e-16)
(0.815805 -0.0639334 -2.67852e-16)
(0.821178 -0.0368551 8.16049e-18)
(0.842645 -0.0560381 2.18711e-16)
(0.847624 -0.0356539 3.5723e-16)
(0.866059 -0.0466664 4.41817e-16)
(0.86325 -0.0315718 4.76271e-16)
(0.886429 -0.0355247 4.77344e-16)
(0.877813 -0.0233616 4.53013e-16)
(0.8946 -0.0203449 4.1148e-16)
(0.895226 -0.0120049 3.57988e-16)
(0.901858 -0.00278413 2.97313e-16)
(0.905003 0.00520439 2.31576e-16)
(0.909657 0.0184416 1.63004e-16)
(0.907497 0.0306029 9.27721e-17)
(0.906988 0.0493119 2.18702e-17)
(0.897125 0.0770208 -5.3612e-17)
(0.75294 -0.0695655 -1.8245e-15)
(0.757698 -0.0544638 -1.5067e-15)
(0.793214 -0.0980778 -9.16924e-16)
(0.800445 -0.0643323 -3.57869e-16)
(0.821082 -0.0926674 7.94613e-17)
(0.830188 -0.0647339 4.01083e-16)
(0.844919 -0.0823725 5.98222e-16)
(0.85498 -0.0592149 7.10196e-16)
(0.870317 -0.0690809 7.38473e-16)
(0.872975 -0.051257 7.27668e-16)
(0.89178 -0.0536175 6.81614e-16)
(0.891567 -0.0426695 6.17098e-16)
(0.899561 -0.0361552 5.41121e-16)
(0.903151 -0.0276925 4.60563e-16)
(0.903788 -0.0150984 3.7638e-16)
(0.904398 -0.00468963 2.95382e-16)
(0.904845 0.0142777 2.13384e-16)
(0.901754 0.0281321 1.34166e-16)
(0.90365 0.0529361 5.67422e-17)
(0.897392 0.0820074 -2.30482e-17)
(0.721438 -0.0975092 -2.09467e-15)
(0.753792 -0.0746509 -1.47359e-15)
(0.779028 -0.120643 -5.24156e-16)
(0.804877 -0.081485 2.18473e-16)
(0.824052 -0.105604 7.19414e-16)
(0.844123 -0.0782928 1.00055e-15)
(0.856934 -0.089143 1.11992e-15)
(0.869389 -0.0678203 1.13112e-15)
(0.880599 -0.0718918 1.08127e-15)
(0.884181 -0.0539535 9.90646e-16)
(0.895119 -0.0519962 8.81738e-16)
(0.897931 -0.0380901 7.7022e-16)
(0.905953 -0.0327493 6.56042e-16)
(0.910953 -0.0197695 5.47418e-16)
(0.915648 -0.0112555 4.43772e-16)
(0.920425 0.00160828 3.45466e-16)
(0.923349 0.0174618 2.53721e-16)
(0.922465 0.0310335 1.67226e-16)
(0.922966 0.0548278 8.55557e-17)
(0.918739 0.0848965 3.64805e-18)
(0.738107 -0.113295 -2.13726e-15)
(0.793885 -0.107822 -8.83134e-16)
(0.805319 -0.15173 4.92978e-16)
(0.83542 -0.123122 1.29481e-15)
(0.842366 -0.133061 1.6698e-15)
(0.864722 -0.113612 1.76091e-15)
(0.872773 -0.113786 1.70117e-15)
(0.886097 -0.0950353 1.56423e-15)
(0.896614 -0.0947345 1.39365e-15)
(0.901857 -0.0762722 1.2175e-15)
(0.91098 -0.0739836 1.04691e-15)
(0.91136 -0.0579373 8.86725e-16)
(0.913437 -0.050007 7.4033e-16)
(0.916399 -0.0354481 6.07401e-16)
(0.912889 -0.0228811 4.87256e-16)
(0.91667 -0.00666562 3.78217e-16)
(0.912996 0.0116222 2.79787e-16)
(0.914189 0.0311289 1.88766e-16)
(0.918568 0.0548894 1.05791e-16)
(0.919066 0.0846844 2.45424e-17)
(0.707501 -0.163723 -1.20375e-15)
(0.818427 -0.124681 1.05964e-15)
(0.820646 -0.160854 2.45388e-15)
(0.86668 -0.136202 2.84547e-15)
(0.872226 -0.144253 2.77702e-15)
(0.890364 -0.123266 2.5284e-15)
(0.900639 -0.123541 2.21368e-15)
(0.904093 -0.101906 1.91028e-15)
(0.912789 -0.100075 1.6257e-15)
(0.912887 -0.0797744 1.37321e-15)
(0.917306 -0.0748159 1.15018e-15)
(0.922523 -0.060114 9.5493e-16)
(0.92299 -0.0500425 7.85462e-16)
(0.927876 -0.0367534 6.36155e-16)
(0.929485 -0.0248138 5.06995e-16)
(0.933782 -0.00621242 3.91508e-16)
(0.935459 0.00685993 2.90247e-16)
(0.935424 0.0306896 1.98902e-16)
(0.932983 0.0519692 1.1684e-16)
(0.934436 0.0822007 3.83668e-17)
(0.777843 -0.17735 2.87981e-15)
(0.894784 -0.222663 4.67377e-15)
(0.885373 -0.186583 4.65495e-15)
(0.91328 -0.184954 4.05211e-15)
(0.917853 -0.161819 3.42246e-15)
(0.924455 -0.150299 2.85737e-15)
(0.928718 -0.139174 2.39024e-15)
(0.932031 -0.121067 1.98632e-15)
(0.934005 -0.115877 1.65535e-15)
(0.935751 -0.0958188 1.37235e-15)
(0.931262 -0.0899671 1.13798e-15)
(0.932046 -0.0721567 9.35102e-16)
(0.928809 -0.0624039 7.64511e-16)
(0.927511 -0.0438471 6.17041e-16)
(0.926676 -0.0321934 4.90626e-16)
(0.9259 -0.00973404 3.78767e-16)
(0.924811 0.00270586 2.82184e-16)
(0.931018 0.0277218 1.95702e-16)
(0.929519 0.0480759 1.18276e-16)
(0.93683 0.0794544 4.50591e-17)
(1.08081 -0.065956 6.9854e-15)
(0.982203 -0.222222 4.22319e-15)
(0.997978 -0.206801 3.15547e-15)
(0.964915 -0.183701 2.55115e-15)
(0.972776 -0.178456 2.12903e-15)
(0.960339 -0.150172 1.80155e-15)
(0.965353 -0.145925 1.53301e-15)
(0.953366 -0.124337 1.31079e-15)
(0.954131 -0.119047 1.12197e-15)
(0.949016 -0.100287 9.59975e-16)
(0.942748 -0.093666 8.19209e-16)
(0.943407 -0.0754791 6.96227e-16)
(0.938066 -0.0661954 5.87689e-16)
(0.938021 -0.0478195 4.90617e-16)
(0.937515 -0.0353045 4.0324e-16)
(0.938078 -0.0129448 3.23461e-16)
(0.937059 0.00264665 2.49866e-16)
(0.943993 0.0287636 1.80686e-16)
(0.938948 0.0456669 1.15127e-16)
(0.946081 0.0809749 4.87382e-17)
(1.109 -0.147745 6.59693e-15)
(1.05466 -0.140507 4.54809e-15)
(1.02813 -0.162177 3.42439e-15)
(1.0129 -0.148644 2.70939e-15)
(0.995762 -0.153023 2.21561e-15)
(0.990647 -0.134613 1.84668e-15)
(0.977617 -0.132692 1.55948e-15)
(0.97607 -0.11528 1.32521e-15)
(0.967203 -0.107442 1.13108e-15)
(0.965377 -0.0947527 9.66173e-16)
(0.953444 -0.0838917 8.25237e-16)
(0.952832 -0.070679 7.02114e-16)
(0.94392 -0.0596639 5.93954e-16)
(0.942817 -0.0411435 4.97473e-16)
(0.941139 -0.0297806 4.10706e-16)
(0.941307 -0.00900385 3.31105e-16)
(0.939789 0.00463334 2.57514e-16)
(0.946726 0.0272873 1.88158e-16)
(0.943471 0.0444138 1.22054e-16)
(0.950192 0.0773629 5.47618e-17)
(1.05929 -0.127342 6.2999e-15)
(1.0256 -0.144234 4.72106e-15)
(1.03955 -0.156771 3.70232e-15)
(1.01554 -0.147531 2.96248e-15)
(1.01575 -0.152622 2.41793e-15)
(0.999629 -0.134501 2.00356e-15)
(0.995754 -0.134407 1.67871e-15)
(0.98369 -0.117143 1.41699e-15)
(0.975002 -0.112466 1.20175e-15)
(0.968983 -0.0996179 1.0214e-15)
(0.95986 -0.0891382 8.68164e-16)
(0.957585 -0.0755201 7.3606e-16)
(0.954649 -0.0624437 6.20834e-16)
(0.952112 -0.0456645 5.18984e-16)
(0.951029 -0.0316419 4.27859e-16)
(0.951008 -0.0122303 3.45101e-16)
(0.9487 0.00493886 2.68895e-16)
(0.95739 0.0264366 1.97523e-16)
(0.952172 0.042984 1.29875e-16)
(0.961399 0.0759037 6.13506e-17)
(1.08741 -0.153208 5.84863e-15)
(1.06866 -0.116475 4.59966e-15)
(1.0618 -0.140328 3.73929e-15)
(1.04981 -0.117844 3.05362e-15)
(1.035 -0.130137 2.51697e-15)
(1.02847 -0.112777 2.09351e-15)
(1.00866 -0.11818 1.75486e-15)
(1.00663 -0.101676 1.4796e-15)
(0.988906 -0.0998156 1.25251e-15)
(0.989021 -0.0856624 1.06241e-15)
(0.974325 -0.0772993 9.01274e-16)
(0.973095 -0.064337 7.62897e-16)
(0.964249 -0.0515509 6.42664e-16)
(0.961158 -0.0386156 5.36878e-16)
(0.959171 -0.0234764 4.42626e-16)
(0.959635 -0.00931243 3.57438e-16)
(0.957059 0.00866702 2.79311e-16)
(0.961712 0.0258485 2.06469e-16)
(0.959731 0.0431464 1.37709e-16)
(0.966329 0.0712252 6.83438e-17)
(1.0679 -0.131901 5.40905e-15)
(1.05549 -0.114275 4.37825e-15)
(1.05665 -0.128727 3.65471e-15)
(1.04531 -0.116637 3.0427e-15)
(1.03845 -0.124097 2.5403e-15)
(1.02569 -0.115091 2.12983e-15)
(1.01711 -0.114751 1.79355e-15)
(1.00855 -0.102159 1.51601e-15)
(0.993985 -0.0992745 1.28485e-15)
(0.991201 -0.0849331 1.09034e-15)
(0.977829 -0.0802347 9.25015e-16)
(0.9771 -0.0642566 7.82974e-16)
(0.971378 -0.0554015 6.59621e-16)
(0.968528 -0.0399661 5.51262e-16)
(0.966044 -0.0262504 4.54907e-16)
(0.966281 -0.011151 3.68062e-16)
(0.964192 0.00591858 2.8864e-16)
(0.970799 0.023267 2.14834e-16)
(0.967076 0.040842 1.45401e-16)
(0.977253 0.0662544 7.56226e-17)
(1.0854 -0.131838 4.99965e-15)
(1.08053 -0.105273 4.1257e-15)
(1.06936 -0.118339 3.50926e-15)
(1.06649 -0.100178 2.96887e-15)
(1.04849 -0.109582 2.50974e-15)
(1.04796 -0.0963489 2.12365e-15)
(1.02928 -0.0992525 1.8001e-15)
(1.02706 -0.0877844 1.52853e-15)
(1.00832 -0.0853703 1.29956e-15)
(1.00755 -0.0724469 1.10528e-15)
(0.991866 -0.0677359 9.39192e-16)
(0.992265 -0.0522758 7.95994e-16)
(0.980429 -0.0459289 6.71385e-16)
(0.979814 -0.0313274 5.61839e-16)
(0.975146 -0.0203072 4.64443e-16)
(0.976667 -0.00654221 3.7675e-16)
(0.973865 0.00848421 2.96681e-16)
(0.977848 0.0236142 2.22444e-16)
(0.975458 0.0386374 1.52798e-16)
(0.983821 0.0631244 8.30513e-17)
(1.08002 -0.108015 4.62418e-15)
(1.07341 -0.100866 3.86844e-15)
(1.06674 -0.104217 3.33628e-15)
(1.06115 -0.0968691 2.85908e-15)
(1.05001 -0.100788 2.44384e-15)
(1.04293 -0.0922057 2.08668e-15)
(1.03106 -0.0938032 1.78147e-15)
(1.02589 -0.0826784 1.52117e-15)
(1.01065 -0.0808044 1.2989e-15)
(1.00797 -0.0691763 1.10845e-15)
(0.994944 -0.0662056 9.44436e-16)
(0.993683 -0.0522036 8.0226e-16)
(0.984976 -0.046951 6.7807e-16)
(0.984714 -0.0301403 5.68625e-16)
(0.979344 -0.0209721 4.71188e-16)
(0.981595 -0.00541647 3.83428e-16)
(0.978742 0.00782137 3.03341e-16)
(0.984445 0.0225727 2.29192e-16)
(0.982616 0.0388772 1.59781e-16)
(0.993402 0.0570352 9.04906e-17)
(1.08806 -0.107818 4.27713e-15)
(1.08658 -0.096538 3.61961e-15)
(1.07563 -0.0970087 3.15391e-15)
(1.07388 -0.0889685 2.73088e-15)
(1.05794 -0.0893592 2.35656e-15)
(1.05941 -0.0808515 2.02901e-15)
(1.04233 -0.0811322 1.74454e-15)
(1.04222 -0.0719257 1.49845e-15)
(1.02237 -0.0697356 1.28577e-15)
(1.02094 -0.0598014 1.1017e-15)
(1.00583 -0.0541685 9.41891e-16)
(1.00668 -0.0431503 8.02478e-16)
(0.995844 -0.0363344 6.80102e-16)
(0.997359 -0.02344 5.71866e-16)
(0.989686 -0.0146354 4.75269e-16)
(0.993589 -0.00102202 3.88146e-16)
(0.988198 0.00904371 3.08614e-16)
(0.994598 0.0238156 2.35028e-16)
(0.989207 0.0339699 1.66258e-16)
(0.998411 0.0555282 9.7807e-17)
(1.08636 -0.0872193 3.95942e-15)
(1.08533 -0.0823806 3.38386e-15)
(1.07513 -0.0816654 2.97229e-15)
(1.07083 -0.0789451 2.59536e-15)
(1.06092 -0.0769156 2.25786e-15)
(1.05386 -0.0719219 1.95861e-15)
(1.0421 -0.0719849 1.6953e-15)
(1.03842 -0.065187 1.46469e-15)
(1.02268 -0.0624067 1.26318e-15)
(1.02206 -0.0556833 1.0871e-15)
(1.00864 -0.0487793 9.3298e-16)
(1.00705 -0.0422302 7.97608e-16)
(0.998702 -0.0327393 6.78123e-16)
(0.99893 -0.022226 5.71983e-16)
(0.992815 -0.012228 4.76952e-16)
(0.994932 -0.000389152 3.91061e-16)
(0.991784 0.00999281 3.12571e-16)
(0.997154 0.0225854 2.39954e-16)
(0.996748 0.0328477 1.72173e-16)
(1.00636 0.0500936 1.0488e-16)
(1.08831 -0.0883858 3.66857e-15)
(1.09261 -0.078651 3.16414e-15)
(1.0791 -0.0810354 2.79729e-15)
(1.07949 -0.0732517 2.45969e-15)
(1.06644 -0.0714577 2.15473e-15)
(1.06581 -0.065432 1.88159e-15)
(1.05015 -0.0628653 1.63868e-15)
(1.05217 -0.0570889 1.4237e-15)
(1.0313 -0.0543623 1.23401e-15)
(1.0329 -0.0464683 1.06677e-15)
(1.01642 -0.0421201 9.19222e-16)
(1.01863 -0.032869 7.88739e-16)
(1.0105 -0.0258123 6.72901e-16)
(1.01128 -0.0155712 5.69513e-16)
(1.00374 -0.00734143 4.76603e-16)
(1.0069 0.00264016 3.92405e-16)
(1.00112 0.0115228 3.15344e-16)
(1.00719 0.0223604 2.44019e-16)
(1.00208 0.0310097 1.77499e-16)
(1.00943 0.0452085 1.11608e-16)
(1.08802 -0.0704533 3.4053e-15)
(1.09275 -0.0645862 2.96171e-15)
(1.08018 -0.0651219 2.63249e-15)
(1.08058 -0.0610154 2.32846e-15)
(1.06937 -0.0579563 2.05205e-15)
(1.06309 -0.0560253 1.80248e-15)
(1.0508 -0.0525812 1.5786e-15)
(1.04675 -0.0513921 1.37871e-15)
(1.0324 -0.0463352 1.20079e-15)
(1.03254 -0.0414135 1.04266e-15)
(1.01952 -0.0350417 9.02107e-16)
(1.01964 -0.0278196 7.76985e-16)
(1.01126 -0.0212589 6.6526e-16)
(1.01166 -0.0149801 5.65053e-16)
(1.00433 -0.00630759 4.74644e-16)
(1.00622 -7.02593e-05 3.92467e-16)
(1.00305 0.00967881 3.1711e-16)
(1.00813 0.0171408 2.47308e-16)
(1.00761 0.0261139 1.82239e-16)
(1.01544 0.0384019 1.17912e-16)
(1.09063 -0.0677659 3.16737e-15)
(1.09785 -0.0578242 2.77731e-15)
(1.08217 -0.0640526 2.47993e-15)
(1.08645 -0.0526769 2.20473e-15)
(1.07154 -0.0556135 1.9532e-15)
(1.07129 -0.0476361 1.72464e-15)
(1.05467 -0.0454855 1.51811e-15)
(1.05789 -0.042283 1.33232e-15)
(1.04019 -0.0374725 1.1657e-15)
(1.04242 -0.0331507 1.01653e-15)
(1.02748 -0.0287322 8.83023e-16)
(1.02907 -0.0208518 7.6342e-16)
(1.01918 -0.016566 6.56021e-16)
(1.02129 -0.00869606 5.59221e-16)
(1.01295 -0.00309559 4.71527e-16)
(1.01653 0.00407327 3.91565e-16)
(1.01133 0.0122106 3.18078e-16)
(1.01673 0.0185213 2.49935e-16)
(1.01375 0.0268519 1.86422e-16)
(1.02136 0.0335218 1.23734e-16)
(1.08989 -0.052353 2.95506e-15)
(1.09622 -0.0481692 2.61122e-15)
(1.08481 -0.048722 2.34097e-15)
(1.08863 -0.0425174 2.0905e-15)
(1.07422 -0.0420598 1.86057e-15)
(1.073 -0.0387279 1.65052e-15)
(1.05575 -0.035554 1.45956e-15)
(1.05403 -0.0365007 1.28666e-15)
(1.04036 -0.0300178 1.13057e-15)
(1.03956 -0.0289064 9.89899e-16)
(1.0295 -0.0218489 8.6321e-16)
(1.02885 -0.0169327 7.49041e-16)
(1.01982 -0.0132274 6.45967e-16)
(1.02091 -0.010095 5.5262e-16)
(1.01231 -0.00317733 4.6771e-16)
(1.01625 0.000892411 3.90033e-16)
(1.01179 0.00993922 3.18476e-16)
(1.01723 0.0145301 2.52034e-16)
(1.01507 0.021082 1.90096e-16)
(1.02289 0.0286989 1.29044e-16)
(1.09372 -0.0491247 2.76747e-15)
(1.10126 -0.0374622 2.46361e-15)
(1.08736 -0.0437832 2.21649e-15)
(1.09267 -0.033421 1.98718e-15)
(1.075 -0.0389877 1.77587e-15)
(1.07741 -0.0318662 1.58196e-15)
(1.05634 -0.0321914 1.40476e-15)
(1.0626 -0.0285581 1.24341e-15)
(1.04661 -0.0245681 1.09688e-15)
(1.04898 -0.0226364 9.64066e-16)
(1.03738 -0.0172949 8.43757e-16)
(1.03512 -0.014866 7.34743e-16)
(1.02295 -0.0103501 6.35822e-16)
(1.02779 -0.00736078 5.45825e-16)
(1.01997 -0.000891374 4.63636e-16)
(1.02535 0.00347101 3.88201e-16)
(1.0204 0.0113257 3.18537e-16)
(1.02358 0.0139964 2.53752e-16)
(1.02217 0.0206733 1.93333e-16)
(1.03074 0.0240233 1.33831e-16)
(1.09421 -0.0346657 2.60494e-15)
(1.10133 -0.0300766 2.33468e-15)
(1.0885 -0.0311042 2.1071e-15)
(1.093 -0.0269002 1.89571e-15)
(1.0754 -0.0254792 1.70031e-15)
(1.07934 -0.0243835 1.5203e-15)
(1.05846 -0.0189257 1.35507e-15)
(1.06083 -0.0213848 1.20388e-15)
(1.04517 -0.0147216 1.06587e-15)
(1.04539 -0.0171078 9.4011e-16)
(1.03546 -0.0106496 8.25599e-16)
(1.03359 -0.0104653 7.21315e-16)
(1.02474 -0.00618594 6.26239e-16)
(1.02744 -0.00425518 5.39365e-16)
(1.01991 0.00104527 4.59725e-16)
(1.02502 0.00364044 3.86392e-16)
(1.0187 0.00991558 3.18498e-16)
(1.02324 0.0114404 2.55249e-16)
(1.02076 0.0168061 1.96215e-16)
(1.02905 0.0200264 1.38105e-16)
(1.0957 -0.0316122 2.4661e-15)
(1.10468 -0.021742 2.22429e-15)
(1.09033 -0.0259776 2.01305e-15)
(1.09795 -0.0199633 1.81675e-15)
(1.07716 -0.024951 1.63477e-15)
(1.08351 -0.0212157 1.46657e-15)
(1.05876 -0.0232506 1.31158e-15)
(1.06604 -0.0182613 1.16914e-15)
(1.04989 -0.0180322 1.03853e-15)
(1.0518 -0.0145031 9.1894e-16)
(1.04248 -0.0137758 8.09536e-16)
(1.03775 -0.01136 7.09448e-16)
(1.02704 -0.00849104 6.17799e-16)
(1.03265 -0.0048651 5.33722e-16)
(1.02529 -0.000662901 4.56367e-16)
(1.03151 0.00215391 3.84916e-16)
(1.02542 0.00650405 3.18594e-16)
(1.02801 0.00763836 2.56691e-16)
(1.02763 0.0132634 1.98844e-16)
(1.03635 0.0154856 1.41899e-16)
(1.10048 -0.0152145 2.35159e-15)
(1.10688 -0.0158658 2.13236e-15)
(1.0902 -0.0133988 1.93444e-15)
(1.09379 -0.0149741 1.75055e-15)
(1.07385 -0.0107424 1.57972e-15)
(1.08065 -0.0139177 1.42138e-15)
(1.0609 -0.00739849 1.27498e-15)
(1.06538 -0.00894688 1.13991e-15)
(1.04808 -0.00553475 1.01555e-15)
(1.0486 -0.00581661 9.0121e-16)
(1.03734 -0.00517341 7.96159e-16)
(1.03739 -0.00347847 6.99657e-16)
(1.02955 -0.00141797 6.10944e-16)
(1.0334 0.00308107 5.29262e-16)
(1.02492 0.00271121 4.53862e-16)
(1.0301 0.00422804 3.84011e-16)
(1.02208 0.00595483 3.19008e-16)
(1.02813 0.00584976 2.58207e-16)
(1.02637 0.0125672 2.01292e-16)
(1.03481 0.0111436 1.4522e-16)
(1.10001 -0.0164984 2.26854e-15)
(1.10651 -0.0159308 2.06572e-15)
(1.09128 -0.0148786 1.87756e-15)
(1.10046 -0.0146315 1.70299e-15)
(1.07799 -0.0146356 1.54062e-15)
(1.08654 -0.0145483 1.38977e-15)
(1.0633 -0.0139061 1.24987e-15)
(1.06736 -0.0114428 1.12038e-15)
(1.05233 -0.0109759 1.00072e-15)
(1.05132 -0.00831166 8.90301e-16)
(1.04382 -0.00964257 7.88487e-16)
(1.04035 -0.00601959 6.94632e-16)
(1.03231 -0.0059173 6.0807e-16)
(1.03536 -0.000470334 5.28129e-16)
(1.02493 -0.00269835 4.54135e-16)
(1.03321 0.00138466 3.85421e-16)
(1.02552 0.000431329 3.21339e-16)
(1.03334 0.00522705 2.61279e-16)
(1.03142 0.00720158 2.04949e-16)
(1.03916 0.0100431 1.49364e-16)
(1.10525 0.00112046 2.00867e-15)
(1.10856 -0.00394107 1.83464e-15)
(1.09167 0.00244627 1.67293e-15)
(1.09397 -0.00304616 1.52356e-15)
(1.07379 -1.62192e-05 1.38396e-15)
(1.08114 -0.00401622 1.25339e-15)
(1.06368 -0.00170472 1.13142e-15)
(1.0679 -0.00122049 1.01767e-15)
(1.0507 -0.000368419 9.11735e-16)
(1.04932 -0.000331303 8.13203e-16)
(1.03891 -0.00106264 7.21616e-16)
(1.0403 -0.00152542 6.36488e-16)
(1.03418 0.000752749 5.57308e-16)
(1.03563 0.00247585 4.83543e-16)
(1.02573 0.0018171 4.14643e-16)
(1.03218 0.0029612 3.50046e-16)
(1.02489 0.00276218 2.89181e-16)
(1.034 0.00460221 2.31491e-16)
(1.03022 0.00712559 1.76693e-16)
(1.03654 0.00601114 1.21793e-16)
(1.10605 -0.00955823 7.29934e-15)
(1.10785 -0.00918685 6.58777e-15)
(1.09228 -0.0108193 5.92245e-15)
(1.09789 -0.00878505 5.31333e-15)
(1.07684 -0.00748536 4.7573e-15)
(1.0846 -0.00637852 4.2516e-15)
(1.0658 -0.00449335 3.7934e-15)
(1.06834 -0.00483153 3.37985e-15)
(1.05282 -0.00424992 3.00808e-15)
(1.05017 -0.0031099 2.67528e-15)
(1.04211 -0.00370924 2.3787e-15)
(1.04159 -0.000419232 2.11567e-15)
(1.03568 -0.00275642 1.88367e-15)
(1.03575 0.000777722 1.68033e-15)
(1.02471 -0.00301967 1.50349e-15)
(1.03345 -0.00045276 1.35116e-15)
(1.02648 -0.00220737 1.22157e-15)
(1.0371 0.000730265 1.11317e-15)
(1.03225 0.000516263 1.02488e-15)
(1.03749 0.00233472 9.52744e-16)
(1.33923 -0.032206 3.93768e-14)
(1.34079 -0.0277102 3.84198e-14)
(1.34048 -0.0778319 3.65842e-14)
(1.32473 -0.0753061 3.41173e-14)
(1.31047 -0.146259 3.12793e-14)
(1.28481 -0.147669 2.82845e-14)
(1.24989 -0.242932 2.5358e-14)
(1.20144 -0.229185 2.26677e-14)
(1.15707 -0.343481 2.03235e-14)
(1.0203 -0.284754 1.72481e-14)
(1.25543 -0.0235946 3.59596e-14)
(1.25274 -0.023564 3.53923e-14)
(1.2622 -0.0731676 3.40049e-14)
(1.2449 -0.0715822 3.20086e-14)
(1.24408 -0.145463 2.9604e-14)
(1.20592 -0.139281 2.69898e-14)
(1.19698 -0.235921 2.43084e-14)
(1.11863 -0.206245 2.15932e-14)
(1.13257 -0.312737 1.85737e-14)
(0.998233 -0.305981 1.36971e-14)
(1.26828 -0.0286462 3.25469e-14)
(1.26576 -0.0191164 3.20438e-14)
(1.27749 -0.0533864 3.07635e-14)
(1.25265 -0.0419338 2.89035e-14)
(1.25747 -0.0964695 2.66484e-14)
(1.21443 -0.0858469 2.41497e-14)
(1.21512 -0.158161 2.15095e-14)
(1.12803 -0.143199 1.86727e-14)
(1.14826 -0.212876 1.54076e-14)
(1.01856 -0.265178 1.11052e-14)
(1.19673 -0.0190092 2.93387e-14)
(1.19123 -0.0115475 2.89225e-14)
(1.21236 -0.0524063 2.77606e-14)
(1.18954 -0.0439763 2.6047e-14)
(1.20708 -0.100938 2.39318e-14)
(1.1611 -0.0911722 2.15556e-14)
(1.18639 -0.15951 1.89807e-14)
(1.10391 -0.151513 1.61989e-14)
(1.15058 -0.210601 1.31616e-14)
(1.05441 -0.265957 9.73513e-15)
(1.20836 -0.0255119 2.63369e-14)
(1.20065 -0.0112902 2.59998e-14)
(1.22073 -0.036276 2.49593e-14)
(1.18954 -0.0229645 2.33854e-14)
(1.21045 -0.0603966 2.1417e-14)
(1.16177 -0.0543886 1.91771e-14)
(1.18874 -0.0975329 1.67332e-14)
(1.10966 -0.11265 1.41433e-14)
(1.13982 -0.147277 1.14927e-14)
(1.061 -0.232855 8.73511e-15)
(1.15013 -0.0177524 2.35445e-14)
(1.14183 -0.00999016 2.32898e-14)
(1.17036 -0.0374941 2.23666e-14)
(1.14414 -0.0319152 2.09304e-14)
(1.17375 -0.0641631 1.9109e-14)
(1.12923 -0.066954 1.70305e-14)
(1.16846 -0.097594 1.47825e-14)
(1.10405 -0.12027 1.24408e-14)
(1.14289 -0.142055 1.01775e-14)
(1.08328 -0.217493 7.88353e-15)
(1.16003 -0.0187497 2.09644e-14)
(1.14941 -0.00394633 2.0784e-14)
(1.17404 -0.0204541 1.99785e-14)
(1.14303 -0.0140936 1.86751e-14)
(1.17086 -0.0326486 1.70176e-14)
(1.12894 -0.0418398 1.511e-14)
(1.16296 -0.056149 1.30721e-14)
(1.1085 -0.0937863 1.10062e-14)
(1.13047 -0.102072 9.05531e-15)
(1.08618 -0.186862 7.1392e-15)
(1.11415 -0.0194705 1.86022e-14)
(1.10479 -0.0151886 1.84912e-14)
(1.13402 -0.0289977 1.77877e-14)
(1.11124 -0.0302791 1.66294e-14)
(1.14267 -0.0406188 1.51276e-14)
(1.11057 -0.0573737 1.34158e-14)
(1.14691 -0.060639 1.15843e-14)
(1.10812 -0.101701 9.77636e-15)
(1.13136 -0.102327 8.10086e-15)
(1.09622 -0.170941 6.45422e-15)
(1.12203 -0.00836341 1.64546e-14)
(1.11192 -0.000264574 1.63955e-14)
(1.13763 -0.00731515 1.57978e-14)
(1.11313 -0.0107982 1.47731e-14)
(1.13884 -0.0149578 1.34369e-14)
(1.11227 -0.0351752 1.18972e-14)
(1.13913 -0.0335882 1.02921e-14)
(1.11147 -0.0740573 8.70656e-15)
(1.1223 -0.0786099 7.2555e-15)
(1.09823 -0.138245 5.83323e-15)
(1.08717 -0.0191021 1.45169e-14)
(1.07807 -0.0174252 1.4508e-14)
(1.10418 -0.0219963 1.40027e-14)
(1.08944 -0.0275166 1.31022e-14)
(1.11602 -0.0285127 1.192e-14)
(1.10141 -0.0469887 1.05615e-14)
(1.12806 -0.0475406 9.15255e-15)
(1.11055 -0.076783 7.76787e-15)
(1.12179 -0.0840866 6.50467e-15)
(1.10388 -0.124884 5.26132e-15)
(1.09431 0.000367928 1.27815e-14)
(1.08642 -0.000325609 1.28105e-14)
(1.11073 0.00140535 1.23881e-14)
(1.0936 -0.00942628 1.16099e-14)
(1.11515 -0.00594989 1.0574e-14)
(1.10057 -0.0273706 9.38951e-15)
(1.12258 -0.027141 8.14345e-15)
(1.11044 -0.0579576 6.94055e-15)
(1.11596 -0.0658083 5.83591e-15)
(1.10185 -0.102508 4.75736e-15)
(1.06779 -0.0138644 1.1238e-14)
(1.05941 -0.0125731 1.12933e-14)
(1.08181 -0.013837 1.09477e-14)
(1.07488 -0.0187643 1.02834e-14)
(1.09742 -0.019582 9.38314e-15)
(1.09332 -0.0298692 8.34748e-15)
(1.11431 -0.0358888 7.26634e-15)
(1.10864 -0.0519857 6.21537e-15)
(1.11609 -0.0664248 5.24376e-15)
(1.10731 -0.0872928 4.29835e-15)
(1.07525 0.00368078 9.87303e-15)
(1.06985 -0.00131446 9.95525e-15)
(1.09205 0.00534545 9.67693e-15)
(1.08026 -0.00755483 9.11118e-15)
(1.10067 -0.00195944 8.33576e-15)
(1.09211 -0.0205726 7.4372e-15)
(1.11162 -0.0214008 6.4954e-15)
(1.10658 -0.042567 5.57131e-15)
(1.11086 -0.0497998 4.72455e-15)
(1.10367 -0.0726577 3.89389e-15)
(1.05553 -0.00671239 8.67348e-15)
(1.0474 -0.00310891 8.77419e-15)
(1.0663 -0.00668897 8.55856e-15)
(1.06453 -0.00719357 8.08481e-15)
(1.08467 -0.0114832 7.42007e-15)
(1.08538 -0.0143988 6.64595e-15)
(1.10458 -0.0260033 5.82362e-15)
(1.10501 -0.0337758 5.01936e-15)
(1.11124 -0.0514574 4.26761e-15)
(1.10732 -0.0573907 3.53757e-15)
(1.06235 0.00120578 7.62465e-15)
(1.05877 -0.00147041 7.74134e-15)
(1.07922 0.00390391 7.57986e-15)
(1.07161 -0.00317787 7.18928e-15)
(1.09137 -0.00102019 6.62799e-15)
(1.08555 -0.00924696 5.95818e-15)
(1.10139 -0.0144683 5.25107e-15)
(1.10095 -0.0226072 4.54277e-15)
(1.10654 -0.0347936 3.87566e-15)
(1.10681 -0.0433757 3.24021e-15)
(1.04814 -0.00173209 6.71294e-15)
(1.0402 0.00418478 6.84664e-15)
(1.05726 -0.00312071 6.7384e-15)
(1.05756 -0.000231625 6.42152e-15)
(1.07795 -0.00793384 5.95062e-15)
(1.07955 -0.0071618 5.3789e-15)
(1.09922 -0.019084 4.76136e-15)
(1.1008 -0.0209922 4.13904e-15)
(1.10709 -0.0360155 3.5482e-15)
(1.10669 -0.0353703 2.98034e-15)
(1.0536 -0.000821406 5.92236e-15)
(1.05047 -0.00037076 6.07754e-15)
(1.0695 0.00492001 6.01692e-15)
(1.06495 0.00173887 5.77303e-15)
(1.08388 0.00552507 5.38178e-15)
(1.07997 -0.000872794 4.89386e-15)
(1.09389 -0.00171916 4.35771e-15)
(1.09563 -0.0123699 3.81171e-15)
(1.10386 -0.0157563 3.28189e-15)
(1.10886 -0.0247552 2.77468e-15)
(1.04306 -0.00114205 5.27392e-15)
(1.03778 0.00341762 5.45216e-15)
(1.0531 -0.00291572 5.43944e-15)
(1.05553 -0.00277383 5.258e-15)
(1.0744 -0.0053766 4.93719e-15)
(1.07729 -0.00900062 4.52082e-15)
(1.09351 -0.00911131 4.04966e-15)
(1.09755 -0.0161101 3.56203e-15)
(1.10459 -0.0175182 3.08408e-15)
(1.10614 -0.0226177 2.62441e-15)
(1.04608 0.00119605 3.85971e-15)
(1.04407 0.00106015 4.12219e-15)
(1.06009 0.00775171 4.23396e-15)
(1.06071 0.00528507 4.19789e-15)
(1.07647 0.0115723 4.02838e-15)
(1.07886 0.00351768 3.75647e-15)
(1.08876 0.00931966 3.4182e-15)
(1.09457 -0.0048849 3.04262e-15)
(1.10217 0.000823476 2.66268e-15)
(1.10865 -0.0101439 2.28996e-15)
(1.03959 -0.00244614 2.59459e-14)
(1.03767 -0.000261407 2.48739e-14)
(1.05178 -0.0055354 2.31514e-14)
(1.05678 -0.00612552 2.09872e-14)
(1.07154 -0.00720378 1.85956e-14)
(1.07876 -0.0083049 1.61702e-14)
(1.08839 -0.00702438 1.38605e-14)
(1.0973 -0.00758574 1.17623e-14)
(1.1039 -0.007615 9.92661e-15)
(1.10784 -0.00787412 8.36507e-15)
(0.803255 0.234583 -3.34374e-14)
(0.994821 0.319594 -3.59913e-14)
(0.936787 0.356649 -4.22384e-14)
(1.00909 0.404336 -5.31977e-14)
(0.965468 0.438235 -6.99446e-14)
(1.00332 0.497757 -9.5407e-14)
(0.976143 0.551941 -1.3447e-13)
(1.01034 0.638348 -1.96509e-13)
(0.990476 0.735006 -2.94601e-13)
(1.03412 0.879335 -5.73556e-13)
(0.891617 0.285897 -2.48945e-14)
(0.9639 0.297686 -2.75308e-14)
(0.949328 0.342954 -3.2043e-14)
(0.998845 0.375577 -4.02754e-14)
(0.994484 0.409175 -5.37816e-14)
(1.03322 0.468767 -7.52138e-14)
(1.03405 0.517866 -1.09768e-13)
(1.07222 0.6086 -1.67653e-13)
(1.07915 0.692071 -2.57296e-13)
(1.1181 0.828122 -7.27564e-13)
(0.984088 0.220344 -1.19869e-14)
(1.0555 0.240859 -1.38195e-14)
(1.02998 0.309531 -1.59541e-14)
(1.09294 0.334947 -2.02776e-14)
(1.07484 0.393771 -2.79607e-14)
(1.13254 0.438593 -4.11093e-14)
(1.12673 0.502715 -6.36404e-14)
(1.18972 0.574377 -1.04055e-13)
(1.19823 0.671104 -1.5756e-13)
(1.27839 0.792772 -8.43122e-13)
(1.05534 0.218356 1.53579e-15)
(1.08235 0.23046 2.15132e-15)
(1.0776 0.289769 3.54423e-15)
(1.1114 0.311038 4.50497e-15)
(1.11903 0.360501 4.66091e-15)
(1.165 0.402801 3.29841e-15)
(1.18303 0.457111 -1.05575e-15)
(1.24421 0.526817 -1.25598e-14)
(1.27648 0.605816 -5.45146e-15)
(1.35299 0.716373 -8.9733e-13)
(1.11928 0.170409 1.46911e-14)
(1.15836 0.175163 1.85566e-14)
(1.14577 0.235879 2.39728e-14)
(1.19079 0.250253 3.08194e-14)
(1.19241 0.308286 3.96896e-14)
(1.25032 0.339502 5.15433e-14)
(1.26591 0.401232 6.81249e-14)
(1.34409 0.454462 9.09127e-14)
(1.3791 0.541287 1.69207e-13)
(1.4893 0.634707 -8.83009e-13)
(1.17874 0.157553 2.65533e-14)
(1.1952 0.158288 3.35313e-14)
(1.19709 0.211046 4.27684e-14)
(1.22403 0.223247 5.50556e-14)
(1.24057 0.268732 7.18598e-14)
(1.2868 0.298702 9.57597e-14)
(1.31779 0.345293 1.3125e-13)
(1.3917 0.395053 1.85067e-13)
(1.44315 0.459147 3.25174e-13)
(1.55374 0.540745 -8.12111e-13)
(1.22967 0.112317 3.60761e-14)
(1.24876 0.103343 4.55671e-14)
(1.24963 0.151852 5.77131e-14)
(1.28053 0.155989 7.4018e-14)
(1.29442 0.20179 9.658e-14)
(1.34646 0.219924 1.2886e-13)
(1.37655 0.267172 1.77052e-13)
(1.46032 0.300744 2.50837e-13)
(1.51497 0.364373 4.26089e-13)
(1.6501 0.426488 -7.08343e-13)
(1.27707 0.093586 4.26304e-14)
(1.27779 0.0869751 5.35671e-14)
(1.29275 0.123959 6.72884e-14)
(1.30933 0.127931 8.56539e-14)
(1.33404 0.15792 1.10851e-13)
(1.37641 0.175679 1.46522e-13)
(1.41534 0.203645 1.98971e-13)
(1.49532 0.234022 2.77821e-13)
(1.55903 0.270623 4.54325e-13)
(1.69705 0.32039 -5.96294e-13)
(1.30817 0.04391 4.59241e-14)
(1.30486 0.0333833 5.71247e-14)
(1.32044 0.06024 7.10124e-14)
(1.33601 0.061299 8.93317e-14)
(1.35959 0.0848298 1.14006e-13)
(1.40294 0.0934927 1.48124e-13)
(1.44176 0.116143 1.96754e-13)
(1.52523 0.131258 2.66952e-13)
(1.5909 0.160087 4.15876e-13)
(1.74085 0.187747 -4.92393e-13)
(1.32927 0.0215806 4.61209e-14)
(1.32081 0.0213181 5.65123e-14)
(1.34023 0.0294048 6.93374e-14)
(1.35074 0.0334546 8.58695e-14)
(1.3779 0.0375659 1.07508e-13)
(1.41769 0.0464472 1.36327e-13)
(1.45912 0.0473918 1.75465e-13)
(1.54141 0.0599643 2.28283e-13)
(1.60942 0.0593773 3.33832e-13)
(1.76081 0.0746219 -4.0285e-13)
(0.795771 0.0316357 -4.53504e-14)
(0.759032 0.0320712 -4.9657e-14)
(0.715753 0.0328494 -5.3784e-14)
(0.6641 0.0372194 -5.73157e-14)
(0.61541 0.0380674 -5.95299e-14)
(0.545214 0.0459546 -5.92864e-14)
(0.476652 0.0485406 -5.48669e-14)
(0.383968 0.0608978 -4.38658e-14)
(0.259089 0.0689059 -2.3245e-14)
(0.113297 0.0915222 1.23894e-14)
(0.798245 0.0940376 -9.35341e-15)
(0.759118 0.0888521 -9.84841e-15)
(0.718829 0.0928909 -9.93731e-15)
(0.667591 0.0993885 -9.53372e-15)
(0.621338 0.10239 -8.3784e-15)
(0.552424 0.115934 -6.13618e-15)
(0.485866 0.123968 -2.31882e-15)
(0.395614 0.146773 3.69938e-15)
(0.272877 0.166338 1.26093e-14)
(0.133615 0.210263 2.90845e-14)
(0.803648 0.153512 -1.28535e-14)
(0.757713 0.148906 -1.44628e-14)
(0.726281 0.156886 -1.56664e-14)
(0.674037 0.167538 -1.65925e-14)
(0.632154 0.177881 -1.6936e-14)
(0.567368 0.200074 -1.62948e-14)
(0.504999 0.219045 -1.38785e-14)
(0.420783 0.259926 -8.71174e-15)
(0.308243 0.297151 8.17156e-16)
(0.178183 0.381336 2.44148e-14)
(0.809766 0.203526 -1.54891e-14)
(0.764362 0.201195 -1.81786e-14)
(0.736924 0.206007 -2.0581e-14)
(0.688836 0.224486 -2.29615e-14)
(0.652076 0.23084 -2.50386e-14)
(0.591854 0.265751 -2.64513e-14)
(0.535472 0.282097 -2.62286e-14)
(0.45728 0.339184 -2.29885e-14)
(0.352112 0.381751 -1.43642e-14)
(0.23464 0.481905 1.73963e-14)
(0.819968 0.250473 -1.84013e-14)
(0.765689 0.249164 -2.23071e-14)
(0.752125 0.25697 -2.61907e-14)
(0.702411 0.278972 -3.04424e-14)
(0.675539 0.294197 -3.48597e-14)
(0.620883 0.334154 -3.91314e-14)
(0.572444 0.365501 -4.2251e-14)
(0.50716 0.432741 -4.26781e-14)
(0.416497 0.494064 -3.74702e-14)
(0.320983 0.623935 2.87448e-15)
(0.834017 0.287402 -2.09437e-14)
(0.786656 0.29407 -2.64129e-14)
(0.773359 0.288257 -3.19999e-14)
(0.734621 0.323609 -3.85085e-14)
(0.710425 0.327728 -4.58481e-14)
(0.665966 0.383981 -5.38903e-14)
(0.623689 0.406963 -6.2045e-14)
(0.566626 0.492347 -6.86685e-14)
(0.488021 0.552831 -7.11858e-14)
(0.403642 0.689899 -2.51398e-14)
(0.850439 0.31268 -2.28288e-14)
(0.788175 0.318759 -2.97899e-14)
(0.793325 0.319421 -3.73925e-14)
(0.755621 0.355383 -4.64314e-14)
(0.744627 0.373643 -5.71726e-14)
(0.709822 0.431841 -6.99584e-14)
(0.677158 0.472875 -8.47596e-14)
(0.64087 0.560375 -1.00909e-13)
(0.575831 0.640268 -1.17108e-13)
(0.525981 0.793653 -7.46853e-14)
(0.86636 0.32249 -2.32039e-14)
(0.83956 0.34644 -3.19437e-14)
(0.832369 0.316606 -4.16196e-14)
(0.814441 0.377892 -5.31581e-14)
(0.799237 0.376206 -6.73781e-14)
(0.775906 0.454832 -8.53082e-14)
(0.747203 0.484464 -1.08172e-13)
(0.717618 0.589305 -1.36873e-13)
(0.667484 0.663537 -1.73439e-13)
(0.622605 0.81705 -1.53684e-13)
(0.893622 0.319761 -2.20094e-14)
(0.839021 0.325897 -3.28808e-14)
(0.852539 0.333383 -4.42256e-14)
(0.84824 0.384775 -5.75722e-14)
(0.840392 0.413165 -7.45495e-14)
(0.838471 0.483757 -9.72164e-14)
(0.815259 0.534474 -1.2825e-13)
(0.814442 0.630158 -1.71199e-13)
(0.773786 0.722712 -2.32665e-13)
(0.772591 0.879326 -2.67155e-13)
(0.959827 0.176169 -2.84468e-14)
(0.963759 0.311026 -3.5191e-14)
(0.940597 0.258976 -4.51537e-14)
(0.936909 0.36914 -5.82187e-14)
(0.915256 0.374754 -7.6302e-14)
(0.913632 0.473204 -1.01844e-13)
(0.893628 0.513602 -1.38947e-13)
(0.894881 0.62553 -1.94504e-13)
(0.871917 0.708512 -2.79802e-13)
(0.869061 0.861623 -4.11876e-13)
(1.01143 -0.00876693 -8.17878e-15)
(0.999143 -0.00292026 -8.68283e-15)
(1.00871 -0.00592468 -9.78884e-15)
(0.992378 -0.00139862 -1.09913e-14)
(1.00298 -0.00498175 -1.23502e-14)
(0.972932 -0.000257195 -1.38818e-14)
(0.988157 -0.0032965 -1.55956e-14)
(0.950623 0.000416621 -1.74892e-14)
(0.964652 -0.0005512 -1.95531e-14)
(0.929258 0.00144006 -2.177e-14)
(0.932306 0.00225766 -2.41117e-14)
(0.914787 0.00299603 -2.65397e-14)
(0.896693 0.00386385 -2.9007e-14)
(0.89683 0.00396819 -3.14544e-14)
(0.86909 0.00436094 -3.38287e-14)
(0.87314 0.00522686 -3.60593e-14)
(0.841697 0.00425426 -3.80973e-14)
(0.85615 0.00738784 -3.9908e-14)
(0.814887 0.00430313 -4.14564e-14)
(0.842232 0.00800537 -4.2693e-14)
(1.01161 -0.0126138 -6.6808e-16)
(0.996778 0.00530926 -1.12045e-15)
(1.00787 -0.000668889 -1.70656e-15)
(0.990508 0.014572 -2.31352e-15)
(1.00142 0.0059131 -2.92963e-15)
(0.972897 0.0196857 -3.54871e-15)
(0.986503 0.011533 -4.17445e-15)
(0.952483 0.0228322 -4.80366e-15)
(0.964126 0.0162116 -5.42111e-15)
(0.931324 0.0243398 -6.04742e-15)
(0.933194 0.0191414 -6.64983e-15)
(0.914935 0.0247224 -7.21419e-15)
(0.896481 0.0186063 -7.75263e-15)
(0.895235 0.0250288 -8.2034e-15)
(0.868196 0.0166705 -8.5822e-15)
(0.869069 0.0241693 -8.84243e-15)
(0.840589 0.0148493 -9.0022e-15)
(0.848959 0.0229345 -9.01678e-15)
(0.811512 0.0144285 -8.92269e-15)
(0.832806 0.0192708 -8.74992e-15)
(1.01328 -0.0275367 -7.70509e-16)
(0.995721 0.000549941 -1.25608e-15)
(1.00946 -0.0104598 -1.80309e-15)
(0.991381 0.0137554 -2.37753e-15)
(1.001 -0.00196064 -2.9741e-15)
(0.97354 0.0203655 -3.59099e-15)
(0.985345 0.00688149 -4.23333e-15)
(0.951515 0.0232746 -4.90272e-15)
(0.960865 0.0141483 -5.59368e-15)
(0.927898 0.0261555 -6.31768e-15)
(0.928298 0.0198832 -7.06217e-15)
(0.907236 0.0302413 -7.80388e-15)
(0.892207 0.0226143 -8.54315e-15)
(0.886047 0.0353476 -9.24433e-15)
(0.859651 0.0226425 -9.88817e-15)
(0.858286 0.039134 -1.04118e-14)
(0.826788 0.0219173 -1.08158e-14)
(0.834306 0.0416884 -1.10499e-14)
(0.797177 0.0225915 -1.11016e-14)
(0.812751 0.0350664 -1.10849e-14)
(1.0137 -0.024812 -5.5661e-16)
(0.990394 0.00882674 -1.04183e-15)
(1.00851 0.000956866 -1.54979e-15)
(0.986566 0.0263177 -2.07705e-15)
(0.9959 0.0140165 -2.61864e-15)
(0.973393 0.0364594 -3.1908e-15)
(0.978465 0.0266063 -3.80127e-15)
(0.952854 0.0437294 -4.44218e-15)
(0.957929 0.0380344 -5.13516e-15)
(0.929914 0.0493543 -5.86855e-15)
(0.930656 0.0460676 -6.64862e-15)
(0.908219 0.0528755 -7.4884e-15)
(0.895775 0.047487 -8.35628e-15)
(0.882739 0.0562763 -9.21397e-15)
(0.861444 0.0437734 -1.00736e-14)
(0.849691 0.0589863 -1.08403e-14)
(0.825413 0.0369804 -1.14942e-14)
(0.820395 0.0606659 -1.19341e-14)
(0.786981 0.031475 -1.21628e-14)
(0.793218 0.046143 -1.23588e-14)
(1.01217 -0.0325841 -3.60257e-16)
(0.991365 0.0054796 -8.2761e-16)
(1.0077 -0.00257983 -1.28349e-15)
(0.987774 0.0255268 -1.75461e-15)
(0.995314 0.0126102 -2.24409e-15)
(0.974667 0.0380589 -2.75845e-15)
(0.979494 0.025622 -3.30658e-15)
(0.95482 0.0453454 -3.89764e-15)
(0.955773 0.0344943 -4.5442e-15)
(0.928233 0.0504879 -5.255e-15)
(0.92337 0.0416773 -6.04061e-15)
(0.89764 0.0548996 -6.9192e-15)
(0.88763 0.0455437 -7.85885e-15)
(0.867609 0.0621818 -8.88727e-15)
(0.849962 0.045167 -9.93861e-15)
(0.829824 0.0693876 -1.10023e-14)
(0.809824 0.0436297 -1.19664e-14)
(0.794666 0.0762066 -1.27748e-14)
(0.767999 0.0414387 -1.32803e-14)
(0.759949 0.058726 -1.3806e-14)
(1.01118 -0.0279393 -1.8743e-16)
(0.986629 0.0112298 -6.15425e-16)
(1.0061 0.00857491 -1.01962e-15)
(0.982366 0.0351053 -1.42807e-15)
(0.989743 0.0273059 -1.85346e-15)
(0.972043 0.0516827 -2.27898e-15)
(0.969877 0.045247 -2.76189e-15)
(0.949462 0.0641131 -3.26243e-15)
(0.948879 0.0621591 -3.82297e-15)
(0.925398 0.0751943 -4.44778e-15)
(0.922378 0.0748991 -5.1603e-15)
(0.899739 0.0835393 -5.96359e-15)
(0.893403 0.0835946 -6.93626e-15)
(0.867859 0.0917176 -7.97842e-15)
(0.856044 0.0843458 -9.20393e-15)
(0.829769 0.100297 -1.05143e-14)
(0.816517 0.0783452 -1.18947e-14)
(0.790916 0.106076 -1.31253e-14)
(0.767539 0.0640884 -1.41905e-14)
(0.744951 0.0739252 -1.52409e-14)
(1.00685 -0.0270744 -4.56293e-17)
(0.990908 0.0129106 -4.28272e-16)
(1.00397 0.00931078 -7.71355e-16)
(0.983466 0.0350314 -1.11273e-15)
(0.990213 0.0304615 -1.46145e-15)
(0.974807 0.0543877 -1.82148e-15)
(0.972982 0.0477713 -2.18951e-15)
(0.958309 0.068015 -2.58258e-15)
(0.95168 0.0617835 -3.02039e-15)
(0.929774 0.0759189 -3.49399e-15)
(0.920251 0.073702 -4.06535e-15)
(0.897802 0.0845382 -4.71852e-15)
(0.886959 0.0817586 -5.47967e-15)
(0.858595 0.0919033 -6.43839e-15)
(0.851136 0.0841872 -7.60026e-15)
(0.814666 0.102733 -9.00449e-15)
(0.809805 0.0819384 -1.06516e-14)
(0.765242 0.117115 -1.2492e-14)
(0.755122 0.0713175 -1.4336e-14)
(0.701768 0.0915603 -1.62044e-14)
(1.0063 -0.0247767 5.8713e-17)
(0.985221 0.0154042 -2.70349e-16)
(0.997911 0.0173364 -5.59261e-16)
(0.979443 0.0435445 -8.45171e-16)
(0.986098 0.0441041 -1.11177e-15)
(0.969797 0.0656713 -1.38775e-15)
(0.964976 0.0628559 -1.65903e-15)
(0.948144 0.0842117 -1.9369e-15)
(0.939318 0.0815846 -2.22807e-15)
(0.923521 0.0985976 -2.53765e-15)
(0.917083 0.100949 -2.87757e-15)
(0.897368 0.110862 -3.26962e-15)
(0.889123 0.114722 -3.74533e-15)
(0.864565 0.12433 -4.34509e-15)
(0.860759 0.128306 -5.13912e-15)
(0.827958 0.139688 -6.24399e-15)
(0.831992 0.13556 -7.76459e-15)
(0.784031 0.154519 -9.8842e-15)
(0.787727 0.115954 -1.25809e-14)
(0.716176 0.112377 -1.5987e-14)
(1.00234 -0.01504 1.3293e-16)
(0.993715 0.0229063 -1.49781e-16)
(0.998631 0.0221044 -3.89244e-16)
(0.983358 0.0484165 -6.15335e-16)
(0.985524 0.0453049 -8.19639e-16)
(0.969132 0.0694035 -1.02597e-15)
(0.967789 0.0644874 -1.19402e-15)
(0.95563 0.0876975 -1.37822e-15)
(0.945725 0.082194 -1.51959e-15)
(0.934259 0.102022 -1.65789e-15)
(0.917871 0.100545 -1.77705e-15)
(0.901679 0.114232 -1.87781e-15)
(0.891815 0.116845 -1.97485e-15)
(0.873866 0.126845 -2.05296e-15)
(0.869179 0.129436 -2.25319e-15)
(0.842293 0.136185 -2.48214e-15)
(0.844554 0.134196 -3.04452e-15)
(0.786247 0.145069 -4.29555e-15)
(0.805439 0.11684 -6.83e-15)
(0.669355 0.149936 -1.16443e-14)
(1.00164 -0.0148857 1.7434e-16)
(0.983617 0.0239829 -7.32751e-17)
(0.988653 0.0252816 -2.77349e-16)
(0.973916 0.0554674 -4.60164e-16)
(0.977558 0.0528346 -6.27479e-16)
(0.963397 0.0795532 -7.95021e-16)
(0.959518 0.0759679 -9.07049e-16)
(0.943741 0.0994316 -1.02421e-15)
(0.933212 0.0982369 -1.1025e-15)
(0.92251 0.115423 -1.16168e-15)
(0.909953 0.118494 -1.14074e-15)
(0.90209 0.129837 -1.11965e-15)
(0.894284 0.137634 -9.87436e-16)
(0.883043 0.145746 -8.0965e-16)
(0.881282 0.158558 -4.28671e-16)
(0.869094 0.161885 -3.2475e-17)
(0.87372 0.189082 5.64698e-16)
(0.84403 0.183082 1.10659e-15)
(0.874403 0.231175 1.06911e-15)
(0.753331 0.182336 -9.82726e-17)
(0.998766 -0.00486553 1.91616e-16)
(0.992391 0.0332841 -5.29178e-17)
(0.991597 0.0305548 -2.75353e-16)
(0.97921 0.0628608 -5.02981e-16)
(0.978947 0.0555579 -7.38254e-16)
(0.966487 0.0834344 -9.86829e-16)
(0.963909 0.076631 -1.25383e-15)
(0.957915 0.0992995 -1.54602e-15)
(0.947866 0.0956004 -1.86787e-15)
(0.945963 0.116841 -2.23064e-15)
(0.931862 0.113681 -2.64599e-15)
(0.930395 0.13512 -3.1258e-15)
(0.923561 0.132023 -3.68989e-15)
(0.924856 0.150232 -4.36348e-15)
(0.925324 0.149998 -5.18651e-15)
(0.936447 0.165599 -6.19186e-15)
(0.937089 0.172531 -7.43979e-15)
(0.976487 0.180338 -8.99679e-15)
(0.978098 0.196269 -1.07246e-14)
(1.06865 0.0270628 -1.78536e-14)
(0.998413 -0.00647254 2.10121e-16)
(0.982742 0.0304865 -2.64929e-17)
(0.986471 0.0276145 -2.41472e-16)
(0.97363 0.0577841 -4.62517e-16)
(0.976242 0.0532291 -6.93371e-16)
(0.96796 0.077416 -9.39481e-16)
(0.964042 0.0762903 -1.20358e-15)
(0.95765 0.0965367 -1.49441e-15)
(0.952011 0.0953641 -1.8167e-15)
(0.948807 0.114191 -2.17956e-15)
(0.943713 0.110385 -2.59027e-15)
(0.943623 0.129389 -3.06334e-15)
(0.940649 0.129125 -3.60685e-15)
(0.941013 0.142644 -4.23631e-15)
(0.946844 0.145696 -4.9558e-15)
(0.954677 0.149555 -5.76711e-15)
(0.977216 0.150892 -6.61108e-15)
(0.988799 0.148411 -7.31754e-15)
(1.03567 0.135591 -7.20114e-15)
(1.05863 0.130225 -7.72949e-15)
(0.996072 -0.0020597 2.28938e-16)
(0.990534 0.0327985 4.56796e-18)
(0.986592 0.0337384 -1.95705e-16)
(0.977806 0.0606854 -4.00112e-16)
(0.973908 0.0598579 -6.11442e-16)
(0.967794 0.0801189 -8.33622e-16)
(0.963856 0.07645 -1.07014e-15)
(0.96048 0.0971948 -1.32562e-15)
(0.951585 0.0906967 -1.60397e-15)
(0.949853 0.11391 -1.90987e-15)
(0.938877 0.105861 -2.24718e-15)
(0.944427 0.126824 -2.61961e-15)
(0.936201 0.120822 -3.02691e-15)
(0.945979 0.134742 -3.46388e-15)
(0.943478 0.132012 -3.91073e-15)
(0.961056 0.139757 -4.32065e-15)
(0.965025 0.134889 -4.58551e-15)
(0.993514 0.130952 -4.48363e-15)
(0.99393 0.123918 -3.47818e-15)
(1.01816 0.0884132 -3.07626e-15)
(0.996073 -0.0026993 2.46688e-16)
(0.984334 0.0285173 3.51837e-17)
(0.98268 0.0274366 -1.49955e-16)
(0.973728 0.0538913 -3.37346e-16)
(0.972126 0.0519449 -5.29018e-16)
(0.964073 0.0741917 -7.27885e-16)
(0.963479 0.071483 -9.36514e-16)
(0.957138 0.0916372 -1.15761e-15)
(0.956844 0.0858192 -1.39322e-15)
(0.955106 0.105266 -1.64483e-15)
(0.950928 0.0996588 -1.91242e-15)
(0.956346 0.117924 -2.19361e-15)
(0.95014 0.113751 -2.48082e-15)
(0.958051 0.129504 -2.75825e-15)
(0.962447 0.121983 -2.9944e-15)
(0.973116 0.13366 -3.13182e-15)
(0.988179 0.121696 -3.06801e-15)
(0.998485 0.130823 -2.63685e-15)
(1.0166 0.113492 -1.52429e-15)
(1.02674 0.129217 -1.20941e-15)
(0.993358 0.00213056 2.62756e-16)
(0.989003 0.0308141 6.46781e-17)
(0.981572 0.0333492 -1.05052e-16)
(0.977489 0.056797 -2.75284e-16)
(0.971662 0.0554079 -4.473e-16)
(0.967644 0.0759334 -6.23133e-16)
(0.964282 0.0720768 -8.04389e-16)
(0.960448 0.0920639 -9.92278e-16)
(0.953483 0.0874787 -1.18717e-15)
(0.954647 0.103616 -1.38825e-15)
(0.945241 0.0988455 -1.59267e-15)
(0.955081 0.111513 -1.79439e-15)
(0.94729 0.10341 -1.98202e-15)
(0.956703 0.117273 -2.13593e-15)
(0.952936 0.106083 -2.22359e-15)
(0.968224 0.117999 -2.1937e-15)
(0.969819 0.104804 -1.96922e-15)
(0.989554 0.110299 -1.44765e-15)
(0.993377 0.0984688 -4.62705e-16)
(1.00508 0.101141 -3.08821e-16)
(0.994465 0.000477895 2.76689e-16)
(0.986566 0.0259453 9.22918e-17)
(0.979621 0.0257769 -6.2137e-17)
(0.972288 0.0508684 -2.15521e-16)
(0.969818 0.0467814 -3.68479e-16)
(0.961952 0.0689837 -5.22292e-16)
(0.963291 0.0639016 -6.7771e-16)
(0.958646 0.0816978 -8.34844e-16)
(0.956892 0.0764605 -9.92811e-16)
(0.957344 0.093026 -1.14929e-15)
(0.952057 0.0883073 -1.29979e-15)
(0.95648 0.104716 -1.43664e-15)
(0.95373 0.0952932 -1.5474e-15)
(0.960609 0.111498 -1.61301e-15)
(0.964654 0.0995621 -1.60523e-15)
(0.974063 0.114466 -1.48451e-15)
(0.981567 0.100661 -1.19927e-15)
(0.989701 0.115583 -6.92573e-16)
(1.00316 0.0964991 1.23673e-16)
(1.00461 0.119365 1.74842e-16)
(0.992266 0.00554806 2.88207e-16)
(0.988246 0.0278634 1.17434e-16)
(0.97917 0.0273985 -2.21424e-17)
(0.976496 0.051562 -1.59385e-16)
(0.969568 0.0460455 -2.94342e-16)
(0.966964 0.0678787 -4.27688e-16)
(0.961436 0.0641466 -5.59505e-16)
(0.95963 0.079686 -6.89141e-16)
(0.95356 0.0776549 -8.14908e-16)
(0.95731 0.0894581 -9.33674e-16)
(0.949742 0.0853243 -1.04029e-15)
(0.956765 0.0968513 -1.12684e-15)
(0.95047 0.0877892 -1.18164e-15)
(0.958771 0.0992907 -1.18824e-15)
(0.954554 0.087758 -1.12446e-15)
(0.96802 0.0974634 -9.62221e-16)
(0.968157 0.0837137 -6.69327e-16)
(0.97966 0.0951689 -2.16435e-16)
(0.990868 0.0785457 4.43353e-16)
(0.992811 0.0944089 4.54076e-16)
(0.993991 0.00551401 2.97183e-16)
(0.985294 0.0253994 1.39686e-16)
(0.977749 0.0255743 1.42186e-17)
(0.970509 0.0474092 -1.07896e-16)
(0.96723 0.0426218 -2.26248e-16)
(0.963312 0.0608395 -3.41048e-16)
(0.960356 0.0561883 -4.51903e-16)
(0.959348 0.071855 -5.5769e-16)
(0.955721 0.0665364 -6.56302e-16)
(0.95585 0.0824928 -7.44325e-16)
(0.951957 0.0753258 -8.16631e-16)
(0.95297 0.0900991 -8.65891e-16)
(0.95148 0.0800413 -8.82053e-16)
(0.956848 0.0926275 -8.51923e-16)
(0.959544 0.0812841 -7.59086e-16)
(0.966504 0.0961271 -5.84638e-16)
(0.974391 0.077934 -3.09361e-16)
(0.977447 0.0982618 8.07451e-17)
(0.995554 0.0739184 6.12999e-16)
(0.991195 0.0970782 6.08242e-16)
(0.99292 0.00476081 3.03618e-16)
(0.98808 0.0202449 1.58792e-16)
(0.977563 0.0221558 4.64606e-17)
(0.974773 0.0416973 -6.17655e-17)
(0.965477 0.0419031 -1.65123e-16)
(0.964917 0.0569103 -2.63491e-16)
(0.958592 0.0556116 -3.5618e-16)
(0.957815 0.0669786 -4.41824e-16)
(0.95365 0.0626258 -5.18188e-16)
(0.957071 0.0754885 -5.81937e-16)
(0.949714 0.0691294 -6.2837e-16)
(0.955072 0.0811889 -6.51151e-16)
(0.947587 0.0743636 -6.42096e-16)
(0.95527 0.082734 -5.91125e-16)
(0.953555 0.0736173 -4.86581e-16)
(0.959882 0.0822594 -3.16173e-16)
(0.964406 0.0691887 -6.88671e-17)
(0.968227 0.080421 2.61241e-16)
(0.982948 0.0663416 6.90866e-16)
(0.98394 0.0755135 6.8846e-16)
(0.993598 0.0106558 3.07616e-16)
(0.985246 0.0228485 1.74648e-16)
(0.97755 0.0256087 7.43093e-17)
(0.973163 0.0403469 -2.14072e-17)
(0.96635 0.0398541 -1.11485e-16)
(0.962588 0.0532924 -1.95589e-16)
(0.957514 0.0507443 -2.72873e-16)
(0.954919 0.0640321 -3.419e-16)
(0.954176 0.0585276 -4.00507e-16)
(0.953588 0.070122 -4.45647e-16)
(0.950055 0.0619058 -4.73241e-16)
(0.9516 0.0742259 -4.78061e-16)
(0.947205 0.0648444 -4.53698e-16)
(0.950782 0.0788516 -3.92705e-16)
(0.953905 0.0643448 -2.87035e-16)
(0.956665 0.0792881 -1.28909e-16)
(0.966313 0.059954 8.77792e-17)
(0.967357 0.0757153 3.64879e-16)
(0.984258 0.0590157 7.13768e-16)
(0.981457 0.0706514 7.19773e-16)
(0.992279 0.00404084 3.09357e-16)
(0.988182 0.0140521 1.87267e-16)
(0.975435 0.0178916 9.76693e-17)
(0.973613 0.0321466 1.30143e-17)
(0.963792 0.0337583 -6.55149e-17)
(0.962601 0.0453866 -1.37464e-16)
(0.957428 0.0444067 -2.01938e-16)
(0.954949 0.0558759 -2.57551e-16)
(0.950275 0.0523526 -3.02328e-16)
(0.952076 0.0630123 -3.33614e-16)
(0.946414 0.0567277 -3.48006e-16)
(0.951428 0.0659915 -3.41328e-16)
(0.946262 0.0589655 -3.087e-16)
(0.94922 0.0690588 -2.44753e-16)
(0.948567 0.0603046 -1.44052e-16)
(0.949897 0.0689113 -1.79853e-18)
(0.954656 0.0580438 1.85187e-16)
(0.960487 0.0639981 4.1681e-16)
(0.971909 0.0538068 7.00418e-16)
(0.976595 0.0558576 7.20132e-16)
(0.993508 0.0111286 3.09072e-16)
(0.986681 0.0190354 1.96751e-16)
(0.978084 0.0212846 1.1658e-16)
(0.975304 0.0348638 4.15295e-17)
(0.966439 0.0327391 -2.71263e-17)
(0.961288 0.0470388 -8.88937e-17)
(0.957153 0.0425421 -1.42911e-16)
(0.95308 0.0549748 -1.87918e-16)
(0.952527 0.0500844 -2.22189e-16)
(0.950097 0.0592384 -2.43491e-16)
(0.945981 0.051894 -2.4906e-16)
(0.947465 0.0628004 -2.35643e-16)
(0.944422 0.0525665 -1.99597e-16)
(0.946607 0.0657352 -1.37121e-16)
(0.948361 0.0524581 -4.46095e-17)
(0.948916 0.0622172 8.08133e-17)
(0.955531 0.0497475 2.40642e-16)
(0.956892 0.0573404 4.33919e-16)
(0.970648 0.0468932 6.65739e-16)
(0.97062 0.0533734 6.96735e-16)
(0.992383 0.00408961 3.07017e-16)
(0.988035 0.0123976 2.03247e-16)
(0.975666 0.0126762 1.31162e-16)
(0.972972 0.0268662 6.42992e-17)
(0.964286 0.0210586 3.95106e-18)
(0.96173 0.0350687 -4.94214e-17)
(0.955608 0.031468 -9.50518e-17)
(0.953627 0.0435083 -1.31849e-16)
(0.946513 0.0425194 -1.5836e-16)
(0.94663 0.0500856 -1.7275e-16)
(0.9434 0.0458866 -1.72824e-16)
(0.946092 0.0535097 -1.56087e-16)
(0.943628 0.0461608 -1.1986e-16)
(0.94383 0.0558877 -6.14839e-17)
(0.939893 0.0493788 2.13905e-17)
(0.942008 0.053449 1.30421e-16)
(0.944363 0.0475732 2.66137e-16)
(0.952042 0.0476596 4.27245e-16)
(0.962938 0.0413166 6.17071e-16)
(0.966086 0.0407464 6.57873e-16)
(0.996002 0.00907197 3.03441e-16)
(0.986942 0.0163699 2.06889e-16)
(0.979004 0.0139334 1.41551e-16)
(0.9732 0.0298627 8.1548e-17)
(0.964426 0.0223728 2.80984e-17)
(0.962309 0.0379776 -1.84445e-17)
(0.956959 0.0312471 -5.74605e-17)
(0.956237 0.0429287 -8.80517e-17)
(0.951907 0.0381601 -1.09026e-16)
(0.946905 0.0484979 -1.18906e-16)
(0.943412 0.0424066 -1.15972e-16)
(0.942221 0.0520712 -9.83253e-17)
(0.941655 0.0430117 -6.40118e-17)
(0.944935 0.0508653 -1.11855e-17)
(0.941174 0.0441252 6.16643e-17)
(0.942379 0.0491315 1.55439e-16)
(0.944887 0.0439282 2.70141e-16)
(0.945733 0.047168 4.04422e-16)
(0.959293 0.0385573 5.604e-16)
(0.959398 0.0404999 6.09343e-16)
(0.995416 0.00392767 2.98542e-16)
(0.986173 0.00985719 2.07711e-16)
(0.977475 0.00960778 1.47818e-16)
(0.972456 0.0209147 9.34973e-17)
(0.963621 0.0161016 4.57482e-17)
(0.962498 0.0272564 4.71796e-18)
(0.953066 0.0241824 -2.91635e-17)
(0.953651 0.0328551 -5.51945e-17)
(0.945765 0.029788 -7.24166e-17)
(0.945085 0.0366775 -7.96503e-17)
(0.94165 0.0330276 -7.55484e-17)
(0.94177 0.0410949 -5.86704e-17)
(0.93781 0.0361268 -2.75858e-17)
(0.940563 0.041829 1.89898e-17)
(0.933916 0.0373009 8.20223e-17)
(0.937623 0.0383815 1.6196e-16)
(0.938157 0.0355803 2.58527e-16)
(0.942463 0.0334334 3.70417e-16)
(0.952344 0.0321561 4.98378e-16)
(0.953976 0.0273241 5.53912e-16)
(0.998954 0.00541991 2.92389e-16)
(0.987422 0.00959022 2.05486e-16)
(0.980341 0.00876309 1.49856e-16)
(0.972245 0.0193065 1.00314e-16)
(0.963409 0.0157434 5.73567e-17)
(0.963561 0.0260391 2.07963e-17)
(0.956218 0.020775 -9.15503e-18)
(0.955984 0.0312319 -3.19684e-17)
(0.950332 0.0237929 -4.68688e-17)
(0.945175 0.0358031 -5.29026e-17)
(0.943241 0.0290162 -4.90025e-17)
(0.94106 0.0374232 -3.40595e-17)
(0.938394 0.0318747 -7.00926e-18)
(0.942313 0.0365287 3.3061e-17)
(0.934067 0.0334272 8.67851e-17)
(0.937086 0.0382234 1.54374e-16)
(0.936366 0.03581 2.35463e-16)
(0.938827 0.0382396 3.28875e-16)
(0.94988 0.0319175 4.34766e-16)
(0.949662 0.0313313 4.93173e-16)
(0.997586 0.00465129 2.84589e-16)
(0.98551 0.00642239 1.99241e-16)
(0.979267 0.00716271 1.47095e-16)
(0.973416 0.0128988 1.0196e-16)
(0.964378 0.0130533 6.32886e-17)
(0.961967 0.0183684 3.0436e-17)
(0.953075 0.0175192 3.43539e-18)
(0.951863 0.0213832 -1.72805e-17)
(0.945893 0.0185234 -3.10417e-17)
(0.946201 0.0227165 -3.70408e-17)
(0.939468 0.021445 -3.44024e-17)
(0.94109 0.0255708 -2.22449e-17)
(0.933597 0.024354 2.51927e-19)
(0.938969 0.0252137 3.377e-17)
(0.932593 0.0219838 7.8764e-17)
(0.937083 0.0230184 1.35363e-16)
(0.935287 0.0217112 2.03259e-16)
(0.935815 0.0214595 2.81508e-16)
(0.942718 0.0200729 3.69716e-16)
(0.942403 0.0174076 4.30251e-16)
(0.999467 0.00314401 2.76948e-16)
(0.987081 0.00457507 1.89701e-16)
(0.980756 0.00375564 1.41827e-16)
(0.973521 0.00952247 1.0193e-16)
(0.964272 0.00784569 6.77526e-17)
(0.963723 0.0141094 3.83169e-17)
(0.955209 0.0115119 1.37089e-17)
(0.953247 0.0175369 -5.56507e-18)
(0.948198 0.0145697 -1.88271e-17)
(0.944885 0.0195205 -2.53316e-17)
(0.943116 0.0180892 -2.43179e-17)
(0.941194 0.0210507 -1.5051e-17)
(0.935437 0.0200834 3.13576e-18)
(0.937484 0.0228148 3.07919e-17)
(0.929528 0.0192656 6.82985e-17)
(0.934561 0.0234052 1.15818e-16)
(0.932618 0.0207018 1.73241e-16)
(0.935171 0.0236104 2.40073e-16)
(0.943781 0.0187747 3.15842e-16)
(0.941151 0.0225539 3.79492e-16)
(0.998289 0.00372858 1.81484e-16)
(0.984157 0.00384195 8.58941e-17)
(0.979882 0.0017589 4.54986e-17)
(0.974243 0.00559103 1.01301e-17)
(0.965699 0.00406311 -2.36131e-17)
(0.962581 0.00808667 -5.59462e-17)
(0.953645 0.00642858 -8.61527e-17)
(0.952261 0.00843308 -1.13419e-16)
(0.945408 0.00823443 -1.36976e-16)
(0.947433 0.00775572 -1.5611e-16)
(0.938876 0.0107978 -1.70151e-16)
(0.941111 0.00701296 -1.78479e-16)
(0.933516 0.0110684 -1.80534e-16)
(0.936417 0.00697158 -1.75841e-16)
(0.931542 0.00901109 -1.64021e-16)
(0.936966 0.0076495 -1.44791e-16)
(0.934014 0.010575 -1.17907e-16)
(0.932593 0.0087864 -8.29967e-17)
(0.940251 0.00899919 -3.89717e-17)
(0.934081 0.00746031 8.89828e-18)
(0.999193 0.000575956 2.25758e-15)
(0.984003 0.00149271 2.17676e-15)
(0.979932 0.000665117 2.23486e-15)
(0.973868 0.00246776 2.3e-15)
(0.96481 0.00113793 2.39096e-15)
(0.964259 0.00260607 2.51336e-15)
(0.953847 0.00334342 2.67052e-15)
(0.953468 0.00357766 2.86481e-15)
(0.946057 0.00522127 3.09815e-15)
(0.946097 0.00507105 3.37219e-15)
(0.941127 0.00484144 3.68834e-15)
(0.940313 0.00788485 4.04774e-15)
(0.934327 0.00477666 4.45121e-15)
(0.934432 0.00915612 4.89917e-15)
(0.929277 0.00362042 5.39162e-15)
(0.935261 0.00744969 5.92811e-15)
(0.932963 0.00260599 6.50777e-15)
(0.93299 0.00680488 7.12942e-15)
(0.941717 0.00291335 7.79241e-15)
(0.935522 0.00836886 8.4869e-15)
(1.0355 0.332918 -3.64168e-14)
(1.1378 0.317801 -2.0171e-14)
(1.17387 0.243682 -5.46874e-15)
(1.2034 0.2134 5.86734e-15)
(1.23054 0.143638 1.55452e-14)
(1.25126 0.11843 2.35916e-14)
(1.27437 0.0663623 3.00101e-14)
(1.29391 0.0531794 3.46863e-14)
(1.31083 0.0112186 3.77034e-14)
(1.3271 0.00804764 3.91947e-14)
(0.977602 0.318284 -2.47406e-14)
(1.09131 0.292772 -1.76656e-14)
(1.08082 0.217928 -5.51383e-15)
(1.14011 0.206097 4.85345e-15)
(1.14557 0.14359 1.36428e-14)
(1.18211 0.122646 2.09477e-14)
(1.19092 0.0780159 2.67398e-14)
(1.21732 0.0612559 3.10599e-14)
(1.22749 0.0234079 3.39517e-14)
(1.23992 0.0143382 3.5551e-14)
(0.995644 0.257953 -1.79164e-14)
(1.10215 0.177739 -1.44712e-14)
(1.09382 0.138699 -5.51918e-15)
(1.15746 0.120127 3.42163e-15)
(1.1676 0.0770628 1.14314e-14)
(1.19956 0.0621769 1.8187e-14)
(1.21198 0.0291896 2.36583e-14)
(1.2277 0.0206668 2.77681e-14)
(1.23897 -0.00572442 3.05536e-14)
(1.25054 -0.00431051 3.21126e-14)
(1.01265 0.257339 -1.30909e-14)
(1.08914 0.185712 -1.13043e-14)
(1.06008 0.150981 -4.83371e-15)
(1.11628 0.129229 2.48234e-15)
(1.10489 0.0901404 9.49081e-15)
(1.14021 0.076305 1.56894e-14)
(1.13894 0.0457913 2.07677e-14)
(1.15985 0.0369615 2.46622e-14)
(1.16687 0.0103793 2.73354e-14)
(1.17596 0.0104015 2.88695e-14)
(1.01635 0.207187 -9.66548e-15)
(1.07447 0.11212 -8.628e-15)
(1.0645 0.0926815 -3.92253e-15)
(1.11907 0.0581212 1.91992e-15)
(1.11917 0.0362889 7.93258e-15)
(1.15111 0.0230917 1.34552e-14)
(1.15629 0.00385507 1.81304e-14)
(1.16789 0.00138845 2.17772e-14)
(1.17861 -0.0159419 2.43344e-14)
(1.18539 -0.00752678 2.58287e-14)
(1.02546 0.192032 -7.08935e-15)
(1.06212 0.124038 -6.48261e-15)
(1.05202 0.101719 -2.96927e-15)
(1.08708 0.0737933 1.6371e-15)
(1.07646 0.0506053 6.67512e-15)
(1.10272 0.0391663 1.15256e-14)
(1.09832 0.0186061 1.57487e-14)
(1.11239 0.0158594 1.91245e-14)
(1.12023 -0.00206726 2.15483e-14)
(1.1255 0.00292565 2.30037e-14)
(1.02105 0.153169 -5.24454e-15)
(1.04565 0.0808048 -4.72024e-15)
(1.04888 0.0589382 -2.10095e-15)
(1.08132 0.0246843 1.53044e-15)
(1.08386 0.00918377 5.70586e-15)
(1.10843 -0.0019224 9.87433e-15)
(1.1121 -0.0130696 1.36519e-14)
(1.11972 -0.00974309 1.67365e-14)
(1.13144 -0.0197404 1.90046e-14)
(1.13445 -0.00573729 2.04051e-14)
(1.02218 0.136298 -3.78605e-15)
(1.03625 0.0842307 -3.38805e-15)
(1.04147 0.0619207 -1.3544e-15)
(1.05928 0.0379453 1.52546e-15)
(1.05582 0.0196559 4.92727e-15)
(1.07279 0.0126815 8.49995e-15)
(1.07028 -0.002669 1.18101e-14)
(1.0779 -0.000773646 1.46029e-14)
(1.0882 -0.0129315 1.66965e-14)
(1.08877 -0.00669219 1.80321e-14)
(1.01103 0.113603 -2.69826e-15)
(1.02267 0.0556853 -2.33853e-15)
(1.0331 0.0397158 -7.38685e-16)
(1.05113 0.0054964 1.54308e-15)
(1.05751 -0.00309287 4.3573e-15)
(1.07517 -0.0139587 7.34864e-15)
(1.07899 -0.0188821 1.02318e-14)
(1.08409 -0.0136459 1.27219e-14)
(1.09562 -0.015733 1.4639e-14)
(1.09688 -0.00344157 1.5887e-14)
(1.00934 0.0969071 -1.83568e-15)
(1.01363 0.0510561 -1.52986e-15)
(1.02583 0.0393964 -2.49447e-16)
(1.03476 0.0126247 1.58355e-15)
(1.03989 0.00615438 3.8808e-15)
(1.05026 -0.0056873 6.40273e-15)
(1.05208 -0.0128308 8.88509e-15)
(1.05595 -0.0122245 1.10733e-14)
(1.06747 -0.0184221 1.28024e-14)
(1.06401 -0.012895 1.39629e-14)
(0.997779 0.0784335 -1.21144e-15)
(1.00342 0.0327735 -9.0941e-16)
(1.02 0.0266422 1.27548e-16)
(1.02813 -0.00680743 1.62427e-15)
(1.03977 -0.00682664 3.49906e-15)
(1.04886 -0.02109 5.60775e-15)
(1.05668 -0.0168135 7.72751e-15)
(1.0585 -0.0152552 9.64529e-15)
(1.07105 -0.009304 1.11868e-14)
(1.07104 -0.00330336 1.22499e-14)
(0.993586 0.0638306 -7.14092e-16)
(0.993083 0.0359085 -4.3733e-16)
(1.012 0.0249351 4.10649e-16)
(1.0126 0.00424132 1.62797e-15)
(1.02907 0.00156351 3.17577e-15)
(1.03321 -0.00878538 4.93783e-15)
(1.04248 -0.0125192 6.73945e-15)
(1.04233 -0.0128503 8.40783e-15)
(1.05494 -0.0158245 9.77477e-15)
(1.04825 -0.0107379 1.07347e-14)
(0.985338 0.0509834 -3.48812e-16)
(0.988143 0.0209231 -9.51828e-17)
(1.00797 0.0137426 6.13742e-16)
(1.01082 -0.00861103 1.6177e-15)
(1.02856 -0.00808438 2.8948e-15)
(1.02912 -0.0208813 4.36679e-15)
(1.04205 -0.0149848 5.89748e-15)
(1.04045 -0.0158768 7.33305e-15)
(1.05552 -0.00719137 8.53339e-15)
(1.05399 -0.00541906 9.40147e-15)
(0.978251 0.0420804 -7.37501e-17)
(0.976856 0.0249966 1.69327e-16)
(1.0003 0.0161468 7.48624e-16)
(0.998044 0.00336649 1.57813e-15)
(1.02078 0.000228251 2.636e-15)
(1.02103 -0.00479472 3.87131e-15)
(1.03703 -0.00828443 5.16739e-15)
(1.03406 -0.00588108 6.40454e-15)
(1.04769 -0.00884766 7.45689e-15)
(1.03976 -0.00228444 8.23372e-15)
(0.972524 0.0338279 1.02094e-16)
(0.976816 0.0139888 3.32684e-16)
(0.998507 0.00868189 8.25307e-16)
(0.998637 -0.00484445 1.51441e-15)
(1.02189 -0.00570032 2.40775e-15)
(1.01587 -0.013787 3.43517e-15)
(1.03357 -0.0119678 4.53667e-15)
(1.0287 -0.0124929 5.59774e-15)
(1.04641 -0.00729802 6.51966e-15)
(1.04253 -0.00577864 7.21441e-15)
(0.967972 0.0282281 2.40196e-16)
(0.964927 0.0185884 4.48738e-16)
(0.993373 0.0086729 8.58514e-16)
(0.988587 0.00617616 1.43424e-15)
(1.01552 -0.00196201 2.17075e-15)
(1.0118 0.00103429 3.04282e-15)
(1.0327 -0.00696924 3.97863e-15)
(1.02815 0.00119058 4.89204e-15)
(1.04289 -0.00450913 5.70093e-15)
(1.0347 0.00477544 6.32604e-15)
(0.962386 0.0164967 3.13684e-16)
(0.966617 0.010186 5.00487e-16)
(0.994035 0.00250223 8.41699e-16)
(0.990935 0.000817461 1.33026e-15)
(1.01842 -0.00556798 1.94843e-15)
(1.00774 -0.00493484 2.68191e-15)
(1.02887 -0.00887833 3.47612e-15)
(1.02252 -0.00645506 4.26975e-15)
(1.04107 -0.00616896 4.98373e-15)
(1.0355 -0.00339667 5.55229e-15)
(0.96356 0.0128324 3.57382e-16)
(0.959289 0.0191113 5.29317e-16)
(0.991507 -0.00170579 8.1791e-16)
(0.984193 0.0113147 1.224e-15)
(1.01269 -0.0089209 1.74566e-15)
(1.00679 0.00500696 2.36891e-15)
(1.0286 -0.00993817 3.05253e-15)
(1.02412 0.00399637 3.74619e-15)
(1.03891 -0.0045302 4.38406e-15)
(1.03095 0.00582829 4.91131e-15)
(0.959436 0.00386904 1.25189e-17)
(0.959251 0.00451687 9.88584e-17)
(0.991007 -0.00215139 2.68168e-16)
(0.987153 0.00180044 5.28134e-16)
(1.01419 -0.00220065 8.86327e-16)
(1.00497 0.00118175 1.33373e-15)
(1.0253 -0.00229524 1.85595e-15)
(1.02119 -0.00119034 2.41413e-15)
(1.0371 -0.00163539 2.96708e-15)
(1.03161 -0.00151028 3.46549e-15)
(0.962308 0.00266331 9.52737e-15)
(0.959676 0.00963918 1.1102e-14)
(0.992729 -0.00245879 1.29993e-14)
(0.986651 0.00600303 1.51957e-14)
(1.01299 -0.00779009 1.76023e-14)
(1.00529 0.000535859 2.00721e-14)
(1.02473 -0.00783222 2.23985e-14)
(1.02043 0.0010033 2.43415e-14)
(1.03437 -0.00385129 2.56749e-14)
(1.02747 0.00265021 2.62318e-14)
)
;

boundaryField
{
    down
    {
        type            symmetryPlane;
    }
    right
    {
        type            zeroGradient;
    }
    up
    {
        type            symmetryPlane;
    }
    left
    {
        type            fixedValue;
        value           uniform (1 0 0);
    }
    cylinder
    {
        type            myVelocity;
    }
    defaultFaces
    {
        type            empty;
    }
}


// ************************************************************************* //
