/*--------------------------------*- C++ -*----------------------------------*\
| =========                 |                                                 |
| \\      /  F ield         | OpenFOAM: The Open Source CFD Toolbox           |
|  \\    /   O peration     | Version:  2.2.0                                 |
|   \\  /    A nd           | Web:      www.OpenFOAM.org                      |
|    \\/     M anipulation  |                                                 |
\*---------------------------------------------------------------------------*/
FoamFile
{
    version     2.0;
    format      ascii;
    class       volScalarField;
    location    "8";
    object      Theta;
}
// * * * * * * * * * * * * * * * * * * * * * * * * * * * * * * * * * * * * * //

dimensions      [0 2 -2 0 0 0 0];

internalField   nonuniform List<scalar> 
7920
(
2.74144
2.93311
3.08454
3.28065
3.45771
3.76731
3.73448
4.77896
2.7143
2.88661
3.02187
3.19013
3.35447
3.56465
3.6552
4.10367
2.67728
2.83908
2.96325
3.117
3.27352
3.44451
3.58492
3.83502
2.63098
2.78125
2.89063
3.02823
3.16811
3.30865
3.45064
3.58649
2.58292
2.73139
2.8307
2.96158
3.09323
3.22295
3.36482
3.46076
2.54961
2.6996
2.79245
2.92042
3.04742
3.17216
3.31167
3.39094
2.54961
2.6996
2.79245
2.92042
3.04742
3.17216
3.31166
3.39094
2.58292
2.73139
2.8307
2.96157
3.09323
3.22294
3.36481
3.46073
2.63098
2.78125
2.89063
3.02822
3.16811
3.30864
3.45062
3.58644
2.67728
2.83909
2.96325
3.117
3.27352
3.4445
3.58491
3.83496
2.7143
2.88661
3.02188
3.19015
3.35449
3.56466
3.65521
4.10362
2.74143
2.93306
3.08449
3.28063
3.45771
3.76733
3.73449
4.77901
2.25485
2.36918
2.37098
2.44163
2.48435
2.56944
2.58472
2.83281
2.26835
2.36835
2.3718
2.43291
2.47464
2.52927
2.59092
2.64623
2.28597
2.36824
2.3738
2.42478
2.46054
2.49907
2.55536
2.56154
2.31373
2.37252
2.38376
2.42487
2.45636
2.48589
2.53824
2.52457
2.34579
2.37915
2.39714
2.42852
2.45604
2.47891
2.52302
2.50107
2.36946
2.38455
2.40767
2.43266
2.45805
2.47765
2.51717
2.49425
2.36946
2.38455
2.40767
2.43266
2.45805
2.47765
2.51717
2.49425
2.34579
2.37915
2.39714
2.42852
2.45604
2.47891
2.52302
2.50108
2.31373
2.37252
2.38376
2.42487
2.45636
2.48589
2.53823
2.52458
2.28597
2.36824
2.3738
2.42477
2.46053
2.49907
2.55536
2.56157
2.26834
2.36834
2.37179
2.4329
2.47463
2.52926
2.59091
2.64625
2.25485
2.3692
2.371
2.44164
2.48435
2.56943
2.5847
2.83282
2.18211
2.19158
2.21578
2.23793
2.26694
2.29941
2.33812
2.38638
2.18156
2.19273
2.21242
2.23177
2.25791
2.27864
2.33044
2.30775
2.18142
2.19513
2.20866
2.2251
2.24522
2.25992
2.29811
2.27282
2.18295
2.20171
2.20948
2.225
2.24158
2.25468
2.28751
2.26985
2.1862
2.20988
2.21189
2.2265
2.23956
2.25084
2.27732
2.26459
2.18923
2.21604
2.21445
2.22866
2.23984
2.25049
2.27405
2.26557
2.18923
2.21604
2.21445
2.22866
2.23984
2.25049
2.27405
2.26557
2.1862
2.20988
2.21189
2.2265
2.23956
2.25084
2.27732
2.26459
2.18295
2.20171
2.20948
2.225
2.24158
2.25468
2.28751
2.26985
2.18142
2.19513
2.20866
2.2251
2.24523
2.25993
2.29811
2.27282
2.18157
2.19274
2.21242
2.23178
2.25791
2.27864
2.33045
2.30775
2.18211
2.19156
2.21577
2.23793
2.26695
2.29943
2.33813
2.38643
2.07864
2.09906
2.101
2.1139
2.12547
2.1383
2.16153
2.16726
2.08151
2.09959
2.10106
2.11206
2.12228
2.13018
2.15734
2.13402
2.08583
2.10057
2.10135
2.11002
2.11744
2.12274
2.141
2.12129
2.092
2.10369
2.10467
2.11196
2.11825
2.12323
2.13832
2.12597
2.0991
2.10748
2.10861
2.11438
2.11943
2.12362
2.13531
2.12695
2.10415
2.11033
2.11162
2.1165
2.12096
2.12486
2.13509
2.1295
2.10415
2.11033
2.11162
2.1165
2.12096
2.12486
2.13509
2.1295
2.0991
2.10748
2.10861
2.11438
2.11943
2.12362
2.13531
2.12695
2.092
2.10369
2.10467
2.11196
2.11824
2.12323
2.13832
2.12597
2.08583
2.10057
2.10135
2.11002
2.11744
2.12274
2.141
2.12129
2.08151
2.09959
2.10106
2.11206
2.12228
2.13018
2.15734
2.13402
2.07864
2.09906
2.101
2.1139
2.12547
2.1383
2.16153
2.16728
2.04457
2.04887
2.05195
2.05655
2.06209
2.06712
2.07893
2.07727
2.04468
2.04922
2.05141
2.05535
2.06008
2.06297
2.07604
2.06181
2.04511
2.04986
2.05088
2.05406
2.05733
2.05913
2.06757
2.05617
2.04607
2.05161
2.05175
2.05474
2.05739
2.05925
2.06607
2.05911
2.04755
2.05369
2.05296
2.05568
2.05769
2.05932
2.0645
2.06
2.04874
2.05523
2.05398
2.05656
2.05826
2.05985
2.06435
2.06143
2.04874
2.05523
2.05398
2.05656
2.05826
2.05985
2.06435
2.06143
2.04755
2.05369
2.05296
2.05568
2.05769
2.05932
2.0645
2.06
2.04607
2.05161
2.05175
2.05474
2.0574
2.05925
2.06607
2.05911
2.04511
2.04986
2.05088
2.05407
2.05733
2.05913
2.06757
2.05618
2.04468
2.04922
2.05141
2.05535
2.06009
2.06297
2.07604
2.06181
2.04457
2.04887
2.05195
2.05655
2.06209
2.06712
2.07893
2.07729
2.01891
2.02318
2.02359
2.0262
2.02868
2.03112
2.03677
2.03579
2.01948
2.02335
2.02356
2.02577
2.02787
2.02934
2.03538
2.02884
2.02035
2.02366
2.02362
2.02538
2.02683
2.02779
2.03169
2.02656
2.02157
2.02447
2.02435
2.02589
2.02709
2.02805
2.03118
2.02813
2.02299
2.02542
2.02522
2.02651
2.02744
2.02828
2.03067
2.02874
2.02399
2.02613
2.02588
2.02702
2.02783
2.02862
2.03071
2.02948
2.02399
2.02613
2.02588
2.02702
2.02783
2.02862
2.03071
2.02948
2.02299
2.02542
2.02522
2.02651
2.02744
2.02828
2.03067
2.02874
2.02157
2.02447
2.02435
2.02589
2.02709
2.02805
2.03118
2.02813
2.02035
2.02366
2.02362
2.02538
2.02683
2.02779
2.03169
2.02657
2.01948
2.02335
2.02356
2.02578
2.02787
2.02934
2.03538
2.02883
2.01891
2.02318
2.02359
2.0262
2.02868
2.03113
2.03677
2.0358
2.009
2.01027
2.01069
2.0117
2.01279
2.0138
2.01626
2.01566
2.00905
2.01033
2.01059
2.01145
2.01235
2.01296
2.01554
2.01258
2.00918
2.01046
2.01052
2.01122
2.01184
2.01223
2.01388
2.01158
2.00944
2.01081
2.01073
2.01137
2.01188
2.01228
2.0136
2.01224
2.00979
2.01123
2.01101
2.01159
2.01198
2.01234
2.01335
2.0125
2.01007
2.01154
2.01124
2.01178
2.01212
2.01246
2.01335
2.01281
2.01007
2.01154
2.01124
2.01178
2.01212
2.01246
2.01335
2.01281
2.00979
2.01123
2.01101
2.01159
2.01198
2.01234
2.01335
2.0125
2.00944
2.01081
2.01073
2.01137
2.01188
2.01228
2.0136
2.01224
2.00918
2.01046
2.01052
2.01122
2.01184
2.01223
2.01388
2.01158
2.00905
2.01033
2.01059
2.01145
2.01235
2.01296
2.01554
2.01258
2.009
2.01027
2.01069
2.0117
2.01279
2.01381
2.01626
2.01566
2.00337
2.00424
2.00428
2.00475
2.00519
2.00563
2.00663
2.00643
2.00346
2.00427
2.00427
2.00467
2.00503
2.0053
2.00634
2.00519
2.0036
2.00434
2.00428
2.00461
2.00486
2.00504
2.0057
2.00482
2.00381
2.00449
2.00441
2.0047
2.0049
2.00508
2.00561
2.00509
2.00404
2.00468
2.00456
2.00481
2.00497
2.00513
2.00554
2.00521
2.00421
2.00481
2.00468
2.00491
2.00504
2.00519
2.00555
2.00534
2.00421
2.00481
2.00468
2.00491
2.00504
2.00519
2.00555
2.00534
2.00404
2.00468
2.00456
2.00481
2.00497
2.00513
2.00554
2.00521
2.00381
2.00449
2.00441
2.0047
2.0049
2.00508
2.00561
2.00509
2.0036
2.00434
2.00428
2.00461
2.00486
2.00504
2.0057
2.00482
2.00346
2.00427
2.00427
2.00467
2.00503
2.0053
2.00634
2.00519
2.00337
2.00424
2.00428
2.00475
2.00519
2.00563
2.00663
2.00644
2.00153
2.00164
2.00173
2.00189
2.00206
2.00223
2.0026
2.00252
2.00155
2.00165
2.00172
2.00185
2.00199
2.0021
2.00248
2.00207
2.00158
2.00168
2.00172
2.00182
2.00192
2.002
2.00224
2.00193
2.00163
2.00173
2.00176
2.00185
2.00194
2.00201
2.00221
2.00203
2.00169
2.0018
2.00181
2.00189
2.00196
2.00202
2.00218
2.00207
2.00174
2.00185
2.00184
2.00192
2.00198
2.00204
2.00218
2.00212
2.00174
2.00185
2.00184
2.00192
2.00198
2.00204
2.00218
2.00212
2.00169
2.0018
2.00181
2.00189
2.00196
2.00202
2.00218
2.00207
2.00163
2.00173
2.00176
2.00185
2.00194
2.00201
2.00221
2.00203
2.00158
2.00168
2.00172
2.00182
2.00192
2.002
2.00224
2.00193
2.00155
2.00165
2.00172
2.00185
2.00199
2.0021
2.00248
2.00207
2.00153
2.00164
2.00173
2.00189
2.00206
2.00223
2.0026
2.00253
1.99976
2.00022
2.00008
2.00015
2.00017
2.0002
2.00026
2.00025
1.99975
2.00022
2.00007
2.00014
2.00015
2.00017
2.00023
2.00014
1.99974
2.00022
2.00006
2.00013
2.00013
2.00014
2.00018
2.00011
1.99973
2.00023
2.00006
2.00013
2.00013
2.00014
2.00017
2.00013
1.99972
2.00025
2.00006
2.00013
2.00013
2.00014
2.00016
2.00013
1.99972
2.00026
2.00007
2.00014
2.00013
2.00014
2.00016
2.00014
1.99972
2.00026
2.00007
2.00014
2.00013
2.00014
2.00016
2.00014
1.99972
2.00025
2.00006
2.00013
2.00013
2.00014
2.00016
2.00013
1.99973
2.00023
2.00006
2.00013
2.00013
2.00014
2.00017
2.00013
1.99974
2.00022
2.00006
2.00013
2.00013
2.00014
2.00018
2.00011
1.99975
2.00022
2.00007
2.00014
2.00015
2.00017
2.00023
2.00014
1.99976
2.00022
2.00008
2.00015
2.00017
2.0002
2.00026
2.00025
2.00085
1.99969
2.00011
1.99994
1.99994
1.99991
1.99981
1.99988
2.00089
1.99969
2.00013
1.99996
1.99998
1.99997
1.99985
2.00007
2.00093
1.99968
2.00016
1.99999
2.00002
2.00002
1.99996
2.00014
2.00098
1.99966
2.00017
2
2.00004
2.00003
1.99999
2.00011
2.00102
1.99964
2.00019
2
2.00005
2.00004
2.00001
2.0001
2.00105
1.99962
2.00019
2
2.00005
2.00004
2.00002
2.00009
2.00105
1.99962
2.00019
2
2.00005
2.00004
2.00002
2.00009
2.00102
1.99964
2.00019
2
2.00005
2.00004
2.00001
2.0001
2.00098
1.99966
2.00017
2
2.00004
2.00003
1.99999
2.00011
2.00093
1.99968
2.00016
1.99999
2.00002
2.00002
1.99996
2.00014
2.00089
1.99969
2.00013
1.99996
1.99998
1.99997
1.99985
2.00007
2.00085
1.99969
2.00011
1.99994
1.99994
1.99991
1.99981
1.99988
1.99482
1.99708
1.9958
1.99581
1.9953
1.99492
1.99413
1.994
1.9947
1.99707
1.99579
1.99585
1.99538
1.99511
1.99431
1.99477
1.99451
1.99705
1.99574
1.99588
1.99547
1.99526
1.99468
1.99501
1.99426
1.99699
1.99562
1.99581
1.99543
1.99522
1.99472
1.99485
1.99397
1.9969
1.99548
1.99572
1.99537
1.99518
1.99477
1.99479
1.99377
1.99683
1.99537
1.99566
1.99531
1.99513
1.99475
1.99472
1.99377
1.99683
1.99537
1.99566
1.99531
1.99513
1.99475
1.99472
1.99397
1.9969
1.99548
1.99572
1.99537
1.99518
1.99477
1.99479
1.99426
1.99699
1.99562
1.99581
1.99543
1.99522
1.99472
1.99485
1.99451
1.99705
1.99574
1.99588
1.99547
1.99526
1.99468
1.99501
1.9947
1.99707
1.99579
1.99585
1.99538
1.99511
1.99431
1.99477
1.99482
1.99708
1.9958
1.99581
1.9953
1.99492
1.99413
1.994
2.00187
1.99388
1.99722
1.99554
1.99557
1.99517
1.99405
1.99498
2.002
1.99379
1.99733
1.99568
1.99581
1.99569
1.99427
1.9969
2.00214
1.99364
1.99748
1.99587
1.99623
1.99625
1.9955
1.99768
2.00231
1.99334
1.99747
1.99579
1.99625
1.99622
1.99569
1.99718
2.00246
1.99298
1.99744
1.9957
1.99626
1.99623
1.99593
1.99703
2.00256
1.99273
1.99739
1.9956
1.99622
1.99617
1.99597
1.9968
2.00256
1.99273
1.99739
1.9956
1.99622
1.99617
1.99597
1.9968
2.00246
1.99298
1.99744
1.9957
1.99626
1.99623
1.99593
1.99703
2.00231
1.99333
1.99747
1.99579
1.99625
1.99622
1.99569
1.99718
2.00214
1.99364
1.99748
1.99587
1.99623
1.99625
1.9955
1.99768
2.002
1.99379
1.99733
1.99568
1.99581
1.99569
1.99427
1.9969
2.00187
1.99388
1.99722
1.99554
1.99557
1.99517
1.99405
1.99498
1.96254
1.96653
1.95743
1.95318
1.94577
1.93858
1.92854
1.92033
1.96173
1.96634
1.95743
1.95375
1.94675
1.94121
1.92959
1.93179
1.9605
1.96599
1.95734
1.9544
1.94824
1.94361
1.93445
1.93647
1.95861
1.965
1.95632
1.95384
1.94808
1.94363
1.93545
1.93576
1.95633
1.9638
1.95507
1.95311
1.94774
1.9436
1.9365
1.93578
1.95466
1.9629
1.95409
1.95245
1.94729
1.94326
1.93665
1.93515
1.95466
1.9629
1.95409
1.95245
1.94729
1.94326
1.93665
1.93515
1.95633
1.9638
1.95507
1.95311
1.94774
1.9436
1.9365
1.93578
1.95861
1.965
1.95632
1.95384
1.94808
1.94363
1.93545
1.93576
1.9605
1.96599
1.95734
1.9544
1.94824
1.94361
1.93445
1.93647
1.96173
1.96634
1.95743
1.95376
1.94675
1.94122
1.92959
1.93179
1.96254
1.96653
1.95743
1.95318
1.94577
1.93858
1.92854
1.92033
1.97668
1.97081
1.96776
1.96293
1.95775
1.9522
1.9446
1.9389
1.97628
1.97061
1.96793
1.96356
1.95874
1.95474
1.94544
1.94937
1.97561
1.9703
1.96813
1.96436
1.96039
1.95723
1.95026
1.95399
1.97455
1.96939
1.96755
1.96408
1.96051
1.95749
1.95141
1.95342
1.97321
1.96828
1.96678
1.96364
1.9605
1.95771
1.95263
1.95358
1.97222
1.96746
1.96614
1.96319
1.96026
1.95755
1.95292
1.95307
1.97222
1.96746
1.96614
1.96319
1.96026
1.95755
1.95292
1.95307
1.97321
1.96828
1.96678
1.96364
1.9605
1.95771
1.95263
1.95358
1.97455
1.96939
1.96755
1.96408
1.96051
1.95749
1.95141
1.95342
1.97561
1.9703
1.96813
1.96436
1.96039
1.95723
1.95026
1.95399
1.97628
1.97061
1.96793
1.96357
1.95874
1.95474
1.94544
1.94937
1.97668
1.97081
1.96776
1.96293
1.95775
1.9522
1.9446
1.9389
2.7869
2.99052
3.15502
3.36488
3.55674
3.88003
3.8621
4.9103
2.77748
2.96299
3.11536
3.30003
3.48376
3.70789
3.83051
4.25977
2.76495
2.9383
3.08162
3.25071
3.42451
3.60494
3.76622
3.98736
2.75334
2.91203
3.04473
3.19742
3.3543
3.50381
3.66026
3.77406
2.74405
2.89435
3.02079
3.16442
3.31099
3.44709
3.59383
3.6715
2.73825
2.88341
3.00594
3.14411
3.28415
3.41311
3.55149
3.6152
2.73601
2.88033
3.00207
3.1393
3.27835
3.40608
3.5439
3.60487
2.73707
2.88472
3.00856
3.14909
3.29237
3.4242
3.56883
3.63616
2.74143
2.89565
3.02413
3.17176
3.32353
3.46602
3.6212
3.71563
2.74673
2.91292
3.04912
3.20953
3.37434
3.54082
3.69871
3.87457
2.75304
2.93017
3.07474
3.24993
3.42568
3.63415
3.76924
4.13143
2.75212
2.94304
3.09459
3.28862
3.4654
3.75898
3.74734
4.66879
2.20402
2.34231
2.33035
2.40676
2.44595
2.53452
2.54072
2.81958
2.19968
2.33323
2.31766
2.38684
2.42281
2.48259
2.52391
2.62428
2.19223
2.32488
2.30649
2.37225
2.40559
2.45428
2.50274
2.55403
2.18635
2.31672
2.29576
2.35803
2.38789
2.42831
2.47868
2.49632
2.18191
2.31118
2.28864
2.34886
2.37643
2.41231
2.46188
2.46169
2.18083
2.30891
2.28587
2.34492
2.37133
2.40513
2.45384
2.4462
2.18337
2.31044
2.28812
2.34704
2.37367
2.40775
2.45609
2.44996
2.18966
2.31602
2.29582
2.35586
2.38437
2.42162
2.47043
2.47664
2.19985
2.32485
2.30775
2.36937
2.4003
2.44273
2.48963
2.51953
2.21244
2.33781
2.32592
2.39184
2.4281
2.48296
2.52774
2.6108
2.22758
2.34906
2.341
2.40812
2.4444
2.50962
2.5322
2.67877
2.24257
2.36611
2.36652
2.44291
2.48676
2.58954
2.58162
2.94726
2.17042
2.17066
2.20138
2.22281
2.25363
2.29132
2.32238
2.40769
2.16814
2.16521
2.19353
2.21093
2.23797
2.26423
2.29955
2.32248
2.16506
2.16063
2.1877
2.20326
2.22826
2.25147
2.28413
2.30156
2.1627
2.15645
2.18246
2.19624
2.21941
2.23998
2.27143
2.28278
2.16099
2.15378
2.17909
2.19182
2.21384
2.23277
2.26312
2.27034
2.16049
2.15295
2.17781
2.19005
2.21146
2.22962
2.25935
2.26493
2.16133
2.15423
2.17885
2.1912
2.21254
2.23087
2.26
2.2671
2.16345
2.15777
2.18247
2.19572
2.2177
2.23758
2.26641
2.27982
2.16703
2.16314
2.18788
2.20229
2.22488
2.24683
2.27378
2.29697
2.17099
2.17099
2.19669
2.21414
2.23936
2.26721
2.29449
2.34065
2.17616
2.17775
2.20275
2.22089
2.24508
2.27481
2.29148
2.3543
2.18006
2.18914
2.21673
2.24183
2.27267
2.32021
2.33831
2.49106
2.06178
2.0858
2.08589
2.09953
2.11052
2.12544
2.14384
2.169
2.06067
2.0832
2.08205
2.09375
2.10256
2.11254
2.13008
2.13038
2.05909
2.08116
2.07939
2.09035
2.09811
2.10722
2.12193
2.12405
2.05798
2.07952
2.07731
2.08766
2.09469
2.10309
2.11673
2.11881
2.05737
2.07862
2.07618
2.08619
2.09284
2.10079
2.11375
2.1154
2.05757
2.07861
2.07615
2.08603
2.09254
2.10036
2.11305
2.11481
2.05866
2.07959
2.07728
2.08721
2.09381
2.10184
2.11426
2.11724
2.06062
2.08161
2.07968
2.08996
2.09694
2.10575
2.11805
2.12424
2.06359
2.08449
2.08304
2.09366
2.10101
2.11069
2.12215
2.13266
2.06693
2.08852
2.08814
2.09999
2.10876
2.12111
2.13329
2.15386
2.07129
2.09199
2.09198
2.10369
2.11205
2.12454
2.13228
2.15725
2.07514
2.09801
2.10049
2.11554
2.12812
2.14916
2.16185
2.22642
2.03932
2.0416
2.04563
2.04995
2.05552
2.06161
2.07101
2.07945
2.03883
2.04037
2.0438
2.0472
2.05166
2.05554
2.06399
2.06171
2.03819
2.03945
2.0426
2.04563
2.04956
2.05311
2.05991
2.0593
2.03777
2.03876
2.04172
2.04449
2.04808
2.05139
2.05754
2.05753
2.03757
2.03844
2.04129
2.04392
2.04733
2.05049
2.05625
2.0564
2.03767
2.03854
2.04134
2.04394
2.0473
2.05043
2.05602
2.05645
2.0381
2.03911
2.0419
2.04455
2.04794
2.05119
2.05664
2.05775
2.03884
2.04016
2.04299
2.04585
2.0494
2.053
2.05837
2.06102
2.03994
2.04161
2.04447
2.04755
2.05123
2.05522
2.0602
2.06477
2.0411
2.04359
2.04672
2.05044
2.05477
2.05995
2.06538
2.07442
2.04265
2.04532
2.04831
2.05205
2.05612
2.06122
2.06468
2.07506
2.04379
2.04831
2.05215
2.05765
2.06382
2.0729
2.07954
2.10775
2.01475
2.01938
2.01959
2.02223
2.0246
2.02745
2.03202
2.03537
2.01453
2.01883
2.01876
2.02098
2.02282
2.02468
2.02871
2.02735
2.01423
2.01842
2.01821
2.02027
2.02186
2.02358
2.02678
2.02632
2.01406
2.01813
2.01785
2.01979
2.02124
2.02286
2.02575
2.02572
2.014
2.01803
2.0177
2.01959
2.02096
2.02254
2.02524
2.02538
2.01411
2.01812
2.01779
2.01967
2.02103
2.02261
2.02524
2.02557
2.01441
2.01843
2.01813
2.02003
2.02142
2.02307
2.02564
2.02632
2.01489
2.01896
2.01872
2.02071
2.02218
2.02399
2.02654
2.02793
2.01558
2.01968
2.01952
2.02159
2.02314
2.02512
2.02753
2.02977
2.01633
2.02063
2.02067
2.023
2.02486
2.02736
2.03
2.03417
2.01731
2.02149
2.02157
2.02389
2.02566
2.02812
2.02996
2.03461
2.01815
2.02289
2.02349
2.02658
2.02935
2.0336
2.03708
2.04966
2.00769
2.00856
2.00913
2.01007
2.01113
2.01231
2.0143
2.01559
2.00759
2.00832
2.00877
2.00953
2.01036
2.01113
2.01285
2.01215
2.00748
2.00815
2.00854
2.00922
2.00994
2.01064
2.01199
2.0117
2.00741
2.00803
2.00839
2.00902
2.00968
2.01034
2.01155
2.01146
2.00739
2.008
2.00833
2.00894
2.00957
2.0102
2.01133
2.01133
2.00743
2.00805
2.00837
2.00898
2.0096
2.01024
2.01134
2.01144
2.00754
2.00819
2.00852
2.00914
2.00977
2.01044
2.01151
2.01177
2.00772
2.00843
2.00877
2.00943
2.0101
2.01084
2.0119
2.01247
2.00797
2.00875
2.0091
2.00981
2.01051
2.01133
2.01233
2.01327
2.00823
2.00916
2.00957
2.0104
2.01123
2.01227
2.01339
2.01515
2.00856
2.00954
2.00993
2.01077
2.01157
2.01259
2.01338
2.01535
2.00882
2.01015
2.01072
2.01191
2.01314
2.01493
2.01647
2.02183
2.0026
2.00347
2.0035
2.00396
2.00438
2.00488
2.0057
2.00622
2.00256
2.00337
2.00336
2.00374
2.00407
2.0044
2.00511
2.00484
2.00252
2.0033
2.00326
2.00362
2.0039
2.0042
2.00476
2.00465
2.00249
2.00326
2.0032
2.00354
2.0038
2.00408
2.00459
2.00457
2.00249
2.00325
2.00318
2.00351
2.00376
2.00404
2.00451
2.00453
2.00251
2.00328
2.00321
2.00354
2.00378
2.00406
2.00452
2.00458
2.00257
2.00334
2.00328
2.00361
2.00386
2.00416
2.0046
2.00473
2.00266
2.00345
2.00339
2.00374
2.00401
2.00433
2.00478
2.00503
2.00278
2.00358
2.00354
2.00391
2.00419
2.00454
2.00497
2.00538
2.00292
2.00376
2.00375
2.00416
2.00449
2.00494
2.00541
2.00614
2.00309
2.00393
2.00392
2.00434
2.00466
2.0051
2.00545
2.00626
2.00324
2.00418
2.00426
2.00481
2.00531
2.00605
2.00672
2.00888
2.00129
2.00136
2.00147
2.00161
2.00177
2.00196
2.00227
2.00245
2.00128
2.00133
2.00141
2.00153
2.00166
2.00179
2.00205
2.00196
2.00126
2.0013
2.00138
2.00149
2.0016
2.00171
2.00192
2.00189
2.00125
2.00129
2.00136
2.00146
2.00156
2.00167
2.00186
2.00186
2.00125
2.00128
2.00135
2.00145
2.00155
2.00165
2.00183
2.00185
2.00126
2.00129
2.00136
2.00146
2.00156
2.00166
2.00184
2.00187
2.00128
2.00132
2.00139
2.00148
2.00159
2.0017
2.00187
2.00192
2.00131
2.00136
2.00143
2.00153
2.00164
2.00176
2.00193
2.00203
2.00135
2.00141
2.00148
2.00159
2.00171
2.00184
2.002
2.00216
2.0014
2.00147
2.00155
2.00168
2.00182
2.00198
2.00216
2.00243
2.00145
2.00153
2.00161
2.00175
2.00188
2.00204
2.00218
2.00248
2.00149
2.00162
2.00173
2.00191
2.00211
2.00238
2.00264
2.00342
1.99975
2.00016
2.00004
2.0001
2.00012
2.00015
2.0002
2.00024
1.99975
2.00015
2.00003
2.00009
2.0001
2.00012
2.00016
2.00014
1.99975
2.00015
2.00002
2.00008
2.00008
2.0001
2.00013
2.00012
1.99975
2.00014
2.00002
2.00007
2.00008
2.00009
2.00012
2.00011
1.99975
2.00014
2.00002
2.00007
2.00007
2.00009
2.00012
2.00011
1.99975
2.00015
2.00002
2.00007
2.00008
2.00009
2.00012
2.00011
1.99975
2.00015
2.00002
2.00008
2.00008
2.0001
2.00012
2.00012
1.99976
2.00016
2.00003
2.00009
2.00009
2.00011
2.00014
2.00015
1.99976
2.00017
2.00004
2.0001
2.0001
2.00013
2.00015
2.00017
1.99976
2.00018
2.00005
2.00011
2.00012
2.00015
2.00018
2.00023
1.99976
2.00019
2.00006
2.00013
2.00014
2.00017
2.00019
2.00024
1.99976
2.00021
2.00008
2.00016
2.00018
2.00023
2.00027
2.00043
2.00079
1.99977
2.00013
1.99998
1.99998
1.99993
1.99987
1.99981
2.00079
1.99979
2.00015
2.00001
2.00002
2
1.99994
2.00001
2.00079
1.99979
2.00016
2.00002
2.00004
2.00003
1.99999
2.00004
2.00078
1.9998
2.00016
2.00003
2.00006
2.00004
2.00001
2.00006
2.00078
1.9998
2.00017
2.00004
2.00006
2.00005
2.00003
2.00007
2.00078
1.9998
2.00017
2.00004
2.00006
2.00005
2.00003
2.00007
2.00078
1.99979
2.00016
2.00003
2.00006
2.00004
2.00002
2.00005
2.00078
1.99978
2.00015
2.00002
2.00004
2.00003
2.00001
2.00002
2.00079
1.99976
2.00015
2.00001
2.00003
2.00001
1.99999
1.99998
2.0008
1.99974
2.00013
1.99998
2
1.99996
1.99994
1.99987
2.00081
1.99973
2.00012
1.99997
1.99999
1.99995
1.99996
1.99987
2.00083
1.9997
2.00009
1.99992
1.99991
1.99983
1.9998
1.9995
1.99552
1.99747
1.99634
1.9963
1.99582
1.9954
1.9947
1.99419
1.99556
1.99754
1.99644
1.99644
1.99602
1.99571
1.99509
1.99508
1.99562
1.99759
1.99651
1.99653
1.99614
1.99584
1.99531
1.9952
1.99566
1.99762
1.99656
1.99659
1.99621
1.99592
1.99544
1.99527
1.99568
1.99764
1.99658
1.99662
1.99625
1.99596
1.9955
1.9953
1.99567
1.99763
1.99657
1.99661
1.99624
1.99595
1.9955
1.99528
1.99562
1.9976
1.99653
1.99657
1.99619
1.9959
1.99545
1.9952
1.99554
1.99754
1.99645
1.99649
1.9961
1.99579
1.99535
1.99502
1.99543
1.99746
1.99635
1.99638
1.99599
1.99566
1.99522
1.99482
1.99529
1.99736
1.99621
1.99622
1.99579
1.99541
1.99494
1.99435
1.99512
1.99726
1.99608
1.9961
1.99567
1.9953
1.9949
1.99427
1.99497
1.99711
1.99584
1.99579
1.99525
1.9947
1.99411
1.99265
2.002
1.99503
1.99785
1.99636
1.99634
1.99578
1.99508
1.99437
2.002
1.99518
1.99805
1.99669
1.99679
1.99653
1.99587
1.99662
2.00201
1.99528
1.99817
1.99686
1.99703
1.99682
1.99636
1.9969
2.00199
1.99536
1.99825
1.99697
1.99719
1.99701
1.99662
1.99709
2.00198
1.99539
1.99828
1.99702
1.99726
1.9971
1.99676
1.99721
2.00195
1.99536
1.99826
1.99701
1.99725
1.99709
1.99677
1.99718
2.00192
1.99527
1.99819
1.99692
1.99716
1.99698
1.99669
1.99699
2.0019
1.99511
1.99807
1.99676
1.99698
1.99674
1.99647
1.99653
2.00186
1.9949
1.99792
1.99655
1.99677
1.99648
1.99628
1.99604
2.00187
1.99463
1.99769
1.9962
1.99634
1.99586
1.99563
1.99468
2.0018
1.99439
1.99755
1.99605
1.99626
1.9958
1.99592
1.99475
2.00186
1.99398
1.99712
1.99533
1.99528
1.99425
1.99398
1.99034
1.96763
1.97039
1.96193
1.95738
1.95015
1.94235
1.93363
1.92006
1.96805
1.97117
1.96313
1.95916
1.95259
1.94642
1.93763
1.93301
1.96859
1.97177
1.96396
1.96022
1.95397
1.94814
1.94004
1.93561
1.969
1.97225
1.96464
1.96108
1.95509
1.94954
1.94177
1.93774
1.96923
1.97252
1.96501
1.96156
1.9557
1.95032
1.94277
1.939
1.9692
1.97252
1.96504
1.96163
1.95583
1.9505
1.94306
1.9393
1.96887
1.97225
1.96471
1.96129
1.95547
1.95008
1.94273
1.9386
1.96824
1.97167
1.96398
1.96047
1.95452
1.94889
1.94156
1.93643
1.9673
1.97085
1.96296
1.95937
1.95329
1.94738
1.94029
1.93375
1.96618
1.96966
1.96137
1.95742
1.95088
1.94409
1.9368
1.92681
1.96484
1.96867
1.96022
1.95631
1.9499
1.94297
1.93725
1.92512
1.96354
1.96685
1.95758
1.95268
1.945
1.93532
1.92854
1.90274
1.98017
1.97445
1.97122
1.96626
1.96104
1.95473
1.94849
1.93688
1.98046
1.97515
1.97227
1.96784
1.96319
1.9584
1.95183
1.94864
1.98086
1.9757
1.973
1.9688
1.96444
1.96001
1.95399
1.9512
1.98115
1.97615
1.9736
1.96961
1.96548
1.96134
1.9556
1.95332
1.98131
1.9764
1.97394
1.97006
1.96607
1.9621
1.95657
1.95462
1.98128
1.97641
1.97398
1.97015
1.96622
1.96232
1.95689
1.95499
1.98103
1.97614
1.97371
1.96986
1.96592
1.96197
1.95664
1.9544
1.98059
1.97558
1.97309
1.96913
1.96509
1.96091
1.9556
1.95239
1.97991
1.9748
1.97223
1.96815
1.96401
1.95956
1.95453
1.94992
1.97916
1.97368
1.97087
1.96641
1.96186
1.95657
1.9514
1.9434
1.97817
1.97276
1.96995
1.96551
1.96114
1.95571
1.95215
1.942
1.97735
1.97109
1.96772
1.96231
1.95684
1.94884
1.94449
1.92166
2.78736
2.99098
3.1555
3.36528
3.55715
3.87956
3.86295
4.90294
2.77916
2.96524
3.11834
3.30376
3.48867
3.7133
3.84021
4.26361
2.7677
2.94176
3.08595
3.2559
3.43081
3.6117
3.77566
3.99169
2.75744
2.91728
3.05137
3.2055
3.36413
3.51508
3.67468
3.78655
2.74968
2.90159
3.02991
3.17553
3.32439
3.46265
3.61262
3.69029
2.74574
2.89315
3.01821
3.15914
3.30228
3.43443
3.57657
3.64262
2.74574
2.89315
3.01821
3.15914
3.30228
3.43443
3.57657
3.64262
2.74968
2.90159
3.02991
3.17552
3.32439
3.46264
3.61262
3.69026
2.75744
2.91728
3.05137
3.20551
3.36413
3.51507
3.67467
3.78651
2.7677
2.94177
3.08596
3.25591
3.43082
3.61172
3.77568
3.99165
2.77916
2.96525
3.11836
3.30379
3.4887
3.71333
3.84024
4.26357
2.78734
2.99088
3.15539
3.36523
3.55717
3.87961
3.86301
4.90311
2.20355
2.34224
2.33026
2.40695
2.44622
2.53573
2.54077
2.82575
2.19811
2.33247
2.31648
2.38592
2.42165
2.48204
2.52144
2.62676
2.1895
2.32365
2.30463
2.37092
2.40424
2.45367
2.50137
2.5567
2.18221
2.31466
2.29265
2.3555
2.38517
2.42602
2.47571
2.4958
2.1761
2.30819
2.28415
2.34509
2.37239
2.40861
2.4578
2.45926
2.17299
2.3047
2.27958
2.33946
2.36539
2.3993
2.44777
2.44071
2.17299
2.3047
2.27958
2.33946
2.36539
2.3993
2.44777
2.44071
2.1761
2.30818
2.28414
2.34509
2.37239
2.40861
2.4578
2.45926
2.1822
2.31465
2.29265
2.3555
2.38516
2.42602
2.47571
2.4958
2.1895
2.32364
2.30462
2.37091
2.40423
2.45366
2.50136
2.55672
2.1981
2.33246
2.31647
2.38591
2.42164
2.48203
2.52142
2.62676
2.20357
2.34227
2.3303
2.40696
2.44622
2.53572
2.54075
2.82575
2.17035
2.17066
2.20158
2.22324
2.2542
2.2929
2.32272
2.41459
2.16795
2.16474
2.19336
2.21087
2.23792
2.26499
2.29838
2.3272
2.16462
2.15985
2.18754
2.20337
2.22878
2.25304
2.28515
2.3076
2.16193
2.15505
2.18182
2.1958
2.2194
2.24081
2.27196
2.28678
2.15973
2.15163
2.17791
2.19083
2.21343
2.23319
2.26374
2.27369
2.15861
2.1498
2.17583
2.18817
2.21023
2.22909
2.25936
2.26664
2.15861
2.1498
2.17583
2.18817
2.21023
2.22909
2.25936
2.26664
2.15973
2.15163
2.17791
2.19083
2.21343
2.23319
2.26374
2.27369
2.16193
2.15505
2.18182
2.1958
2.2194
2.24081
2.27196
2.28677
2.16462
2.15986
2.18754
2.20338
2.22879
2.25305
2.28516
2.3076
2.16795
2.16475
2.19337
2.21087
2.23793
2.265
2.29839
2.32719
2.17034
2.17063
2.20155
2.22323
2.25422
2.29293
2.32275
2.41468
2.06158
2.0858
2.08597
2.09981
2.11092
2.12662
2.1441
2.17476
2.06007
2.08277
2.08158
2.09337
2.10208
2.11258
2.12842
2.1336
2.05798
2.08046
2.0787
2.08992
2.09782
2.10763
2.12173
2.12795
2.05627
2.07828
2.07597
2.08653
2.09363
2.10247
2.11562
2.12032
2.05491
2.07674
2.07413
2.08435
2.09107
2.09937
2.11213
2.11559
2.05421
2.07593
2.07317
2.08321
2.08972
2.09772
2.11035
2.11297
2.05421
2.07593
2.07317
2.08321
2.08972
2.09772
2.11035
2.11297
2.05491
2.07674
2.07413
2.08435
2.09107
2.09937
2.11213
2.11559
2.05627
2.07828
2.07597
2.08653
2.09363
2.10247
2.11562
2.12031
2.05798
2.08046
2.0787
2.08992
2.09782
2.10763
2.12173
2.12795
2.06007
2.08277
2.08158
2.09337
2.10208
2.11258
2.12842
2.13359
2.06159
2.08579
2.08597
2.09981
2.11092
2.12663
2.1441
2.17481
2.03925
2.0416
2.04571
2.05015
2.05581
2.06238
2.07123
2.08319
2.03863
2.04012
2.04361
2.04704
2.05147
2.05568
2.0631
2.06397
2.03778
2.03902
2.04232
2.04548
2.04955
2.05355
2.05999
2.06202
2.03712
2.038
2.04111
2.04396
2.04765
2.05125
2.05714
2.0588
2.0366
2.03729
2.04032
2.043
2.04653
2.04992
2.0556
2.05689
2.03634
2.03691
2.03991
2.0425
2.04595
2.04921
2.05482
2.0558
2.03634
2.03691
2.03991
2.0425
2.04595
2.04921
2.05482
2.0558
2.0366
2.03729
2.04032
2.043
2.04653
2.04992
2.0556
2.05689
2.03712
2.038
2.04111
2.04396
2.04765
2.05125
2.05714
2.0588
2.03778
2.03902
2.04232
2.04548
2.04955
2.05355
2.06
2.06202
2.03863
2.04012
2.04361
2.04704
2.05147
2.05568
2.06309
2.06396
2.03925
2.04159
2.04571
2.05015
2.05582
2.06239
2.07123
2.08322
2.01468
2.01937
2.01962
2.02233
2.02475
2.02787
2.03215
2.03747
2.01435
2.01867
2.01861
2.02085
2.02268
2.02471
2.02817
2.02856
2.01389
2.01815
2.01798
2.02011
2.02177
2.02372
2.02673
2.02773
2.01352
2.01767
2.0174
2.01939
2.02088
2.02265
2.02539
2.02625
2.01323
2.01733
2.01701
2.01894
2.02035
2.02203
2.02467
2.0254
2.01309
2.01716
2.01681
2.01871
2.02008
2.02171
2.02431
2.02491
2.01309
2.01716
2.01681
2.01871
2.02008
2.02171
2.02431
2.02491
2.01323
2.01733
2.01701
2.01894
2.02035
2.02203
2.02467
2.0254
2.01352
2.01767
2.0174
2.01939
2.02088
2.02265
2.02538
2.02625
2.01389
2.01815
2.01798
2.02011
2.02177
2.02372
2.02673
2.02773
2.01435
2.01867
2.01861
2.02085
2.02268
2.02471
2.02817
2.02856
2.01468
2.01937
2.01962
2.02233
2.02475
2.02787
2.03215
2.03749
2.00766
2.00855
2.00915
2.01012
2.01121
2.01252
2.01437
2.01663
2.00753
2.00825
2.00871
2.00948
2.01031
2.01115
2.01261
2.01277
2.00735
2.00802
2.00844
2.00916
2.00992
2.01072
2.01199
2.01241
2.00721
2.00781
2.0082
2.00885
2.00953
2.01026
2.0114
2.01175
2.0071
2.00766
2.00803
2.00865
2.00931
2.00999
2.01109
2.01138
2.00704
2.00759
2.00795
2.00855
2.00919
2.00985
2.01094
2.01116
2.00704
2.00759
2.00795
2.00855
2.00919
2.00985
2.01094
2.01116
2.0071
2.00766
2.00803
2.00865
2.00931
2.00999
2.01109
2.01138
2.00721
2.00781
2.0082
2.00885
2.00953
2.01026
2.0114
2.01175
2.00735
2.00802
2.00844
2.00916
2.00992
2.01072
2.01199
2.01241
2.00753
2.00825
2.00871
2.00948
2.01031
2.01115
2.01261
2.01277
2.00766
2.00855
2.00915
2.01012
2.01121
2.01252
2.01437
2.01664
2.00258
2.00346
2.0035
2.00398
2.00441
2.00496
2.00573
2.00668
2.00252
2.00334
2.00332
2.00372
2.00404
2.00441
2.00501
2.00511
2.00244
2.00324
2.00321
2.00358
2.00388
2.00423
2.00475
2.00495
2.00238
2.00315
2.0031
2.00345
2.00372
2.00403
2.00451
2.00467
2.00233
2.00309
2.00303
2.00337
2.00362
2.00392
2.00438
2.00452
2.0023
2.00306
2.003
2.00333
2.00357
2.00386
2.00431
2.00443
2.0023
2.00306
2.003
2.00333
2.00357
2.00386
2.00431
2.00443
2.00233
2.00309
2.00303
2.00337
2.00362
2.00392
2.00438
2.00452
2.00238
2.00315
2.0031
2.00345
2.00372
2.00403
2.00451
2.00467
2.00244
2.00324
2.00321
2.00358
2.00388
2.00423
2.00475
2.00495
2.00252
2.00334
2.00332
2.00372
2.00404
2.00441
2.005
2.00511
2.00258
2.00346
2.0035
2.00398
2.00441
2.00497
2.00573
2.00668
2.00129
2.00136
2.00147
2.00162
2.00179
2.00199
2.00228
2.00263
2.00127
2.00131
2.0014
2.00152
2.00165
2.00179
2.00201
2.00206
2.00124
2.00128
2.00136
2.00147
2.00159
2.00172
2.00192
2.002
2.00122
2.00125
2.00132
2.00143
2.00153
2.00165
2.00183
2.0019
2.0012
2.00122
2.0013
2.00139
2.0015
2.00161
2.00178
2.00184
2.00119
2.00121
2.00128
2.00138
2.00148
2.00159
2.00176
2.00181
2.00119
2.00121
2.00128
2.00138
2.00148
2.00159
2.00176
2.00181
2.0012
2.00122
2.0013
2.00139
2.0015
2.00161
2.00178
2.00184
2.00122
2.00125
2.00132
2.00143
2.00153
2.00165
2.00183
2.0019
2.00124
2.00128
2.00136
2.00147
2.00159
2.00172
2.00192
2.002
2.00127
2.00131
2.0014
2.00152
2.00165
2.00179
2.00201
2.00206
2.00129
2.00136
2.00147
2.00162
2.00179
2.00199
2.00228
2.00263
1.99975
2.00016
2.00004
2.0001
2.00012
2.00016
2.00021
2.00028
1.99975
2.00015
2.00003
2.00008
2.0001
2.00012
2.00015
2.00016
1.99975
2.00014
2.00002
2.00008
2.00008
2.00011
2.00014
2.00015
1.99974
2.00013
2.00001
2.00007
2.00007
2.00009
2.00012
2.00012
1.99974
2.00013
2.00001
2.00006
2.00006
2.00008
2.00011
2.00011
1.99974
2.00013
2
2.00006
2.00006
2.00008
2.0001
2.0001
1.99974
2.00013
2
2.00006
2.00006
2.00008
2.0001
2.0001
1.99974
2.00013
2.00001
2.00006
2.00006
2.00008
2.00011
2.00011
1.99974
2.00013
2.00001
2.00007
2.00007
2.00009
2.00012
2.00012
1.99975
2.00014
2.00002
2.00008
2.00008
2.00011
2.00014
2.00015
1.99975
2.00015
2.00003
2.00008
2.0001
2.00012
2.00015
2.00016
1.99975
2.00016
2.00004
2.0001
2.00012
2.00016
2.00021
2.00028
2.00079
1.99977
2.00013
1.99998
1.99998
1.99992
1.99987
1.99975
2.00079
1.99979
2.00015
2.00001
2.00002
2
1.99995
1.99997
2.00078
1.9998
2.00016
2.00002
2.00004
2.00002
1.99998
2
2.00078
1.99981
2.00017
2.00004
2.00006
2.00004
2.00001
2.00004
2.00078
1.99981
2.00017
2.00005
2.00007
2.00005
2.00003
2.00006
2.00078
1.99982
2.00018
2.00005
2.00007
2.00006
2.00004
2.00007
2.00078
1.99982
2.00018
2.00005
2.00007
2.00006
2.00004
2.00007
2.00078
1.99981
2.00017
2.00005
2.00007
2.00005
2.00003
2.00006
2.00078
1.99981
2.00017
2.00004
2.00006
2.00004
2.00001
2.00004
2.00078
1.9998
2.00016
2.00002
2.00004
2.00002
1.99998
2
2.00079
1.99979
2.00015
2.00001
2.00002
2
1.99995
1.99997
2.00079
1.99977
2.00013
1.99998
1.99997
1.99992
1.99987
1.99975
1.99553
1.99747
1.99634
1.99629
1.9958
1.99536
1.99469
1.99396
1.99559
1.99755
1.99646
1.99646
1.99604
1.99571
1.99516
1.99496
1.99567
1.99761
1.99654
1.99655
1.99615
1.99583
1.99533
1.99506
1.99574
1.99767
1.99662
1.99664
1.99626
1.99595
1.99549
1.99522
1.99579
1.99771
1.99667
1.9967
1.99632
1.99603
1.99557
1.99532
1.99582
1.99773
1.99669
1.99673
1.99636
1.99607
1.99562
1.99537
1.99582
1.99773
1.99669
1.99673
1.99636
1.99607
1.99562
1.99537
1.99579
1.99771
1.99667
1.9967
1.99632
1.99603
1.99557
1.99532
1.99574
1.99767
1.99662
1.99664
1.99626
1.99595
1.99549
1.99522
1.99567
1.99761
1.99654
1.99655
1.99615
1.99583
1.99533
1.99506
1.99559
1.99755
1.99646
1.99646
1.99604
1.99571
1.99516
1.99496
1.99553
1.99747
1.99634
1.99629
1.9958
1.99535
1.99469
1.99396
2.002
1.99503
1.99784
1.99633
1.99629
1.99565
1.99504
1.99376
2.00201
1.99522
1.99807
1.9967
1.99682
1.9965
1.996
1.99624
2.00204
1.99536
1.9982
1.99687
1.99702
1.99674
1.99633
1.99645
2.00204
1.99549
1.99832
1.99705
1.99724
1.99701
1.99667
1.99687
2.00205
1.99558
1.9984
1.99715
1.99736
1.99717
1.99684
1.99712
2.00205
1.99563
1.99844
1.99721
1.99743
1.99725
1.99694
1.99726
2.00205
1.99563
1.99844
1.99721
1.99743
1.99725
1.99694
1.99726
2.00205
1.99558
1.9984
1.99715
1.99736
1.99717
1.99684
1.99712
2.00204
1.99549
1.99832
1.99705
1.99724
1.99701
1.99667
1.99687
2.00204
1.99536
1.9982
1.99687
1.99702
1.99674
1.99633
1.99645
2.00201
1.99522
1.99807
1.9967
1.99682
1.9965
1.996
1.99624
2.002
1.99503
1.99784
1.99633
1.99629
1.99565
1.99504
1.99376
1.96768
1.97039
1.96191
1.9573
1.95003
1.942
1.93356
1.91833
1.96823
1.97131
1.96329
1.9593
1.95277
1.94645
1.93821
1.93212
1.96891
1.97198
1.96417
1.96035
1.95407
1.94803
1.94013
1.93444
1.9695
1.97262
1.96504
1.96142
1.95541
1.94973
1.94212
1.93729
1.96996
1.97307
1.96561
1.96209
1.95622
1.95073
1.94325
1.93892
1.9702
1.9733
1.96591
1.96245
1.95664
1.95125
1.94384
1.9398
1.9702
1.9733
1.96591
1.96245
1.95664
1.95125
1.94384
1.9398
1.96996
1.97307
1.96561
1.96209
1.95622
1.95073
1.94325
1.93892
1.9695
1.97262
1.96504
1.96142
1.95541
1.94973
1.94213
1.93729
1.96891
1.97198
1.96417
1.96035
1.95407
1.94803
1.94013
1.93444
1.96823
1.97131
1.96329
1.9593
1.95277
1.94645
1.93822
1.93212
1.96768
1.9704
1.96191
1.9573
1.95003
1.942
1.93356
1.91832
1.98022
1.97445
1.97119
1.96617
1.96091
1.95436
1.9484
1.93514
1.98058
1.97527
1.97236
1.96791
1.96327
1.95831
1.95223
1.94757
1.9811
1.97589
1.97314
1.96887
1.96444
1.95978
1.95393
1.94991
1.98151
1.9765
1.9739
1.96985
1.96567
1.96137
1.95575
1.95268
1.98184
1.97693
1.97441
1.97047
1.96642
1.96232
1.95681
1.9543
1.98201
1.97715
1.97468
1.9708
1.96682
1.96283
1.95737
1.95519
1.98201
1.97715
1.97468
1.9708
1.96682
1.96283
1.95737
1.95519
1.98184
1.97693
1.97441
1.97047
1.96642
1.96232
1.95681
1.9543
1.98151
1.9765
1.9739
1.96985
1.96567
1.96137
1.95575
1.95268
1.9811
1.97589
1.97314
1.96887
1.96444
1.95978
1.95393
1.9499
1.98059
1.97527
1.97236
1.96791
1.96327
1.95831
1.95224
1.94757
1.98022
1.97445
1.97119
1.96617
1.96091
1.95436
1.9484
1.93514
2.75212
2.94308
3.09463
3.28863
3.46538
3.75893
3.74727
4.66868
2.75304
2.93016
3.07472
3.2499
3.42565
3.6341
3.76916
4.13139
2.74672
2.91291
3.04911
3.2095
3.37431
3.54078
3.69865
3.87451
2.74143
2.89565
3.02412
3.17175
3.32351
3.466
3.62117
3.7156
2.73706
2.88472
3.00855
3.14908
3.29236
3.42418
3.56881
3.63613
2.73601
2.88033
3.00206
3.13929
3.27834
3.40607
3.54388
3.60486
2.73825
2.88341
3.00594
3.14412
3.28415
3.41311
3.55149
3.6152
2.74406
2.89435
3.0208
3.16443
3.311
3.44709
3.59384
3.67151
2.75334
2.91203
3.04473
3.19743
3.35431
3.50382
3.66028
3.77407
2.76495
2.93831
3.08163
3.25073
3.42454
3.60498
3.76627
3.9874
2.77749
2.96301
3.11539
3.30007
3.48381
3.70794
3.83057
4.2598
2.78689
2.99042
3.15492
3.36484
3.55677
3.88011
3.8622
4.91051
2.24256
2.3661
2.3665
2.4429
2.48675
2.58954
2.58161
2.94726
2.22758
2.34906
2.34101
2.40812
2.4444
2.50963
2.5322
2.67878
2.21244
2.33781
2.32592
2.39184
2.42811
2.48297
2.52774
2.6108
2.19986
2.32485
2.30775
2.36937
2.40031
2.44274
2.48964
2.51954
2.18966
2.31602
2.29582
2.35586
2.38438
2.42162
2.47044
2.47665
2.18337
2.31044
2.28812
2.34705
2.37368
2.40776
2.4561
2.44997
2.18084
2.30892
2.28587
2.34493
2.37133
2.40513
2.45384
2.44621
2.18191
2.31118
2.28864
2.34886
2.37643
2.41232
2.46189
2.4617
2.18635
2.31672
2.29577
2.35803
2.38789
2.42831
2.47868
2.49633
2.19223
2.32488
2.30649
2.37225
2.40559
2.45428
2.50274
2.55405
2.19968
2.33323
2.31766
2.38684
2.42281
2.48259
2.52391
2.62428
2.20403
2.34235
2.3304
2.40678
2.44597
2.53453
2.54072
2.81958
2.18007
2.18916
2.21675
2.24184
2.27266
2.3202
2.33829
2.49104
2.17616
2.17775
2.20275
2.22088
2.24508
2.27481
2.29147
2.35432
2.17099
2.17099
2.19669
2.21414
2.23936
2.2672
2.29448
2.34065
2.16702
2.16313
2.18788
2.20229
2.22488
2.24682
2.27377
2.29697
2.16345
2.15777
2.18247
2.19572
2.21769
2.23758
2.26641
2.27982
2.16133
2.15423
2.17885
2.1912
2.21253
2.23087
2.26
2.26709
2.16049
2.15295
2.17781
2.19005
2.21146
2.22962
2.25934
2.26492
2.16099
2.15378
2.17909
2.19182
2.21384
2.23278
2.26313
2.27034
2.1627
2.15645
2.18246
2.19625
2.21941
2.23998
2.27143
2.28278
2.16507
2.16063
2.18771
2.20326
2.22827
2.25148
2.28414
2.30157
2.16814
2.16521
2.19353
2.21093
2.23797
2.26423
2.29956
2.32247
2.17042
2.17063
2.20135
2.22279
2.25364
2.29135
2.32241
2.40776
2.07514
2.09801
2.10049
2.11554
2.12812
2.14915
2.16184
2.2264
2.07129
2.09199
2.09198
2.10369
2.11205
2.12454
2.13227
2.15725
2.06693
2.08851
2.08814
2.09998
2.10876
2.12111
2.13328
2.15385
2.06359
2.08448
2.08303
2.09366
2.10101
2.11069
2.12215
2.13266
2.06062
2.08161
2.07968
2.08995
2.09694
2.10575
2.11805
2.12424
2.05866
2.07959
2.07728
2.08721
2.09381
2.10184
2.11426
2.11723
2.05757
2.07861
2.07615
2.08603
2.09254
2.10036
2.11305
2.11481
2.05737
2.07862
2.07618
2.08619
2.09284
2.10079
2.11376
2.1154
2.05798
2.07953
2.07731
2.08766
2.09469
2.10309
2.11673
2.11881
2.05909
2.08117
2.07939
2.09035
2.09811
2.10723
2.12194
2.12406
2.06066
2.0832
2.08205
2.09375
2.10256
2.11254
2.13008
2.13037
2.06179
2.0858
2.08589
2.09953
2.11052
2.12545
2.14385
2.16904
2.04379
2.04831
2.05216
2.05765
2.06382
2.0729
2.07954
2.10774
2.04265
2.04532
2.04831
2.05205
2.05612
2.06122
2.06467
2.07507
2.0411
2.04359
2.04672
2.05044
2.05477
2.05995
2.06537
2.07442
2.03994
2.04161
2.04447
2.04755
2.05123
2.05522
2.0602
2.06477
2.03884
2.04016
2.04299
2.04585
2.0494
2.053
2.05837
2.06102
2.0381
2.03911
2.0419
2.04455
2.04794
2.05119
2.05664
2.05775
2.03767
2.03854
2.04134
2.04394
2.0473
2.05043
2.05602
2.05645
2.03757
2.03844
2.04129
2.04392
2.04733
2.05049
2.05625
2.0564
2.03777
2.03876
2.04172
2.04449
2.04808
2.05139
2.05754
2.05753
2.03819
2.03945
2.0426
2.04563
2.04956
2.05312
2.05991
2.05931
2.03883
2.04038
2.0438
2.0472
2.05166
2.05554
2.06399
2.06171
2.03932
2.04159
2.04563
2.04995
2.05553
2.06162
2.07102
2.07947
2.01815
2.0229
2.0235
2.02658
2.02935
2.0336
2.03707
2.04965
2.01731
2.02149
2.02157
2.02388
2.02566
2.02812
2.02996
2.03461
2.01633
2.02063
2.02067
2.023
2.02486
2.02736
2.03
2.03417
2.01558
2.01968
2.01952
2.02159
2.02314
2.02512
2.02753
2.02977
2.01489
2.01896
2.01872
2.02071
2.02218
2.02399
2.02654
2.02793
2.01441
2.01843
2.01813
2.02003
2.02142
2.02307
2.02564
2.02632
2.01411
2.01812
2.01779
2.01967
2.02103
2.02261
2.02524
2.02557
2.014
2.01803
2.0177
2.01959
2.02096
2.02254
2.02524
2.02538
2.01406
2.01813
2.01785
2.01979
2.02124
2.02286
2.02575
2.02572
2.01424
2.01842
2.01821
2.02027
2.02186
2.02358
2.02678
2.02632
2.01453
2.01883
2.01876
2.02098
2.02282
2.02468
2.02871
2.02734
2.01475
2.01937
2.01959
2.02223
2.0246
2.02745
2.03202
2.03539
2.00882
2.01015
2.01072
2.01191
2.01314
2.01493
2.01647
2.02182
2.00856
2.00954
2.00993
2.01077
2.01157
2.01259
2.01338
2.01535
2.00823
2.00916
2.00957
2.0104
2.01123
2.01227
2.01338
2.01515
2.00797
2.00875
2.0091
2.00981
2.01051
2.01133
2.01233
2.01327
2.00772
2.00843
2.00877
2.00943
2.0101
2.01084
2.0119
2.01247
2.00754
2.00819
2.00852
2.00914
2.00977
2.01044
2.01151
2.01177
2.00743
2.00805
2.00837
2.00898
2.0096
2.01024
2.01134
2.01144
2.00739
2.008
2.00833
2.00894
2.00957
2.0102
2.01133
2.01133
2.00741
2.00803
2.00839
2.00902
2.00968
2.01034
2.01155
2.01146
2.00748
2.00815
2.00854
2.00922
2.00994
2.01064
2.01199
2.0117
2.00759
2.00832
2.00877
2.00953
2.01036
2.01112
2.01285
2.01215
2.00769
2.00856
2.00913
2.01007
2.01113
2.01231
2.0143
2.0156
2.00324
2.00418
2.00426
2.00481
2.00531
2.00605
2.00672
2.00888
2.00309
2.00393
2.00392
2.00434
2.00466
2.0051
2.00545
2.00626
2.00292
2.00376
2.00375
2.00416
2.00449
2.00494
2.00541
2.00614
2.00278
2.00358
2.00354
2.00391
2.00419
2.00454
2.00497
2.00538
2.00266
2.00345
2.00339
2.00374
2.00401
2.00433
2.00478
2.00503
2.00257
2.00334
2.00328
2.00361
2.00386
2.00416
2.0046
2.00473
2.00251
2.00328
2.00321
2.00354
2.00378
2.00406
2.00452
2.00458
2.00249
2.00325
2.00318
2.00351
2.00376
2.00404
2.00451
2.00453
2.00249
2.00326
2.0032
2.00354
2.0038
2.00408
2.00459
2.00457
2.00252
2.0033
2.00326
2.00362
2.0039
2.0042
2.00476
2.00465
2.00256
2.00337
2.00336
2.00374
2.00407
2.0044
2.00511
2.00484
2.0026
2.00347
2.0035
2.00396
2.00438
2.00488
2.0057
2.00623
2.00149
2.00162
2.00173
2.00191
2.00211
2.00238
2.00264
2.00342
2.00145
2.00153
2.00161
2.00175
2.00188
2.00204
2.00218
2.00248
2.0014
2.00147
2.00155
2.00168
2.00182
2.00198
2.00216
2.00243
2.00135
2.00141
2.00148
2.00159
2.00171
2.00184
2.002
2.00216
2.00131
2.00136
2.00143
2.00153
2.00164
2.00176
2.00193
2.00203
2.00128
2.00132
2.00139
2.00148
2.00159
2.0017
2.00187
2.00192
2.00126
2.00129
2.00136
2.00146
2.00156
2.00166
2.00184
2.00187
2.00125
2.00128
2.00135
2.00145
2.00155
2.00165
2.00183
2.00185
2.00125
2.00129
2.00136
2.00146
2.00156
2.00167
2.00186
2.00186
2.00126
2.0013
2.00138
2.00149
2.0016
2.00171
2.00192
2.00189
2.00128
2.00133
2.00141
2.00153
2.00166
2.00179
2.00205
2.00196
2.00129
2.00136
2.00147
2.00161
2.00177
2.00196
2.00227
2.00246
1.99976
2.00021
2.00008
2.00016
2.00018
2.00023
2.00027
2.00043
1.99976
2.00019
2.00006
2.00013
2.00014
2.00017
2.00019
2.00024
1.99976
2.00018
2.00005
2.00011
2.00012
2.00015
2.00018
2.00023
1.99976
2.00017
2.00004
2.0001
2.0001
2.00013
2.00015
2.00017
1.99976
2.00016
2.00003
2.00009
2.00009
2.00011
2.00014
2.00015
1.99975
2.00015
2.00002
2.00008
2.00008
2.0001
2.00012
2.00012
1.99975
2.00015
2.00002
2.00007
2.00008
2.00009
2.00012
2.00011
1.99975
2.00014
2.00002
2.00007
2.00007
2.00009
2.00012
2.00011
1.99975
2.00014
2.00002
2.00007
2.00008
2.00009
2.00012
2.00011
1.99975
2.00015
2.00002
2.00008
2.00008
2.0001
2.00013
2.00012
1.99975
2.00015
2.00003
2.00009
2.0001
2.00012
2.00016
2.00014
1.99975
2.00016
2.00004
2.0001
2.00012
2.00015
2.0002
2.00024
2.00083
1.9997
2.00009
1.99992
1.99991
1.99983
1.9998
1.9995
2.00081
1.99973
2.00012
1.99997
1.99999
1.99995
1.99996
1.99987
2.0008
1.99974
2.00013
1.99998
2
1.99996
1.99994
1.99987
2.00079
1.99976
2.00015
2.00001
2.00003
2.00001
1.99999
1.99998
2.00078
1.99978
2.00015
2.00002
2.00004
2.00003
2.00001
2.00002
2.00078
1.99979
2.00016
2.00003
2.00006
2.00004
2.00002
2.00005
2.00078
1.9998
2.00017
2.00004
2.00006
2.00005
2.00003
2.00007
2.00078
1.9998
2.00017
2.00004
2.00006
2.00005
2.00003
2.00007
2.00078
1.9998
2.00016
2.00003
2.00006
2.00004
2.00001
2.00006
2.00079
1.99979
2.00016
2.00002
2.00004
2.00003
1.99999
2.00004
2.00079
1.99979
2.00015
2.00001
2.00002
2
1.99994
2.00001
2.00079
1.99977
2.00013
1.99998
1.99998
1.99993
1.99987
1.99981
1.99497
1.99711
1.99584
1.99579
1.99525
1.9947
1.99411
1.99265
1.99512
1.99726
1.99608
1.9961
1.99567
1.9953
1.9949
1.99427
1.99529
1.99736
1.99621
1.99622
1.99579
1.99541
1.99494
1.99435
1.99543
1.99746
1.99635
1.99638
1.99599
1.99566
1.99522
1.99482
1.99554
1.99754
1.99645
1.99649
1.9961
1.99579
1.99535
1.99502
1.99562
1.9976
1.99653
1.99657
1.99619
1.9959
1.99545
1.9952
1.99567
1.99763
1.99657
1.99661
1.99624
1.99595
1.9955
1.99528
1.99568
1.99764
1.99658
1.99662
1.99625
1.99596
1.9955
1.9953
1.99566
1.99762
1.99656
1.99659
1.99621
1.99592
1.99544
1.99527
1.99562
1.99758
1.99651
1.99653
1.99614
1.99584
1.99531
1.9952
1.99556
1.99754
1.99644
1.99644
1.99602
1.99571
1.99509
1.99508
1.99552
1.99747
1.99634
1.9963
1.99582
1.9954
1.9947
1.99419
2.00186
1.99398
1.99712
1.99534
1.99528
1.99425
1.99398
1.99034
2.0018
1.99439
1.99755
1.99605
1.99626
1.9958
1.99592
1.99475
2.00187
1.99463
1.99769
1.9962
1.99634
1.99586
1.99563
1.99468
2.00186
1.9949
1.99792
1.99655
1.99677
1.99648
1.99628
1.99604
2.0019
1.99511
1.99807
1.99676
1.99698
1.99674
1.99647
1.99653
2.00192
1.99527
1.99819
1.99692
1.99716
1.99698
1.99669
1.99699
2.00195
1.99536
1.99826
1.99701
1.99725
1.99709
1.99677
1.99718
2.00198
1.99539
1.99828
1.99702
1.99726
1.9971
1.99676
1.99721
2.00199
1.99536
1.99825
1.99697
1.99719
1.99701
1.99662
1.99709
2.00201
1.99528
1.99817
1.99686
1.99703
1.99682
1.99636
1.99689
2.002
1.99518
1.99805
1.99669
1.9968
1.99654
1.99587
1.99662
2.002
1.99503
1.99785
1.99636
1.99634
1.99578
1.99508
1.99437
1.96354
1.96685
1.95759
1.95268
1.945
1.93533
1.92855
1.90275
1.96484
1.96867
1.96022
1.95631
1.9499
1.94297
1.93725
1.92512
1.96618
1.96966
1.96137
1.95742
1.95088
1.94409
1.9368
1.92681
1.9673
1.97085
1.96296
1.95937
1.95329
1.94738
1.94029
1.93375
1.96824
1.97167
1.96398
1.96047
1.95452
1.94889
1.94156
1.93643
1.96887
1.97225
1.96471
1.96129
1.95547
1.95008
1.94273
1.9386
1.9692
1.97252
1.96504
1.96163
1.95583
1.9505
1.94306
1.9393
1.96923
1.97252
1.96501
1.96156
1.9557
1.95032
1.94277
1.939
1.969
1.97225
1.96464
1.96108
1.95509
1.94954
1.94177
1.93774
1.96859
1.97177
1.96396
1.96022
1.95397
1.94814
1.94003
1.9356
1.96805
1.97117
1.96313
1.95916
1.9526
1.94642
1.93763
1.93301
1.96763
1.97039
1.96193
1.95738
1.95015
1.94235
1.93363
1.92006
1.97735
1.97109
1.96773
1.96231
1.95684
1.94884
1.94449
1.92167
1.97817
1.97276
1.96995
1.96551
1.96114
1.95571
1.95215
1.942
1.97916
1.97368
1.97087
1.96641
1.96186
1.95657
1.9514
1.94341
1.97991
1.9748
1.97223
1.96815
1.96401
1.95956
1.95453
1.94991
1.98059
1.97558
1.97309
1.96913
1.96509
1.96091
1.9556
1.95239
1.98103
1.97614
1.97371
1.96986
1.96592
1.96197
1.95664
1.9544
1.98128
1.97641
1.97398
1.97015
1.96622
1.96232
1.95689
1.95499
1.98131
1.9764
1.97394
1.97006
1.96607
1.9621
1.95657
1.95462
1.98115
1.97615
1.9736
1.96961
1.96548
1.96134
1.9556
1.95332
1.98086
1.9757
1.973
1.9688
1.96444
1.96001
1.95399
1.95119
1.98046
1.97515
1.97227
1.96785
1.96319
1.9584
1.95183
1.94864
1.98017
1.97445
1.97122
1.96626
1.96104
1.95473
1.94849
1.93687
3.37385
3.36246
3.50001
3.52538
3.56811
3.57828
3.57829
3.56813
3.52542
3.50009
3.36257
3.37397
3.60315
3.78911
3.83569
3.91075
3.92949
3.94089
3.94089
3.92951
3.91078
3.83573
3.78912
3.60321
3.62191
3.86243
3.97029
4.04492
4.08442
4.0999
4.0999
4.08444
4.04494
3.97034
3.86246
3.62194
3.71009
4.00608
4.10061
4.19137
4.22563
4.24212
4.24212
4.22564
4.19138
4.10064
4.0061
3.7101
3.74623
4.07037
4.17891
4.27058
4.3064
4.32279
4.3228
4.3064
4.27059
4.17892
4.07038
3.74623
3.76963
4.11516
4.22634
4.32275
4.35928
4.37633
4.37633
4.35928
4.32275
4.22634
4.11516
3.76963
3.77426
4.12881
4.24377
4.34502
4.38483
4.40373
4.40373
4.38483
4.34502
4.24377
4.12881
3.77427
3.76414
4.11198
4.23158
4.3372
4.38262
4.40445
4.40444
4.38261
4.33719
4.23156
4.11197
3.76415
3.72453
4.0728
4.18436
4.30021
4.35102
4.37698
4.37698
4.351
4.3002
4.18434
4.07279
3.72455
3.67281
3.96252
4.09013
4.1951
4.2543
4.28158
4.28157
4.25428
4.19508
4.09009
3.96251
3.67281
3.57301
3.88969
3.96741
4.08843
4.13809
4.1673
4.1673
4.13808
4.08841
3.9674
3.88972
3.573
3.47193
3.59888
3.6903
3.75048
3.7932
3.80898
3.80897
3.79318
3.75045
3.69024
3.59882
3.47185
2.52137
2.62311
2.5747
2.61147
2.6089
2.61342
2.61342
2.60891
2.61147
2.57471
2.62309
2.52134
2.45199
2.66867
2.68449
2.74212
2.76554
2.78081
2.78081
2.76554
2.74213
2.6845
2.66867
2.45198
2.5301
2.69301
2.7574
2.82063
2.8553
2.87381
2.87381
2.8553
2.82063
2.7574
2.69302
2.5301
2.53934
2.72393
2.80433
2.88242
2.92598
2.94904
2.94904
2.92598
2.88241
2.80432
2.72393
2.53933
2.56702
2.73713
2.83508
2.91703
2.96622
2.99147
2.99147
2.96622
2.91702
2.83507
2.73713
2.56702
2.5754
2.74404
2.84779
2.9325
2.98409
3.01043
3.01043
2.98408
2.93249
2.84778
2.74403
2.57539
2.57642
2.7411
2.8446
2.92801
2.979
3.00496
3.00496
2.97899
2.92801
2.84459
2.74108
2.57641
2.56628
2.72739
2.8247
2.9033
2.95095
2.97519
2.97519
2.95094
2.90329
2.82468
2.72737
2.56626
2.55126
2.70905
2.78929
2.86011
2.90073
2.92187
2.92187
2.90073
2.8601
2.78927
2.70903
2.55124
2.51984
2.66411
2.73058
2.78715
2.82054
2.8376
2.8376
2.82053
2.78713
2.73057
2.66409
2.51982
2.51523
2.65199
2.66404
2.70651
2.72277
2.73376
2.73376
2.72276
2.7065
2.66402
2.65197
2.51523
2.49055
2.50665
2.51626
2.54526
2.56078
2.57041
2.57041
2.56077
2.54525
2.51625
2.50664
2.49056
2.36451
2.42369
2.35876
2.36775
2.35147
2.3484
2.3484
2.35147
2.36776
2.35878
2.42372
2.36454
2.27544
2.41559
2.41562
2.44314
2.45211
2.45861
2.45861
2.45211
2.44314
2.41562
2.41558
2.27544
2.32919
2.43123
2.46611
2.50292
2.52113
2.5312
2.5312
2.52113
2.50293
2.46612
2.43124
2.3292
2.32053
2.44281
2.49551
2.54652
2.57465
2.58933
2.58933
2.57465
2.54653
2.49552
2.44281
2.32053
2.33594
2.45016
2.51748
2.57443
2.60842
2.62568
2.62568
2.60842
2.57443
2.51749
2.45016
2.33594
2.34016
2.45466
2.52816
2.58867
2.62565
2.6443
2.6443
2.62565
2.58867
2.52817
2.45466
2.34017
2.34323
2.4548
2.52895
2.58906
2.62612
2.64477
2.64477
2.62612
2.58906
2.52895
2.45481
2.34324
2.34202
2.44963
2.51891
2.57499
2.60939
2.62673
2.62673
2.60939
2.57499
2.51891
2.44963
2.34203
2.34176
2.44264
2.49913
2.54718
2.5756
2.59018
2.59018
2.5756
2.54718
2.49913
2.44264
2.34176
2.33548
2.42251
2.46424
2.49915
2.51981
2.53053
2.53053
2.51981
2.49915
2.46423
2.42251
2.33548
2.34924
2.42063
2.42407
2.4437
2.45105
2.45636
2.45636
2.45105
2.4437
2.42408
2.42065
2.34924
2.35557
2.3416
2.33431
2.33965
2.34223
2.34496
2.34496
2.34222
2.33965
2.3343
2.34157
2.35556
2.18666
2.21885
2.17935
2.18291
2.17303
2.1711
2.1711
2.17303
2.18292
2.17936
2.21886
2.18667
2.12814
2.20639
2.20574
2.22024
2.22511
2.22872
2.22872
2.22512
2.22024
2.20575
2.20639
2.12814
2.15434
2.21098
2.23023
2.25134
2.2622
2.26837
2.26837
2.26221
2.25134
2.23024
2.21099
2.15435
2.14545
2.21261
2.24312
2.27326
2.29095
2.30035
2.30035
2.29095
2.27326
2.24312
2.21261
2.14546
2.15105
2.21337
2.2524
2.28693
2.30882
2.32021
2.32021
2.30882
2.28693
2.2524
2.21338
2.15105
2.15189
2.21345
2.25606
2.29283
2.31676
2.32914
2.32914
2.31676
2.29283
2.25606
2.21345
2.15189
2.15313
2.21217
2.25474
2.2908
2.31442
2.32662
2.32662
2.31442
2.2908
2.25474
2.21217
2.15313
2.15317
2.20904
2.24805
2.28064
2.30176
2.31264
2.31264
2.30176
2.28064
2.24805
2.20904
2.15317
2.155
2.20581
2.2368
2.26309
2.27943
2.28792
2.28792
2.27943
2.26309
2.2368
2.2058
2.155
2.15445
2.19692
2.21821
2.23553
2.24595
2.25144
2.25144
2.24595
2.23552
2.2182
2.19691
2.15445
2.16576
2.19725
2.19731
2.20462
2.20692
2.20884
2.20884
2.20692
2.20462
2.19731
2.19725
2.16576
2.17235
2.15746
2.15143
2.15047
2.14979
2.15017
2.15016
2.14979
2.15047
2.15142
2.15745
2.17235
2.09286
2.10824
2.0875
2.08822
2.08268
2.08134
2.08134
2.08268
2.08823
2.08751
2.10824
2.09286
2.06258
2.10094
2.09986
2.10608
2.10783
2.10921
2.10921
2.10783
2.10608
2.09986
2.10093
2.06258
2.07525
2.10282
2.11155
2.1212
2.12595
2.12865
2.12865
2.12595
2.1212
2.11156
2.10283
2.07526
2.07046
2.103
2.11743
2.13167
2.13996
2.14435
2.14435
2.13996
2.13167
2.11743
2.103
2.07046
2.073
2.10305
2.12167
2.13825
2.14875
2.15422
2.15422
2.14875
2.13825
2.12168
2.10305
2.073
2.07343
2.10294
2.12337
2.14111
2.15272
2.15873
2.15873
2.15272
2.14111
2.12337
2.10294
2.07343
2.07422
2.10238
2.12283
2.14023
2.1517
2.15762
2.15762
2.15169
2.14023
2.12283
2.10238
2.07422
2.0746
2.10114
2.11987
2.1355
2.14567
2.15091
2.15091
2.14567
2.1355
2.11986
2.10114
2.0746
2.07601
2.09995
2.11483
2.12723
2.13496
2.13895
2.13895
2.13496
2.12722
2.11482
2.09995
2.07601
2.07638
2.09623
2.10629
2.11418
2.11889
2.12136
2.12136
2.11889
2.11418
2.10629
2.09623
2.07638
2.08276
2.09671
2.09655
2.09943
2.10021
2.10092
2.10092
2.10021
2.09943
2.09655
2.09672
2.08276
2.08617
2.07758
2.07462
2.07346
2.07287
2.07287
2.07287
2.07287
2.07346
2.07462
2.07757
2.08617
2.04393
2.05106
2.04158
2.04189
2.03945
2.03887
2.03887
2.03945
2.04189
2.04159
2.05107
2.04393
2.02962
2.04779
2.04756
2.0506
2.05156
2.05228
2.05228
2.05156
2.0506
2.04756
2.04779
2.02962
2.03507
2.04848
2.05298
2.05781
2.0603
2.0617
2.0617
2.0603
2.05781
2.05298
2.04849
2.03507
2.03276
2.04843
2.05572
2.06282
2.06707
2.06931
2.06931
2.06707
2.06282
2.05572
2.04843
2.03276
2.03371
2.0483
2.05759
2.06589
2.07126
2.07407
2.07407
2.07126
2.06589
2.0576
2.0483
2.03371
2.03382
2.04809
2.05825
2.06712
2.07303
2.07611
2.07611
2.07303
2.06712
2.05825
2.04809
2.03382
2.03413
2.04769
2.0578
2.06647
2.07228
2.07531
2.07531
2.07228
2.06647
2.0578
2.04769
2.03413
2.0343
2.04698
2.0562
2.06392
2.06904
2.07168
2.07168
2.06904
2.06392
2.0562
2.04698
2.0343
2.03501
2.04629
2.0536
2.05964
2.06349
2.06548
2.06548
2.06349
2.05964
2.0536
2.04629
2.03501
2.03525
2.04447
2.04937
2.05313
2.05543
2.05662
2.05662
2.05542
2.05313
2.04937
2.04447
2.03525
2.03842
2.04451
2.04456
2.04581
2.04617
2.04649
2.04649
2.04617
2.04581
2.04456
2.04451
2.03842
2.03982
2.03534
2.03408
2.03335
2.03303
2.03298
2.03298
2.03303
2.03335
2.03407
2.03533
2.03982
2.01943
2.0225
2.0183
2.01831
2.01721
2.01691
2.01691
2.01721
2.01831
2.0183
2.0225
2.01943
2.01313
2.02102
2.02089
2.02212
2.02249
2.02277
2.02277
2.02249
2.02212
2.02089
2.02102
2.01313
2.01549
2.02132
2.02323
2.02527
2.02631
2.02689
2.02689
2.02631
2.02527
2.02323
2.02132
2.01549
2.0145
2.02127
2.02441
2.02744
2.02925
2.0302
2.0302
2.02925
2.02744
2.02441
2.02127
2.0145
2.0149
2.0212
2.02521
2.02877
2.03108
2.03228
2.03228
2.03108
2.02877
2.02521
2.0212
2.0149
2.01496
2.0211
2.02548
2.0293
2.03185
2.03317
2.03317
2.03185
2.0293
2.02548
2.0211
2.01496
2.0151
2.02093
2.0253
2.02902
2.03153
2.03283
2.03283
2.03153
2.02902
2.0253
2.02093
2.0151
2.01521
2.02064
2.02462
2.02793
2.03013
2.03127
2.03127
2.03013
2.02793
2.02462
2.02064
2.01521
2.01554
2.02036
2.02351
2.02609
2.02774
2.02859
2.02859
2.02774
2.02609
2.02351
2.02036
2.01554
2.01568
2.01961
2.02171
2.0233
2.02427
2.02477
2.02477
2.02427
2.0233
2.02171
2.01961
2.01568
2.01712
2.01963
2.01965
2.02015
2.02029
2.02041
2.02041
2.02028
2.02015
2.01965
2.01963
2.01712
2.01767
2.01563
2.01512
2.01477
2.01462
2.01459
2.01459
2.01462
2.01477
2.01512
2.01562
2.01767
2.00797
2.00921
2.00756
2.00756
2.00714
2.00703
2.00703
2.00714
2.00756
2.00756
2.00921
2.00797
2.00542
2.00865
2.00865
2.00917
2.00934
2.00947
2.00947
2.00934
2.00917
2.00865
2.00865
2.00542
2.00632
2.00876
2.0096
2.01047
2.01093
2.01118
2.01118
2.01093
2.01047
2.0096
2.00876
2.00632
2.00592
2.00874
2.01009
2.01137
2.01215
2.01256
2.01256
2.01215
2.01137
2.01009
2.00874
2.00592
2.00606
2.0087
2.01041
2.01191
2.0129
2.01341
2.01341
2.0129
2.01191
2.01041
2.0087
2.00606
2.00608
2.00865
2.01051
2.01212
2.0132
2.01377
2.01377
2.0132
2.01212
2.01051
2.00865
2.00608
2.00613
2.00856
2.01041
2.01198
2.01304
2.0136
2.0136
2.01304
2.01198
2.01041
2.00856
2.00613
2.00617
2.00843
2.0101
2.0115
2.01243
2.01291
2.01291
2.01243
2.0115
2.0101
2.00843
2.00617
2.0063
2.00829
2.00962
2.0107
2.0114
2.01176
2.01176
2.0114
2.0107
2.00962
2.00829
2.0063
2.00635
2.00797
2.00885
2.00952
2.00993
2.01014
2.01014
2.00993
2.00952
2.00885
2.00796
2.00635
2.00694
2.00794
2.00797
2.00817
2.00824
2.00829
2.00829
2.00824
2.00817
2.00797
2.00794
2.00694
2.00713
2.00627
2.00608
2.00593
2.00587
2.00586
2.00586
2.00587
2.00593
2.00608
2.00627
2.00713
2.00311
2.00356
2.00296
2.00295
2.0028
2.00275
2.00275
2.0028
2.00295
2.00296
2.00356
2.00311
2.00218
2.00336
2.00337
2.00356
2.00362
2.00367
2.00367
2.00362
2.00356
2.00337
2.00336
2.00218
2.00251
2.00341
2.00373
2.00405
2.00422
2.00432
2.00432
2.00422
2.00405
2.00373
2.00341
2.00251
2.00237
2.00341
2.00392
2.00439
2.00468
2.00484
2.00484
2.00468
2.00439
2.00392
2.00341
2.00237
2.00242
2.0034
2.00404
2.0046
2.00497
2.00516
2.00516
2.00497
2.0046
2.00404
2.0034
2.00242
2.00243
2.00338
2.00408
2.00468
2.00508
2.00529
2.00529
2.00508
2.00468
2.00408
2.00338
2.00243
2.00245
2.00335
2.00404
2.00463
2.00502
2.00523
2.00523
2.00502
2.00463
2.00404
2.00335
2.00245
2.00246
2.0033
2.00393
2.00445
2.0048
2.00498
2.00498
2.0048
2.00445
2.00393
2.0033
2.00246
2.00251
2.00325
2.00375
2.00415
2.00441
2.00455
2.00455
2.00441
2.00415
2.00375
2.00325
2.00251
2.00253
2.00312
2.00346
2.00371
2.00386
2.00394
2.00394
2.00386
2.00371
2.00346
2.00312
2.00253
2.00274
2.0031
2.00313
2.0032
2.00323
2.00325
2.00325
2.00323
2.0032
2.00313
2.0031
2.00274
2.00281
2.00249
2.00243
2.00237
2.00235
2.00235
2.00235
2.00235
2.00237
2.00243
2.00249
2.00281
2.00035
2.00044
2.00032
2.00031
2.00027
2.00026
2.00026
2.00027
2.00031
2.00032
2.00044
2.00035
2.00017
2.0004
2.00039
2.00042
2.00043
2.00043
2.00043
2.00043
2.00042
2.00039
2.0004
2.00017
2.00023
2.0004
2.00046
2.00051
2.00054
2.00056
2.00056
2.00054
2.00051
2.00046
2.0004
2.00023
2.0002
2.0004
2.00049
2.00057
2.00062
2.00065
2.00065
2.00062
2.00057
2.00049
2.0004
2.0002
2.00021
2.00039
2.00051
2.00061
2.00068
2.00071
2.00071
2.00068
2.00061
2.00051
2.00039
2.00021
2.00021
2.00039
2.00051
2.00062
2.0007
2.00073
2.00073
2.0007
2.00062
2.00051
2.00039
2.00021
2.00021
2.00038
2.00051
2.00061
2.00068
2.00072
2.00072
2.00068
2.00061
2.00051
2.00038
2.00021
2.00022
2.00037
2.00049
2.00058
2.00064
2.00068
2.00068
2.00064
2.00058
2.00049
2.00037
2.00022
2.00023
2.00037
2.00045
2.00053
2.00057
2.0006
2.0006
2.00057
2.00053
2.00045
2.00037
2.00023
2.00024
2.00035
2.0004
2.00045
2.00047
2.00049
2.00049
2.00047
2.00045
2.0004
2.00035
2.00024
2.00028
2.00035
2.00035
2.00036
2.00036
2.00036
2.00036
2.00036
2.00036
2.00035
2.00035
2.00028
2.00029
2.00023
2.00021
2.0002
2.0002
2.00019
2.00019
2.0002
2.0002
2.00021
2.00023
2.00029
1.9997
1.99953
1.9998
1.99981
1.99989
1.99992
1.99992
1.99989
1.99981
1.9998
1.99953
1.9997
2.00007
1.99966
1.99971
1.99967
1.99968
1.99967
1.99967
1.99968
1.99967
1.99971
1.99966
2.00007
1.99992
1.99966
1.99962
1.99955
1.99953
1.99952
1.99952
1.99953
1.99955
1.99962
1.99966
1.99992
1.99999
1.99968
1.99959
1.99948
1.99942
1.99939
1.99939
1.99942
1.99948
1.99959
1.99968
1.99999
1.99996
1.9997
1.99956
1.99943
1.99936
1.99931
1.99931
1.99936
1.99943
1.99956
1.9997
1.99996
1.99996
1.99971
1.99956
1.99942
1.99933
1.99928
1.99928
1.99933
1.99942
1.99956
1.99971
1.99996
1.99995
1.99972
1.99956
1.99942
1.99934
1.99929
1.99929
1.99934
1.99942
1.99956
1.99972
1.99995
1.99994
1.99972
1.99958
1.99946
1.99938
1.99934
1.99934
1.99938
1.99946
1.99958
1.99972
1.99994
1.99991
1.99971
1.99961
1.99952
1.99946
1.99944
1.99944
1.99946
1.99952
1.99961
1.99971
1.99991
1.9999
1.99973
1.99966
1.99961
1.99959
1.99958
1.99958
1.99959
1.99961
1.99966
1.99973
1.9999
1.99981
1.99969
1.99972
1.99972
1.99973
1.99973
1.99973
1.99973
1.99972
1.99972
1.99969
1.99981
1.99977
1.99988
1.99992
1.99994
1.99996
1.99996
1.99996
1.99996
1.99994
1.99992
1.99988
1.99977
1.99309
1.99236
1.99325
1.99318
1.99339
1.99343
1.99343
1.99339
1.99318
1.99325
1.99236
1.99309
1.99453
1.9925
1.99236
1.99193
1.99174
1.99162
1.99162
1.99174
1.99193
1.99236
1.9925
1.99453
1.99396
1.99231
1.99159
1.9909
1.9905
1.99028
1.99028
1.9905
1.9909
1.99159
1.9923
1.99396
1.99418
1.99221
1.99113
1.99015
1.98953
1.9892
1.9892
1.98953
1.99015
1.99113
1.99221
1.99417
1.99407
1.99215
1.99082
1.98967
1.9889
1.9885
1.9885
1.9889
1.98967
1.99082
1.99215
1.99407
1.99405
1.99214
1.9907
1.98947
1.98863
1.98819
1.98819
1.98863
1.98947
1.9907
1.99214
1.99405
1.99403
1.99219
1.99075
1.98954
1.98872
1.98829
1.98829
1.98872
1.98954
1.99075
1.99219
1.99403
1.99402
1.99231
1.991
1.98991
1.98917
1.98879
1.98879
1.98917
1.98991
1.991
1.99231
1.99402
1.99397
1.99247
1.9914
1.99053
1.98996
1.98967
1.98967
1.98996
1.99053
1.9914
1.99247
1.99397
1.99397
1.99277
1.99203
1.99146
1.99109
1.9909
1.9909
1.99109
1.99146
1.99203
1.99277
1.99397
1.99368
1.9929
1.99276
1.99253
1.99241
1.99234
1.99234
1.99241
1.99253
1.99276
1.9929
1.99368
1.99355
1.99403
1.99411
1.99417
1.99418
1.99417
1.99417
1.99418
1.99417
1.99411
1.99403
1.99355
1.99291
1.99056
1.99377
1.99369
1.99459
1.99482
1.99482
1.99459
1.99369
1.99377
1.99056
1.99291
1.99737
1.99228
1.99284
1.99223
1.9922
1.99211
1.99211
1.9922
1.99223
1.99284
1.99228
1.99737
1.99546
1.9923
1.99174
1.99088
1.99058
1.99039
1.99039
1.99058
1.99088
1.99174
1.9923
1.99546
1.99621
1.99256
1.99141
1.99007
1.98939
1.98901
1.98901
1.98939
1.99007
1.99141
1.99256
1.99621
1.99583
1.99274
1.99113
1.9896
1.98869
1.98821
1.98821
1.98869
1.9896
1.99113
1.99274
1.99583
1.99578
1.99285
1.99107
1.98944
1.98842
1.98788
1.98788
1.98842
1.98944
1.99107
1.99285
1.99578
1.99565
1.99293
1.99114
1.98956
1.98856
1.98804
1.98804
1.98856
1.98956
1.99114
1.99293
1.99565
1.99557
1.99301
1.99138
1.98999
1.98912
1.98867
1.98867
1.98912
1.98999
1.99138
1.99301
1.99557
1.99533
1.99298
1.99175
1.99068
1.99007
1.98975
1.98975
1.99007
1.99068
1.99175
1.99298
1.99533
1.99526
1.99325
1.99246
1.99185
1.99153
1.99136
1.99136
1.99153
1.99185
1.99246
1.99325
1.99526
1.99426
1.99283
1.9932
1.99306
1.99314
1.99314
1.99314
1.99314
1.99306
1.9932
1.99283
1.99426
1.99386
1.99508
1.99553
1.99572
1.99583
1.99585
1.99585
1.99583
1.99572
1.99553
1.99508
1.99385
1.91738
1.9065
1.91667
1.91473
1.91701
1.9173
1.9173
1.91701
1.91473
1.91666
1.9065
1.91738
1.93341
1.90774
1.90541
1.89923
1.89645
1.89472
1.89472
1.89645
1.89923
1.90541
1.90775
1.93342
1.92381
1.90374
1.89482
1.88625
1.88142
1.87879
1.87879
1.88141
1.88625
1.89482
1.90373
1.92381
1.92563
1.90134
1.88862
1.87702
1.86997
1.8663
1.8663
1.86997
1.87702
1.88862
1.90134
1.92563
1.92314
1.89974
1.88417
1.8711
1.86273
1.85843
1.85843
1.86273
1.8711
1.88417
1.89973
1.92314
1.92255
1.89902
1.88223
1.86842
1.85941
1.85481
1.85481
1.85941
1.86842
1.88223
1.89902
1.92255
1.92213
1.89936
1.88258
1.86899
1.86007
1.85553
1.85553
1.86007
1.86899
1.88258
1.89936
1.92213
1.92239
1.90091
1.88534
1.87286
1.86473
1.86059
1.86059
1.86473
1.87286
1.88534
1.90091
1.92239
1.92253
1.90317
1.89028
1.87986
1.87322
1.86983
1.86983
1.87322
1.87986
1.89028
1.90317
1.92253
1.92353
1.90765
1.8981
1.89068
1.88597
1.88355
1.88355
1.88597
1.89068
1.8981
1.90765
1.92353
1.92171
1.91005
1.90752
1.90354
1.90155
1.90034
1.90034
1.90155
1.90354
1.90752
1.91005
1.92171
1.92106
1.92438
1.92449
1.92395
1.92342
1.923
1.923
1.92342
1.92395
1.92449
1.92439
1.92106
1.93744
1.92733
1.93764
1.93624
1.93884
1.93935
1.93935
1.93884
1.93624
1.93763
1.92733
1.93744
1.95257
1.93012
1.92948
1.92497
1.92335
1.92225
1.92225
1.92335
1.92497
1.92948
1.93012
1.95258
1.94359
1.9274
1.9215
1.91548
1.91244
1.91077
1.91077
1.91244
1.91548
1.9215
1.9274
1.94359
1.94545
1.92605
1.91729
1.90901
1.90431
1.90186
1.90186
1.90431
1.90901
1.91729
1.92605
1.94545
1.94316
1.92514
1.91417
1.90493
1.89927
1.89638
1.89638
1.89927
1.90493
1.91417
1.92514
1.94316
1.94263
1.92472
1.91283
1.90307
1.89693
1.89382
1.89382
1.89693
1.90307
1.91283
1.92472
1.94263
1.94218
1.92492
1.91298
1.90337
1.89728
1.8942
1.8942
1.89728
1.90337
1.91298
1.92492
1.94218
1.9423
1.9259
1.91477
1.90592
1.90035
1.89754
1.89754
1.90035
1.90592
1.91477
1.9259
1.9423
1.94224
1.92721
1.91804
1.91061
1.90609
1.90379
1.90379
1.90609
1.91061
1.91804
1.92721
1.94224
1.94302
1.93038
1.92356
1.91828
1.91508
1.91345
1.91345
1.91508
1.91828
1.92356
1.93038
1.94302
1.94103
1.93136
1.93018
1.92735
1.92618
1.9254
1.9254
1.92618
1.92735
1.93018
1.93136
1.94103
1.94046
1.94331
1.94372
1.94329
1.94293
1.9426
1.9426
1.94293
1.94329
1.94372
1.94331
1.94046
)
;

boundaryField
{
    inlet
    {
        type            fixedValue;
        value           uniform 4;
    }
    wall
    {
        type            myTemperature;
        value           nonuniform List<scalar> 
720
(
2.70597
2.68259
2.6509
2.61156
2.57211
2.54551
2.54551
2.57211
2.61156
2.65091
2.68259
2.70596
2.2985
2.30457
2.31299
2.32605
2.34178
2.3534
2.3534
2.34178
2.32605
2.31299
2.30457
2.2985
2.16463
2.16864
2.17418
2.18281
2.19304
2.20057
2.20057
2.19304
2.18281
2.17418
2.16864
2.16463
2.08764
2.08976
2.09262
2.09707
2.10229
2.10612
2.10612
2.10229
2.09707
2.09262
2.08976
2.08764
2.04355
2.04461
2.04604
2.04824
2.0508
2.05267
2.05267
2.0508
2.04824
2.04604
2.04461
2.04355
2.02077
2.02127
2.02194
2.02296
2.02416
2.02503
2.02503
2.02416
2.02296
2.02194
2.02127
2.02077
2.00919
2.00941
2.00972
2.01017
2.0107
2.01109
2.01109
2.0107
2.01017
2.00972
2.00941
2.00919
2.00382
2.00392
2.00404
2.00423
2.00445
2.00461
2.00461
2.00445
2.00423
2.00404
2.00392
2.00382
2.00142
2.00146
2.00151
2.00158
2.00166
2.00172
2.00172
2.00166
2.00158
2.00151
2.00146
2.00142
2.0003
2.00031
2.00032
2.00033
2.00035
2.00036
2.00036
2.00035
2.00033
2.00032
2.00031
2.0003
1.99954
1.99953
1.99952
1.99949
1.99947
1.99945
1.99945
1.99947
1.99949
1.99952
1.99953
1.99954
1.99769
1.99764
1.99757
1.99746
1.99734
1.99725
1.99725
1.99734
1.99746
1.99757
1.99764
1.99769
1.99453
1.99438
1.99418
1.99388
1.99353
1.99328
1.99328
1.99353
1.99388
1.99418
1.99438
1.99453
1.97259
1.97188
1.97091
1.96943
1.9677
1.96644
1.96644
1.9677
1.96943
1.97091
1.97188
1.97259
1.97575
1.9751
1.97422
1.97289
1.97134
1.97022
1.97022
1.97134
1.97289
1.97422
1.9751
1.97575
2.74575
2.73688
2.72593
2.71482
2.70628
2.70084
2.69884
2.70015
2.70421
2.71006
2.71509
2.71564
2.26826
2.26426
2.25898
2.25386
2.25029
2.24906
2.25061
2.25507
2.26212
2.27137
2.28119
2.29152
2.14374
2.14154
2.13879
2.13626
2.13462
2.13429
2.13551
2.13835
2.14262
2.14815
2.15394
2.16038
2.07458
2.07354
2.0723
2.07125
2.07069
2.0708
2.07168
2.07337
2.07575
2.07876
2.08189
2.08539
2.03641
2.03594
2.0354
2.03496
2.03477
2.03492
2.03543
2.03633
2.03756
2.03908
2.04066
2.04242
2.01715
2.01695
2.01672
2.01654
2.01649
2.01659
2.01687
2.01732
2.01792
2.01865
2.0194
2.02023
2.0075
2.00742
2.00732
2.00725
2.00724
2.00729
2.00742
2.00763
2.00791
2.00824
2.00858
2.00895
2.0031
2.00307
2.00303
2.00301
2.003
2.00303
2.00309
2.00318
2.00329
2.00343
2.00357
2.00372
2.00115
2.00113
2.00112
2.00111
2.00111
2.00112
2.00114
2.00118
2.00122
2.00127
2.00133
2.00138
2.00024
2.00024
2.00023
2.00023
2.00023
2.00023
2.00024
2.00025
2.00026
2.00027
2.00028
2.00029
1.99963
1.99964
1.99964
1.99965
1.99965
1.99964
1.99964
1.99963
1.99961
1.99959
1.99958
1.99956
1.99806
1.99808
1.99811
1.99813
1.99813
1.99812
1.99809
1.99805
1.99799
1.99791
1.99783
1.99775
1.99558
1.99563
1.9957
1.99575
1.99576
1.99574
1.99566
1.99553
1.99535
1.99514
1.99493
1.99469
1.97652
1.97681
1.97716
1.97746
1.97761
1.97757
1.97731
1.97683
1.97614
1.97526
1.97434
1.97329
1.97951
1.97977
1.9801
1.98037
1.98051
1.98046
1.98021
1.97974
1.97908
1.97825
1.97739
1.97641
2.74617
2.7383
2.72831
2.71835
2.71116
2.70734
2.70734
2.71116
2.71835
2.72831
2.73829
2.74616
2.26799
2.26335
2.25739
2.25142
2.24685
2.24437
2.24437
2.24685
2.25142
2.25738
2.26335
2.26799
2.14357
2.14093
2.13771
2.13455
2.13214
2.13083
2.13083
2.13214
2.13455
2.13771
2.14093
2.14357
2.07445
2.07305
2.07143
2.06989
2.06872
2.0681
2.0681
2.06872
2.06989
2.07143
2.07305
2.07444
2.03633
2.03563
2.03484
2.0341
2.03354
2.03324
2.03324
2.03354
2.0341
2.03484
2.03563
2.03633
2.0171
2.01677
2.0164
2.01605
2.01578
2.01564
2.01564
2.01578
2.01605
2.0164
2.01677
2.0171
2.00748
2.00733
2.00716
2.007
2.00689
2.00683
2.00683
2.00689
2.007
2.00716
2.00733
2.00748
2.00309
2.00303
2.00296
2.00289
2.00285
2.00282
2.00282
2.00285
2.00289
2.00296
2.00303
2.00309
2.00114
2.00112
2.00109
2.00107
2.00105
2.00104
2.00104
2.00105
2.00107
2.00109
2.00112
2.00114
2.00024
2.00023
2.00023
2.00022
2.00022
2.00022
2.00022
2.00022
2.00022
2.00023
2.00023
2.00024
1.99963
1.99964
1.99965
1.99966
1.99966
1.99967
1.99967
1.99966
1.99966
1.99965
1.99964
1.99963
1.99807
1.9981
1.99814
1.99818
1.99821
1.99822
1.99822
1.99821
1.99818
1.99814
1.9981
1.99807
1.99559
1.99568
1.99579
1.99588
1.99596
1.996
1.996
1.99596
1.99588
1.99579
1.99568
1.99559
1.97656
1.97697
1.97743
1.97787
1.9782
1.97838
1.97838
1.9782
1.97787
1.97743
1.97697
1.97656
1.97955
1.97992
1.98036
1.98078
1.98109
1.98126
1.98126
1.98109
1.98078
1.98036
1.97992
1.97955
2.71565
2.71508
2.71006
2.70421
2.70015
2.69884
2.70084
2.70628
2.71482
2.72593
2.73688
2.74574
2.29152
2.28119
2.27137
2.26213
2.25507
2.25061
2.24906
2.2503
2.25386
2.25898
2.26426
2.26826
2.16038
2.15394
2.14815
2.14262
2.13835
2.13551
2.13429
2.13462
2.13626
2.13879
2.14154
2.14374
2.08539
2.08189
2.07876
2.07575
2.07337
2.07168
2.0708
2.07069
2.07125
2.0723
2.07354
2.07458
2.04242
2.04066
2.03908
2.03756
2.03633
2.03543
2.03492
2.03477
2.03496
2.0354
2.03595
2.03641
2.02024
2.0194
2.01865
2.01792
2.01732
2.01687
2.01659
2.01649
2.01654
2.01672
2.01695
2.01715
2.00895
2.00858
2.00824
2.00791
2.00763
2.00742
2.00729
2.00724
2.00725
2.00732
2.00742
2.0075
2.00372
2.00357
2.00343
2.00329
2.00318
2.00309
2.00303
2.003
2.00301
2.00303
2.00307
2.0031
2.00138
2.00133
2.00127
2.00122
2.00118
2.00114
2.00112
2.00111
2.00111
2.00112
2.00113
2.00115
2.00029
2.00028
2.00027
2.00026
2.00025
2.00024
2.00023
2.00023
2.00023
2.00023
2.00024
2.00024
1.99956
1.99958
1.99959
1.99961
1.99963
1.99964
1.99964
1.99965
1.99965
1.99964
1.99964
1.99963
1.99775
1.99783
1.99791
1.99799
1.99805
1.99809
1.99812
1.99813
1.99813
1.99811
1.99808
1.99806
1.99469
1.99493
1.99514
1.99535
1.99553
1.99566
1.99574
1.99576
1.99575
1.9957
1.99563
1.99558
1.97329
1.97434
1.97526
1.97614
1.97683
1.97731
1.97757
1.97761
1.97746
1.97716
1.97681
1.97652
1.97641
1.97739
1.97825
1.97908
1.97974
1.98021
1.98046
1.98051
1.98037
1.9801
1.97977
1.97951
)
;
    }
    outlet
    {
        type            fixedValue;
        value           uniform 1;
    }
}


// ************************************************************************* //
