/*--------------------------------*- C++ -*----------------------------------*\
| =========                 |                                                 |
| \\      /  F ield         | foam-extend: Open Source CFD                    |
|  \\    /   O peration     | Version:  3.0                                   |
|   \\  /    A nd           | Web:         http://www.extend-project.de       |
|    \\/     M anipulation  |                                                 |
\*---------------------------------------------------------------------------*/
FoamFile
{
    version     2.0;
    format      ascii;
    class       volVectorField;
    location    "7";
    object      s;
}
// * * * * * * * * * * * * * * * * * * * * * * * * * * * * * * * * * * * * * //

dimensions      [0 1 -1 0 0 0 0];

internalField   nonuniform List<vector> 
3012
(
(-2.12387 0.14693 0)
(-1.75178 -0.17261 0)
(-2.48739 0.198695 0)
(-1.66758 0.20939 0)
(-3.07511 0.461528 0)
(-2.04005 0.254643 0)
(-2.97558 -0.223821 0)
(-2.74227 0.142709 0)
(-1.92722 0.26356 0)
(-2.10997 -0.328799 0)
(-1.80517 -0.0197438 0)
(-2.16629 0.501873 0)
(-1.19851 -0.0772709 0)
(-1.89609 0.0991079 0)
(-2.15413 0.0991057 0)
(-1.15929 0.183085 0)
(-3.06224 0.401367 0)
(-2.06158 0.313325 0)
(-2.90267 -0.267029 0)
(-2.75449 0.145666 0)
(-1.22248 0.476625 0)
(-1.57554 -0.197724 0)
(-1.78999 -0.312992 0)
(-1.15819 0.325263 0)
(-2.57753 0.0794691 0)
(-1.89614 -0.0744623 0)
(-1.87189 0.34121 0)
(-2.15844 0.0826356 0)
(-1.78182 0.350343 0)
(-1.98942 0.451155 0)
(-1.29729 -0.104836 0)
(-1.4543 -0.372284 0)
(-1.23725 -0.08094 0)
(-2.00596 0.410113 0)
(-1.79469 0.326207 0)
(-1.37397 -0.345767 0)
(-2.01459 -0.112119 0)
(-2.61982 0.0961739 0)
(-2.17118 0.0847601 0)
(-1.979 0.336594 0)
(-1.09235 -0.063946 0)
(-2.06695 0.0915133 0)
(-1.05377 0.174877 0)
(-1.8303 0.093113 0)
(-1.22134 -0.0376419 0)
(-1.34097 -0.305872 0)
(-1.83216 0.292735 0)
(-2.05581 0.363772 0)
(-1.18549 -0.304498 0)
(-1.93265 0.357734 0)
(-1.73622 0.300453 0)
(-1.08023 -0.0644767 0)
(-2.112 0.146562 0)
(-1.68542 -0.160802 0)
(-1.60631 0.209627 0)
(-2.46554 0.190822 0)
(-2.6361 -0.274182 0)
(-2.1419 0.478764 0)
(-2.98518 0.309265 0)
(-2.7615 0.130717 0)
(-2.67426 -0.302571 0)
(-2.11799 0.438542 0)
(-2.98767 0.332215 0)
(-2.78483 0.127267 0)
(-1.22766 -0.0295896 0)
(-1.91266 0.0578086 0)
(-2.18217 0.0412284 0)
(-1.2044 0.231364 0)
(-2.03165 -0.111853 0)
(-1.13359 0.334254 0)
(-1.12515 0.12649 0)
(-1.78966 -0.0579284 0)
(-1.72147 0.511035 0)
(-1.4739 -0.426526 0)
(-1.29554 -0.197901 0)
(-1.56709 0.397803 0)
(-1.61015 0.380307 0)
(-1.77381 0.468096 0)
(-1.32755 -0.405293 0)
(-1.17798 -0.174806 0)
(-1.31812 -0.0235215 0)
(-1.95954 0.0528206 0)
(-1.2989 0.255633 0)
(-2.24944 0.0320306 0)
(-2.01418 -0.0108183 0)
(-1.0411 0.252641 0)
(-1.05797 0.0391969 0)
(-1.78306 0.0139502 0)
(-1.14744 -0.117167 0)
(-1.90772 0.421325 0)
(-1.71641 0.344965 0)
(-1.27718 -0.362267 0)
(-2.1643 -0.323592 0)
(-1.9304 0.251298 0)
(-1.84152 -0.0165902 0)
(-2.16824 0.506395 0)
(-2.09423 0.0729195 0)
(-2.2466 0.445591 0)
(-2.08224 0.0270076 0)
(-2.56997 -0.12473 0)
(-2.00558 -0.128048 0)
(-1.11525 0.341845 0)
(-1.1047 0.141062 0)
(-1.7688 -0.0713196 0)
(-1.68321 0.516396 0)
(-1.2857 -0.206835 0)
(-1.46476 -0.430793 0)
(-1.53536 0.403463 0)
(-1.71323 -0.353302 0)
(-1.18434 0.349284 0)
(-1.5102 -0.223286 0)
(-1.26292 0.491842 0)
(-1.85999 0.240809 0)
(-2.0944 0.290286 0)
(-1.26667 -0.245273 0)
(-1.17382 0.0226328 0)
(-1.42957 -0.432322 0)
(-1.2582 -0.246607 0)
(-1.46248 0.540617 0)
(-1.34486 0.422829 0)
(-1.6472 -0.151461 0)
(-1.01838 0.231646 0)
(-1.04171 0.375804 0)
(-1.85183 -0.225437 0)
(-2.4028 -0.128063 0)
(-2.22116 0.03854 0)
(-2.70532 0.196638 0)
(-2.21934 0.398483 0)
(-2.95 0.128803 0)
(-2.56443 0.76085 0)
(-2.92133 0.0866921 0)
(-2.34091 -0.297349 0)
(-2.48211 -0.120254 0)
(-2.20143 0.0313945 0)
(-2.33021 0.449947 0)
(-2.73902 0.160634 0)
(-2.93926 0.169635 0)
(-2.98352 0.125465 0)
(-2.47855 0.786155 0)
(-2.40751 -0.344524 0)
(-2.56605 0.112852 0)
(-1.7964 0.309347 0)
(-2.1526 0.0963558 0)
(-1.84076 -0.10248 0)
(-2.94147 0.24036 0)
(-2.28244 0.565988 0)
(-2.4694 -0.28041 0)
(-2.81055 0.0717063 0)
(-2.88055 0.250114 0)
(-2.2752 0.57634 0)
(-2.39367 -0.210352 0)
(-2.74797 0.0476393 0)
(-1.00167 -0.0194994 0)
(-1.72942 0.252906 0)
(-1.08336 -0.250412 0)
(-1.92932 0.294455 0)
(-1.22577 -0.320224 0)
(-1.94434 0.378216 0)
(-1.74528 0.313938 0)
(-1.11184 -0.0749549 0)
(-1.65979 -0.375801 0)
(-1.46335 -0.233446 0)
(-1.30886 0.509891 0)
(-1.22033 0.371187 0)
(-2.18049 0.0840144 0)
(-2.29342 -0.10978 0)
(-2.69557 0.0736555 0)
(-2.28613 0.39755 0)
(-1.25079 -0.0998532 0)
(-1.9818 0.432131 0)
(-1.77582 0.342018 0)
(-1.39594 -0.363331 0)
(-2.81331 0.342372 0)
(-2.6963 0.00104418 0)
(-2.40385 -0.170597 0)
(-2.15358 0.434754 0)
(-2.3256 -0.0600791 0)
(-2.76926 0.317458 0)
(-2.21256 0.424468 0)
(-2.61598 -0.0698322 0)
(-2.17358 0.0876174 0)
(-2.32129 -0.140597 0)
(-2.70897 0.0969297 0)
(-2.29083 0.397698 0)
(-1.55722 0.515183 0)
(-1.74618 -0.162102 0)
(-1.45317 0.302548 0)
(-2.02343 -0.325154 0)
(-1.50358 0.334479 0)
(-1.95401 -0.364932 0)
(-1.62906 0.533288 0)
(-1.68874 -0.176225 0)
(-1.69537 -0.36548 0)
(-1.49311 -0.227186 0)
(-1.29984 0.507299 0)
(-1.21457 0.364361 0)
(-1.55599 -0.36899 0)
(-2.05472 0.453198 0)
(-1.83212 0.339352 0)
(-1.38651 -0.0853322 0)
(-1.21836 -0.00407742 0)
(-1.8984 0.0416175 0)
(-1.19993 0.249484 0)
(-2.16439 0.0192144 0)
(-1.22585 -0.0973369 0)
(-2.17016 0.12164 0)
(-1.90917 0.115101 0)
(-1.18034 0.168978 0)
(-1.02407 -0.198046 0)
(-1.91972 0.235505 0)
(-0.960328 0.0271981 0)
(-1.71969 0.206632 0)
(-1.03704 0.247683 0)
(-1.64751 -0.155479 0)
(-1.85928 -0.23275 0)
(-1.06195 0.402507 0)
(-2.24567 0.00230208 0)
(-1.30905 0.279266 0)
(-1.31914 0.00500082 0)
(-1.95384 0.0323979 0)
(-1.46221 -0.443281 0)
(-1.3468 0.421253 0)
(-1.2859 -0.256159 0)
(-1.46552 0.542338 0)
(-1.30224 -0.119745 0)
(-1.75354 0.356386 0)
(-1.46245 -0.382063 0)
(-1.95259 0.459502 0)
(-1.08463 0.245474 0)
(-1.65829 -0.146259 0)
(-1.11776 0.40623 0)
(-1.87471 -0.229377 0)
(-1.32754 -0.240703 0)
(-1.49119 0.531056 0)
(-1.37126 0.407676 0)
(-1.50778 -0.429652 0)
(-2.0237 0.469683 0)
(-1.5814 -0.379597 0)
(-1.40295 -0.100673 0)
(-1.80883 0.349147 0)
(-1.22666 0.471416 0)
(-1.60465 -0.187892 0)
(-1.82397 -0.301129 0)
(-1.16501 0.313805 0)
(-1.19003 0.341003 0)
(-1.76114 -0.336904 0)
(-1.26485 0.490829 0)
(-1.54968 -0.210726 0)
(-1.6 0.521192 0)
(-1.75339 -0.157761 0)
(-1.48884 0.304926 0)
(-2.03493 -0.328924 0)
(-1.51891 0.320008 0)
(-1.64359 0.528723 0)
(-2.00069 -0.354548 0)
(-1.72505 -0.167415 0)
(-2.43431 -0.220296 0)
(-1.93113 0.146014 0)
(-2.00922 0.00773351 0)
(-2.10846 0.503754 0)
(-1.0817 -0.134736 0)
(-1.65071 0.350012 0)
(-1.20437 -0.364013 0)
(-1.82355 0.4193 0)
(-1.01905 -0.0521814 0)
(-1.98802 0.0858937 0)
(-0.982608 0.168113 0)
(-1.76913 0.0875691 0)
(-1.69595 0.52427 0)
(-1.56484 0.304857 0)
(-1.75488 -0.151974 0)
(-2.04275 -0.34539 0)
(-1.12834 -0.0655847 0)
(-2.08498 0.0935684 0)
(-1.08905 0.17644 0)
(-1.84445 0.0947819 0)
(-1.19492 -0.0512198 0)
(-1.8945 0.0790887 0)
(-2.15478 0.0726437 0)
(-1.16186 0.205237 0)
(-2.14746 0.115522 0)
(-1.81028 -0.156834 0)
(-1.74836 0.250681 0)
(-2.54182 0.148087 0)
(-0.988972 -0.0047876 0)
(-1.93064 0.277345 0)
(-1.7294 0.23896 0)
(-1.0653 -0.234046 0)
(-2.68982 -0.0983601 0)
(-2.15941 0.0413677 0)
(-2.62776 0.504405 0)
(-2.75186 0.0858797 0)
(-2.81086 -0.125565 0)
(-2.78565 0.511332 0)
(-2.13193 0.0715299 0)
(-2.76692 0.0799568 0)
(-1.18895 -0.0390798 0)
(-1.82302 0.291118 0)
(-1.30373 -0.304012 0)
(-2.04427 0.357972 0)
(-1.74579 0.534228 0)
(-1.60542 0.313151 0)
(-1.75184 -0.146184 0)
(-2.04218 -0.350361 0)
(-1.25536 -0.261408 0)
(-1.83678 0.259017 0)
(-2.06376 0.31337 0)
(-1.15681 0.00139492 0)
(-2.14219 0.110843 0)
(-1.8152 -0.129246 0)
(-1.75521 0.270215 0)
(-2.53633 0.143272 0)
(-2.4352 -0.203446 0)
(-1.89322 0.133428 0)
(-2.01571 -0.00482917 0)
(-2.0439 0.48602 0)
(-1.78574 -0.403345 0)
(-1.58412 0.541928 0)
(-1.45701 0.375601 0)
(-1.55541 -0.210296 0)
(-1.05877 0.0111717 0)
(-2.02631 0.0158288 0)
(-1.79421 0.0345487 0)
(-1.03677 0.23054 0)
(-1.3111 0.288812 0)
(-1.72417 -0.163792 0)
(-1.38643 0.485763 0)
(-1.98104 -0.293505 0)
(-2.08836 0.0323857 0)
(-2.11503 0.444119 0)
(-1.97665 0.0478771 0)
(-2.5439 -0.142575 0)
(-2.03645 -0.0328684 0)
(-1.08686 0.0522622 0)
(-1.07513 0.269566 0)
(-1.79889 -0.00159607 0)
(-1.78176 0.480727 0)
(-1.61674 0.385362 0)
(-1.37325 -0.407803 0)
(-1.21497 -0.174843 0)
(-1.80543 0.45866 0)
(-1.63615 0.374075 0)
(-1.30646 -0.395593 0)
(-1.16136 -0.16185 0)
(-1.19852 -0.205136 0)
(-1.68485 0.494296 0)
(-1.53651 0.398249 0)
(-1.36032 -0.427257 0)
(-1.0392 0.100574 0)
(-1.97501 -0.075864 0)
(-1.03523 0.299876 0)
(-1.74835 -0.0363454 0)
(-1.01571 -0.175372 0)
(-1.9268 0.21706 0)
(-0.95194 0.0508145 0)
(-1.72551 0.191164 0)
(-0.985392 -0.0544495 0)
(-1.68618 0.276216 0)
(-1.87307 0.321436 0)
(-1.07263 -0.277115 0)
(-1.22483 -0.199533 0)
(-1.69681 0.496288 0)
(-1.39025 -0.422825 0)
(-1.54724 0.396461 0)
(-1.06524 0.103872 0)
(-1.98926 -0.0835281 0)
(-1.75947 -0.040742 0)
(-1.06392 0.305028 0)
(-1.77284 0.350279 0)
(-1.79001 -0.392144 0)
(-1.5629 -0.120162 0)
(-1.97388 0.513731 0)
(-1.82672 0.3415 0)
(-1.78705 -0.387602 0)
(-2.04531 0.500919 0)
(-1.56551 -0.0990584 0)
(-2.07713 -0.244357 0)
(-1.40097 0.45656 0)
(-1.8021 -0.128706 0)
(-1.33704 0.236834 0)
(-1.5519 -0.18979 0)
(-1.55853 0.375839 0)
(-1.70704 0.543576 0)
(-1.78506 -0.408227 0)
(-1.24257 -0.0223345 0)
(-1.85655 0.279513 0)
(-2.08818 0.349163 0)
(-1.35985 -0.297006 0)
(-1.79642 0.533818 0)
(-1.83164 -0.116416 0)
(-1.65493 0.28281 0)
(-2.15214 -0.319342 0)
(-1.8442 0.51918 0)
(-1.86942 -0.0944135 0)
(-1.69923 0.252706 0)
(-2.20583 -0.300681 0)
(-1.57372 -0.212311 0)
(-1.39162 0.513523 0)
(-1.29783 0.351635 0)
(-1.79737 -0.36312 0)
(-1.46651 0.386027 0)
(-1.43167 0.113024 0)
(-1.95072 -0.0410563 0)
(-2.2641 -0.119137 0)
(-1.22549 -0.146198 0)
(-1.89259 0.155889 0)
(-1.16444 0.120354 0)
(-2.14414 0.176281 0)
(-2.2171 -0.22118 0)
(-2.1936 0.12159 0)
(-2.59842 0.309379 0)
(-1.9931 0.238215 0)
(-1.47979 0.369263 0)
(-1.98597 -0.0158093 0)
(-1.45647 0.0814142 0)
(-2.30923 -0.0801047 0)
(-2.44581 0.531921 0)
(-2.78476 0.157521 0)
(-2.25444 -0.0910078 0)
(-2.70944 -0.0503075 0)
(-1.33972 -0.21913 0)
(-1.49022 0.408639 0)
(-1.52762 -0.435142 0)
(-1.63035 0.533587 0)
(-1.13157 -0.352361 0)
(-1.63193 0.351505 0)
(-1.01712 -0.128976 0)
(-1.79819 0.414924 0)
(-1.7383 0.100888 0)
(-1.94954 0.103695 0)
(-0.927825 0.135051 0)
(-0.96503 -0.0800153 0)
(-1.7485 -0.108043 0)
(-1.12891 0.190529 0)
(-1.15368 0.382425 0)
(-1.98572 -0.181673 0)
(-1.95721 -0.0732205 0)
(-1.69957 0.463431 0)
(-2.30995 -0.21148 0)
(-1.60903 0.17001 0)
(-1.98311 -0.0552992 0)
(-1.68999 0.452136 0)
(-2.3418 -0.180789 0)
(-1.61031 0.148342 0)
(-1.42122 -0.42991 0)
(-1.24298 -0.238432 0)
(-1.49986 0.532581 0)
(-1.37837 0.422396 0)
(-2.41485 -0.162153 0)
(-1.80812 0.454139 0)
(-2.02783 -0.0307971 0)
(-1.71727 0.120502 0)
(-1.04394 0.362919 0)
(-1.01751 0.205836 0)
(-1.66255 -0.13268 0)
(-1.87062 -0.202381 0)
(-2.10913 0.991455 0)
(-3.06609 -0.877952 0)
(-3.66127 0.0385476 0)
(-2.94672 0.510325 0)
(-2.06307 -0.236843 0)
(-1.35465 0.449671 0)
(-1.29772 0.234889 0)
(-1.79319 -0.128542 0)
(-1.8837 0.309255 0)
(-0.977489 -0.0369065 0)
(-1.06107 -0.259394 0)
(-1.69341 0.265879 0)
(-2.11832 0.303443 0)
(-2.65518 0.317319 0)
(-2.22912 0.0483435 0)
(-2.42247 -0.181412 0)
(-1.72829 0.435475 0)
(-2.39529 -0.151527 0)
(-2.02001 -0.0357729 0)
(-1.65515 0.113552 0)
(-1.43625 0.525796 0)
(-1.5669 -0.215572 0)
(-1.33419 0.362234 0)
(-1.79271 -0.376805 0)
(-1.51718 -0.200966 0)
(-1.54258 0.385581 0)
(-1.6904 0.545231 0)
(-1.74152 -0.418963 0)
(-1.27778 -0.0409162 0)
(-1.93719 0.0692846 0)
(-1.25139 0.23027 0)
(-2.21501 0.0560477 0)
(-2.10354 0.624256 0)
(-2.95689 -0.405971 0)
(-3.30502 0.293199 0)
(-2.81874 0.300373 0)
(-1.74973 -0.408954 0)
(-1.59758 0.544345 0)
(-1.46701 0.383543 0)
(-1.52536 -0.211087 0)
(-1.28406 0.272626 0)
(-1.73242 -0.158044 0)
(-1.35281 0.469425 0)
(-1.98764 -0.278866 0)
(-1.45876 0.021029 0)
(-2.247 0.363709 0)
(-1.60181 -0.300826 0)
(-1.97307 0.267722 0)
(-1.17869 -0.104846 0)
(-1.93164 0.415284 0)
(-1.73625 0.33736 0)
(-1.3107 -0.354628 0)
(-2.10579 0.133959 0)
(-2.75686 0.49231 0)
(-2.71908 -0.128008 0)
(-2.73808 0.0821106 0)
(-1.12766 0.323364 0)
(-1.77466 -0.305591 0)
(-1.18655 0.470293 0)
(-1.5646 -0.196106 0)
(-2.25152 0.385628 0)
(-1.49167 0.0120964 0)
(-1.64868 -0.314975 0)
(-1.97597 0.277555 0)
(-1.26452 0.39029 0)
(-1.5971 -0.411791 0)
(-1.40811 -0.251754 0)
(-1.36648 0.522951 0)
(-1.27958 0.387169 0)
(-1.62761 -0.404953 0)
(-1.43293 -0.244138 0)
(-1.38194 0.524408 0)
(-2.21064 0.235817 0)
(-1.2676 0.0904476 0)
(-1.94324 0.195419 0)
(-1.34845 -0.201394 0)
(-3.21274 0.134296 0)
(-2.94121 0.844259 0)
(-2.18719 -0.258071 0)
(-2.85141 -0.0016675 0)
(-1.73646 0.54344 0)
(-1.67379 -0.422337 0)
(-1.5797 0.395022 0)
(-1.46054 -0.193385 0)
(-2.14818 0.355709 0)
(-1.30945 -0.00589005 0)
(-1.43462 -0.297539 0)
(-1.90149 0.278419 0)
(-1.2943 0.0822552 0)
(-1.38365 -0.213995 0)
(-1.95358 0.20698 0)
(-2.22312 0.255149 0)
(-1.02447 -0.0218059 0)
(-1.73711 0.258641 0)
(-1.93778 0.302505 0)
(-1.10979 -0.254729 0)
(-1.77886 0.537968 0)
(-1.68423 -0.418907 0)
(-1.47057 -0.182586 0)
(-1.61516 0.388947 0)
(-1.26055 0.189481 0)
(-1.30188 0.410145 0)
(-1.82085 -0.104949 0)
(-2.08887 -0.19547 0)
(-1.28322 0.172806 0)
(-1.32145 0.401809 0)
(-1.84447 -0.0911148 0)
(-2.11934 -0.177899 0)
(-1.34165 0.0969933 0)
(-1.97596 0.201986 0)
(-1.43287 -0.208364 0)
(-2.25449 0.252885 0)
(-1.49077 -0.433238 0)
(-1.49464 0.408697 0)
(-1.3072 -0.215865 0)
(-1.63461 0.527442 0)
(-2.15889 0.361379 0)
(-1.47402 -0.304601 0)
(-1.34347 -0.00931775 0)
(-1.90981 0.279486 0)
(-1.20678 -0.121861 0)
(-1.8877 0.140067 0)
(-1.15152 0.14032 0)
(-2.13854 0.154963 0)
(-1.74658 -0.0975439 0)
(-1.10647 0.172815 0)
(-1.12527 0.364075 0)
(-1.98006 -0.164234 0)
(-1.87097 -0.33396 0)
(-3.73469 0.0345805 0)
(-3.53409 0.861865 0)
(-2.67423 -0.156968 0)
(-1.36233 0.123045 0)
(-1.44588 -0.189273 0)
(-1.99897 0.18419 0)
(-2.28869 0.228018 0)
(-2.14827 0.414141 0)
(-1.58545 -0.345197 0)
(-1.90152 0.306693 0)
(-1.42543 -0.0426556 0)
(-1.75303 -0.0551242 0)
(-2.1129 0.516278 0)
(-1.88313 0.296301 0)
(-2.0394 -0.356017 0)
(-3.04662 0.0418531 0)
(-2.81206 0.717431 0)
(-2.1932 -0.166955 0)
(-2.8261 0.0501201 0)
(-2.16758 0.124092 0)
(-2.49463 -0.0975039 0)
(-2.74405 0.0504709 0)
(-2.55275 0.459629 0)
(-1.95549 0.293495 0)
(-1.73593 -0.339238 0)
(-2.22257 0.424651 0)
(-1.55204 -0.0119982 0)
(-1.25097 -0.0599599 0)
(-2.03999 0.398097 0)
(-1.38472 -0.329888 0)
(-1.8213 0.31584 0)
(-2.12176 0.193836 0)
(-1.9703 -0.262619 0)
(-1.78682 0.138133 0)
(-2.47103 0.33637 0)
(-1.06339 -0.212793 0)
(-1.74284 0.223937 0)
(-0.990743 0.0177541 0)
(-1.94815 0.258878 0)
(-1.13076 -0.336459 0)
(-1.65054 0.34209 0)
(-1.82335 0.405284 0)
(-1.01899 -0.112045 0)
(-2.11287 0.19739 0)
(-2.00982 -0.277911 0)
(-2.46265 0.356412 0)
(-1.80806 0.128957 0)
(-1.0783 -0.20197 0)
(-1.96682 0.245158 0)
(-1.75849 0.212688 0)
(-1.00743 0.0320406 0)
(-1.74519 0.116376 0)
(-0.939656 0.120196 0)
(-1.95651 0.122984 0)
(-0.981376 -0.101159 0)
(-2.15013 0.404184 0)
(-1.39851 -0.0288011 0)
(-1.55145 -0.327839 0)
(-1.90369 0.302745 0)
(-2.56697 0.416231 0)
(-2.69296 -0.0369223 0)
(-2.12881 0.194066 0)
(-2.35557 -0.0980362 0)
(-1.93767 0.304422 0)
(-1.68963 -0.345135 0)
(-1.51093 -0.0248852 0)
(-2.19781 0.430107 0)
(-2.11326 0.426853 0)
(-2.15348 0.06763 0)
(-2.06234 -0.0313988 0)
(-2.63886 -0.00573993 0)
(-2.09664 0.566772 0)
(-2.61421 -0.304253 0)
(-3.02726 0.327033 0)
(-2.74771 0.153992 0)
(-2.66051 0.285023 0)
(-2.11075 0.324526 0)
(-2.37344 -0.169593 0)
(-2.22324 0.0539159 0)
(-2.25248 0.419501 0)
(-2.24795 0.0129337 0)
(-2.73132 0.223147 0)
(-2.4866 -0.115751 0)
(-2.03208 -0.0489296 0)
(-2.05775 0.399345 0)
(-2.62529 0.0211965 0)
(-2.15775 0.070133 0)
(-1.06158 -0.101532 0)
(-1.6855 0.332399 0)
(-1.17542 -0.333946 0)
(-1.86862 0.395888 0)
(-1.08208 -0.115298 0)
(-1.86757 0.406731 0)
(-1.68496 0.339335 0)
(-1.20115 -0.350362 0)
(-3.17598 -0.757572 0)
(-1.99939 0.997665 0)
(-3.66132 0.0781298 0)
(-2.82944 0.563381 0)
(-1.81986 0.332881 0)
(-2.03821 0.433843 0)
(-1.33597 -0.0844004 0)
(-1.49215 -0.361373 0)
(-2.29566 0.331506 0)
(-2.00736 0.244477 0)
(-1.60401 -0.277543 0)
(-1.47246 0.0522055 0)
(-1.09411 0.373878 0)
(-1.07097 0.200977 0)
(-1.6976 -0.122445 0)
(-1.91755 -0.194036 0)
(-1.91281 -0.213972 0)
(-1.11937 0.394806 0)
(-1.69043 -0.134627 0)
(-1.08967 0.224115 0)
(-1.55132 0.530637 0)
(-1.47117 -0.432753 0)
(-1.42466 0.413506 0)
(-1.28941 -0.227274 0)
(-3.6804 0.247343 0)
(-1.91741 -0.40471 0)
(-3.42017 1.08808 0)
(-2.71591 -0.168854 0)
(-1.16908 -0.314305 0)
(-1.90528 0.372623 0)
(-1.71412 0.313884 0)
(-1.06151 -0.0785383 0)
(-1.53594 0.535884 0)
(-1.41031 0.412394 0)
(-1.32178 -0.233887 0)
(-1.50526 -0.43439 0)
(-1.88968 0.24982 0)
(-0.946712 0.00823693 0)
(-1.01437 -0.209818 0)
(-1.69379 0.21755 0)
(-1.53579 0.529003 0)
(-1.43879 -0.432393 0)
(-1.41178 0.416883 0)
(-1.25837 -0.228621 0)
(-1.06376 0.361089 0)
(-1.68643 -0.122252 0)
(-1.043 0.194232 0)
(-1.9004 -0.190102 0)
(-1.22531 0.342804 0)
(-1.78417 -0.343397 0)
(-1.30548 0.498678 0)
(-1.56695 -0.209917 0)
(-2.16122 0.0909738 0)
(-2.31152 -0.0762519 0)
(-2.70556 0.0446557 0)
(-2.34014 0.45028 0)
(-1.5292 0.136513 0)
(-2.38436 0.249428 0)
(-1.62965 -0.211885 0)
(-2.06489 0.186305 0)
(-2.17071 0.122212 0)
(-1.92198 -0.168966 0)
(-2.57479 0.18623 0)
(-1.82949 0.256074 0)
(-1.9172 -0.0119798 0)
(-1.91335 0.213707 0)
(-2.28245 -0.289957 0)
(-2.12844 0.509168 0)
(-2.00344 -0.154405 0)
(-2.18252 0.10547 0)
(-2.60517 0.165872 0)
(-1.9157 0.286741 0)
(-2.06002 -0.140755 0)
(-2.18595 0.0936982 0)
(-2.63372 0.123818 0)
(-2.00516 0.316081 0)
(-1.8561 0.128086 0)
(-2.08083 -0.285617 0)
(-2.47631 0.362578 0)
(-2.12067 0.181596 0)
(-1.72798 0.520931 0)
(-1.57152 0.39929 0)
(-1.52302 -0.431764 0)
(-1.33646 -0.20074 0)
(-2.15648 -0.229383 0)
(-1.48072 0.455407 0)
(-1.41183 0.21328 0)
(-1.85914 -0.110071 0)
(-1.9639 0.00521853 0)
(-1.94708 0.177551 0)
(-2.35852 -0.263315 0)
(-2.15677 0.502635 0)
(-1.80207 0.543016 0)
(-1.63774 0.363173 0)
(-1.59984 -0.166188 0)
(-1.84681 -0.401436 0)
(-1.88706 -0.106716 0)
(-1.68906 0.497875 0)
(-2.21648 -0.269953 0)
(-1.58167 0.232967 0)
(-2.05136 -0.131538 0)
(-1.15618 0.144599 0)
(-1.17118 0.356714 0)
(-1.80181 -0.0698285 0)
(-2.39747 0.279788 0)
(-1.56404 0.121266 0)
(-1.68226 -0.235432 0)
(-2.07453 0.201159 0)
(-2.28738 0.313501 0)
(-1.55573 -0.265038 0)
(-2.00062 0.23682 0)
(-1.43556 0.0605319 0)
(-1.41808 0.183961 0)
(-1.47826 0.440543 0)
(-1.89795 -0.0913357 0)
(-2.2056 -0.199804 0)
(-1.66187 0.290495 0)
(-0.97407 -0.0680507 0)
(-1.84202 0.338997 0)
(-1.06483 -0.285372 0)
(-0.989214 -0.162769 0)
(-0.930292 0.0695047 0)
(-1.91062 0.195473 0)
(-1.71236 0.175031 0)
(-1.83475 -0.407406 0)
(-1.68384 0.365885 0)
(-1.58957 -0.157423 0)
(-1.86228 0.544093 0)
(-1.68611 0.507779 0)
(-1.8538 -0.119407 0)
(-2.17201 -0.290795 0)
(-1.57246 0.255199 0)
(-1.30036 0.0397085 0)
(-2.19602 0.309168 0)
(-1.40852 -0.257164 0)
(-1.93519 0.245383 0)
(-1.87864 0.245002 0)
(-2.11893 0.300206 0)
(-1.31554 -0.2507 0)
(-1.2165 0.023874 0)
(-2.19535 0.119796 0)
(-1.9272 0.113179 0)
(-1.26623 -0.095966 0)
(-1.22168 0.176339 0)
(-1.62862 0.356171 0)
(-1.88335 -0.400748 0)
(-1.79112 0.543738 0)
(-1.62869 -0.168145 0)
(-1.22417 0.258473 0)
(-1.27949 0.4478 0)
(-1.96779 -0.255315 0)
(-1.72239 -0.149494 0)
(-1.4267 0.408475 0)
(-1.15867 -0.217573 0)
(-1.54894 0.499299 0)
(-1.32255 -0.426126 0)
(-2.6535 0.366429 0)
(-2.26049 -0.00134657 0)
(-2.10835 0.314298 0)
(-2.52083 -0.131982 0)
(-1.46484 -0.219288 0)
(-1.58308 0.540646 0)
(-1.67431 -0.418906 0)
(-1.45232 0.393137 0)
(-2.09795 0.263682 0)
(-2.61599 -0.0938108 0)
(-2.61691 0.401894 0)
(-2.29536 -0.0586764 0)
(-2.58998 0.358407 0)
(-2.05048 0.244256 0)
(-2.20062 0.0853346 0)
(-2.36505 -0.207861 0)
(-1.87153 -0.12319 0)
(-0.976893 0.139531 0)
(-1.66781 -0.0765422 0)
(-0.980695 0.309039 0)
(-2.43606 0.399784 0)
(-2.18877 0.0566981 0)
(-2.50318 -0.164884 0)
(-2.74619 0.103962 0)
(-2.68798 0.397025 0)
(-2.12382 0.325159 0)
(-2.31485 -0.0657552 0)
(-2.63048 -0.084677 0)
(-2.09351 0.272748 0)
(-2.60679 0.418058 0)
(-2.63405 -0.0716604 0)
(-2.29649 -0.0647802 0)
(-2.02215 0.261543 0)
(-1.83683 -0.324915 0)
(-2.31903 0.405524 0)
(-1.64336 0.0303832 0)
(-1.54518 0.390129 0)
(-1.15975 -0.197923 0)
(-1.69452 0.477837 0)
(-1.31138 -0.418413 0)
(-1.00533 0.273996 0)
(-1.73947 -0.0129423 0)
(-1.96123 -0.0436825 0)
(-1.01638 0.0744842 0)
(-2.19733 0.108931 0)
(-2.15542 -0.163874 0)
(-2.64364 0.211322 0)
(-2.02377 0.317747 0)
(-1.90963 -0.293884 0)
(-1.29812 0.470015 0)
(-1.67248 -0.174951 0)
(-1.23164 0.292811 0)
(-1.51006 0.537932 0)
(-1.48891 -0.222924 0)
(-1.39261 0.386777 0)
(-1.70134 -0.404824 0)
(-2.21633 0.0875782 0)
(-2.26251 -0.169481 0)
(-2.08833 0.324932 0)
(-2.66969 0.232095 0)
(-1.37725 0.118278 0)
(-1.93474 -0.0462509 0)
(-1.40752 0.383318 0)
(-2.23949 -0.120878 0)
(-1.92052 -0.087442 0)
(-1.61737 0.458184 0)
(-2.25011 -0.220518 0)
(-1.53428 0.186229 0)
(-1.74347 0.366824 0)
(-1.93904 0.522553 0)
(-1.52049 -0.140855 0)
(-1.74011 -0.407821 0)
(-1.94814 -0.278013 0)
(-1.30494 0.459836 0)
(-1.24114 0.274539 0)
(-1.70434 -0.162637 0)
(-1.48937 -0.217976 0)
(-1.70391 -0.408946 0)
(-1.43117 0.389568 0)
(-1.55544 0.542117 0)
(-1.85839 0.47986 0)
(-1.98316 -0.0447644 0)
(-1.74458 0.161757 0)
(-2.36557 -0.209273 0)
(-1.67438 0.530107 0)
(-1.35776 -0.210212 0)
(-1.52727 0.403375 0)
(-1.54822 -0.432084 0)
(-1.08469 -0.00560617 0)
(-1.81979 0.0490754 0)
(-2.05816 0.0344406 0)
(-1.05926 0.223045 0)
(-2.26617 0.103801 0)
(-1.97608 0.102244 0)
(-1.30377 0.203616 0)
(-1.34478 -0.086905 0)
(-1.89016 -0.0987048 0)
(-1.61508 0.473772 0)
(-1.52713 0.213017 0)
(-2.21088 -0.238425 0)
(-1.67727 0.534962 0)
(-1.39469 -0.208639 0)
(-1.52979 0.401056 0)
(-1.59238 -0.429885 0)
(-1.17431 -0.270947 0)
(-1.07962 -0.0253967 0)
(-1.98164 0.320014 0)
(-1.77275 0.270109 0)
(-1.51793 0.346024 0)
(-1.66233 -0.179317 0)
(-1.92312 -0.373664 0)
(-1.64775 0.539531 0)
(-1.06849 -0.040955 0)
(-1.16775 -0.281303 0)
(-1.95143 0.339983 0)
(-1.74974 0.286141 0)
(-1.1809 0.378806 0)
(-1.77431 -0.0962958 0)
(-1.15717 0.177598 0)
(-2.01936 -0.168482 0)
(-2.0537 0.24172 0)
(-1.86971 -0.302961 0)
(-1.67979 0.0649607 0)
(-2.36438 0.383652 0)
(-2.15257 -0.242311 0)
(-1.50641 0.477445 0)
(-1.43134 0.233902 0)
(-1.85049 -0.115065 0)
(-1.3842 -0.121772 0)
(-1.56294 -0.388783 0)
(-1.96707 0.477441 0)
(-1.76547 0.358004 0)
(-1.52314 0.507801 0)
(-1.76315 -0.154008 0)
(-1.42853 0.29193 0)
(-2.04218 -0.305538 0)
(-1.57341 0.390694 0)
(-1.72844 0.477375 0)
(-1.15119 -0.186842 0)
(-1.30071 -0.41045 0)
(-1.85358 -0.398798 0)
(-1.71773 0.354292 0)
(-1.60659 -0.141822 0)
(-1.90333 0.534624 0)
(-1.5077 0.4286 0)
(-1.91933 -0.0758027 0)
(-1.4499 0.164102 0)
(-2.23477 -0.181074 0)
(-1.21935 0.395399 0)
(-1.77966 -0.105174 0)
(-1.18818 0.191528 0)
(-2.02995 -0.18543 0)
(-1.85041 0.451934 0)
(-1.31975 -0.390685 0)
(-1.17583 -0.15017 0)
(-1.67142 0.36663 0)
(-1.7562 0.00107029 0)
(-1.98044 -0.026335 0)
(-1.00626 0.255418 0)
(-1.02046 0.0497271 0)
(-2.20506 -0.0200728 0)
(-1.27842 0.291098 0)
(-1.28315 0.0301368 0)
(-1.92413 0.0161242 0)
(-2.47002 -0.173937 0)
(-2.1913 0.0673027 0)
(-2.05173 0.211945 0)
(-2.5219 0.428886 0)
(-2.54775 -0.114736 0)
(-2.11136 0.308409 0)
(-2.25903 0.00305688 0)
(-2.63026 0.392306 0)
(-2.23797 -0.0709778 0)
(-1.33819 0.0673305 0)
(-1.35099 0.334387 0)
(-1.94215 -0.0162563 0)
(-1.18012 -0.233168 0)
(-2.03421 0.275612 0)
(-1.09602 0.019573 0)
(-1.81238 0.233901 0)
(-1.33606 0.401563 0)
(-1.3786 -0.248735 0)
(-1.56636 -0.427226 0)
(-1.45068 0.532503 0)
(-1.24866 -0.306048 0)
(-1.76882 0.302191 0)
(-1.97326 0.365869 0)
(-1.13604 -0.0570135 0)
(-2.19554 0.0990932 0)
(-2.64497 0.193788 0)
(-2.14938 -0.149855 0)
(-2.02723 0.325285 0)
(-2.42256 -0.134266 0)
(-2.30916 0.414876 0)
(-2.19516 0.0568449 0)
(-2.72191 0.148008 0)
(-1.29444 -0.32052 0)
(-1.98946 0.382566 0)
(-1.17317 -0.0651253 0)
(-1.78103 0.311905 0)
(-1.15255 0.431037 0)
(-1.65941 -0.155106 0)
(-1.11181 0.2662 0)
(-1.88189 -0.245734 0)
(-1.63017 -0.168253 0)
(-1.1625 0.442499 0)
(-1.84825 -0.26508 0)
(-1.11582 0.284225 0)
(-1.36906 0.405358 0)
(-1.55335 -0.434142 0)
(-1.49005 0.534876 0)
(-1.36611 -0.246291 0)
(-1.2769 0.054071 0)
(-2.18967 0.285964 0)
(-1.37561 -0.237692 0)
(-1.93031 0.230148 0)
(-1.62529 0.36958 0)
(-1.79203 0.448008 0)
(-1.12188 -0.161048 0)
(-1.25885 -0.389527 0)
(-2.39291 0.527424 0)
(-2.72468 -0.0544229 0)
(-2.27798 -0.121387 0)
(-2.8049 0.194671 0)
(-1.65347 0.35595 0)
(-1.11151 -0.14602 0)
(-1.8275 0.429557 0)
(-1.24136 -0.379215 0)
(-1.76717 -0.363176 0)
(-1.2588 0.35607 0)
(-1.55018 -0.21876 0)
(-1.34824 0.511697 0)
(-1.76006 0.514537 0)
(-1.59885 0.392571 0)
(-1.53607 -0.423781 0)
(-1.34986 -0.189194 0)
(-1.70367 -0.346192 0)
(-1.15237 0.348516 0)
(-1.22551 0.488139 0)
(-1.50305 -0.223096 0)
(-1.99863 0.034597 0)
(-1.00197 0.212134 0)
(-1.77433 0.0484412 0)
(-1.02808 -0.00381248 0)
(-1.00339 0.191044 0)
(-2.00914 0.0679989 0)
(-1.03676 -0.0309171 0)
(-1.78423 0.0738278 0)
(-2.07256 -0.119108 0)
(-1.81857 -0.0593579 0)
(-1.18036 0.13144 0)
(-1.19379 0.348826 0)
(-1.63593 -0.383337 0)
(-1.44354 -0.2417 0)
(-1.29317 0.512521 0)
(-1.20504 0.376916 0)
(-1.77629 0.120401 0)
(-1.03219 -0.100277 0)
(-0.985596 0.128457 0)
(-1.99522 0.127809 0)
(-1.03704 -0.0786172 0)
(-2.00811 0.106025 0)
(-0.995721 0.149433 0)
(-1.78529 0.103461 0)
(-2.27466 0.133944 0)
(-1.98398 0.12202 0)
(-1.31303 0.186936 0)
(-1.36356 -0.110122 0)
(-1.65836 -0.396577 0)
(-1.45766 -0.126022 0)
(-1.96945 0.505166 0)
(-1.76744 0.366018 0)
(-2.04184 0.205995 0)
(-1.88484 0.0665118 0)
(-2.20526 -0.289952 0)
(-2.32908 0.465161 0)
(-1.33883 0.331989 0)
(-1.88104 -0.347816 0)
(-1.43294 0.510113 0)
(-1.64051 -0.195729 0)
(-1.60317 0.373125 0)
(-1.76519 0.449907 0)
(-1.24025 -0.395991 0)
(-1.10562 -0.171142 0)
(-1.75736 0.0442411 0)
(-1.97746 0.0302846 0)
(-1.00382 0.00554791 0)
(-0.978579 0.215948 0)
(-2.07774 0.196999 0)
(-2.39077 0.450741 0)
(-1.89532 0.0956863 0)
(-2.20598 -0.285643 0)
(-1.34208 0.319784 0)
(-1.92551 -0.333848 0)
(-1.43275 0.506875 0)
(-1.67593 -0.186035 0)
(-1.70592 -0.396969 0)
(-1.49647 -0.232148 0)
(-1.42329 0.528576 0)
(-1.3183 0.379344 0)
(-2.45179 -0.131387 0)
(-1.84974 0.44558 0)
(-2.05317 -0.00775372 0)
(-1.76443 0.0964894 0)
(-2.10813 0.440037 0)
(-1.59554 -0.356545 0)
(-1.8727 0.32381 0)
(-1.42451 -0.0615272 0)
(-2.5659 0.407504 0)
(-2.66378 -0.048489 0)
(-2.10816 0.204574 0)
(-2.33478 -0.0925044 0)
(-2.02836 0.226284 0)
(-1.12351 -0.188523 0)
(-1.0536 0.0577497 0)
(-1.80625 0.196688 0)
(-1.33992 0.092108 0)
(-2.22305 -0.0909795 0)
(-1.35753 0.352886 0)
(-1.92802 -0.0304225 0)
(-1.08347 0.114564 0)
(-1.8373 0.150877 0)
(-1.14033 -0.133688 0)
(-2.07106 0.167854 0)
(-1.67645 -0.403211 0)
(-1.47215 -0.136699 0)
(-1.94067 0.509135 0)
(-1.74456 0.367303 0)
(-1.11027 0.137859 0)
(-1.8572 0.132794 0)
(-1.16216 -0.113539 0)
(-2.09797 0.144726 0)
(-1.98916 -0.00310725 0)
(-1.45157 0.342826 0)
(-1.43752 0.05441 0)
(-2.30727 -0.0575682 0)
(-2.05875 0.493105 0)
(-1.53446 -0.089176 0)
(-1.83707 0.342277 0)
(-1.7459 -0.379596 0)
(-1.31527 -0.338685 0)
(-1.18829 -0.0827634 0)
(-1.97414 0.39427 0)
(-1.76954 0.320085 0)
(-1.9231 0.180806 0)
(-2.52732 0.350314 0)
(-2.16465 -0.248447 0)
(-2.15662 0.150867 0)
(-2.48113 -0.178316 0)
(-2.04534 0.1708 0)
(-2.45338 0.443118 0)
(-2.15773 0.0696113 0)
(-2.09941 0.117078 0)
(-1.11044 0.160728 0)
(-1.15532 -0.0874254 0)
(-1.85708 0.112765 0)
(-2.51341 0.379636 0)
(-1.98639 0.166741 0)
(-2.27998 -0.260414 0)
(-2.14901 0.131157 0)
(-1.15366 -0.214957 0)
(-1.58927 0.497485 0)
(-1.45945 0.406297 0)
(-1.31202 -0.425242 0)
(-1.02234 -0.0582329 0)
(-1.8969 0.340842 0)
(-1.11778 -0.287364 0)
(-1.7065 0.289727 0)
(-1.03238 -0.0733155 0)
(-1.89284 0.35806 0)
(-1.70374 0.303703 0)
(-1.13339 -0.304802 0)
(-1.96701 0.201353 0)
(-1.04415 -0.166305 0)
(-0.982551 0.0683256 0)
(-1.75732 0.178713 0)
(-1.98016 0.180486 0)
(-0.98156 0.086311 0)
(-1.76661 0.162009 0)
(-1.03852 -0.148064 0)
(-1.06321 -0.146914 0)
(-1.63972 0.360733 0)
(-1.18629 -0.375302 0)
(-1.81103 0.430291 0)
(-1.98186 -0.234848 0)
(-2.14894 0.181756 0)
(-2.51548 0.316943 0)
(-1.80801 0.179362 0)
(-1.89593 -0.101807 0)
(-0.979291 0.119279 0)
(-1.6872 -0.0592505 0)
(-0.98114 0.298737 0)
(-0.957658 0.17113 0)
(-1.98446 0.0808654 0)
(-0.99274 -0.0482931 0)
(-1.76608 0.0833309 0)
(-1.44489 0.529339 0)
(-1.52921 -0.220748 0)
(-1.33968 0.3728 0)
(-1.74717 -0.386174 0)
(-1.92592 0.491999 0)
(-1.97792 -0.0427398 0)
(-1.7876 0.171214 0)
(-2.36675 -0.233032 0)
(-2.13183 0.0823711 0)
(-2.1441 -0.0398377 0)
(-2.28999 0.410175 0)
(-2.63519 -0.0901766 0)
(-1.7408 0.0623739 0)
(-1.95534 0.0542609 0)
(-0.972781 -0.00592831 0)
(-0.942188 0.202173 0)
(-1.75667 0.436694 0)
(-1.06727 -0.173688 0)
(-1.1934 -0.396627 0)
(-1.59505 0.36657 0)
(-2.52473 -0.164899 0)
(-2.0616 0.174777 0)
(-2.46662 0.437489 0)
(-2.17429 0.0365087 0)
(-2.60533 0.284375 0)
(-2.18717 -0.205712 0)
(-2.19036 0.116577 0)
(-1.9864 0.25617 0)
(-2.12624 0.401449 0)
(-1.88695 0.305901 0)
(-1.50543 -0.32571 0)
(-1.35846 -0.0348364 0)
(-1.34201 0.495075 0)
(-1.62461 -0.196072 0)
(-1.26168 0.325548 0)
(-1.85578 -0.330964 0)
(-2.00017 0.274835 0)
(-1.05799 0.0125466 0)
(-1.13969 -0.232264 0)
(-1.78525 0.235241 0)
(-2.01955 0.202437 0)
(-1.03292 0.0687936 0)
(-1.0958 -0.17474 0)
(-1.79857 0.178633 0)
(-1.38628 0.50771 0)
(-1.61408 -0.201771 0)
(-1.29713 0.337582 0)
(-1.84649 -0.347063 0)
(-1.65686 -0.178326 0)
(-1.26481 0.467997 0)
(-1.88889 -0.29344 0)
(-1.20189 0.296027 0)
(-2.13954 0.151987 0)
(-2.7223 0.0213231 0)
(-2.44378 -0.113596 0)
(-2.56033 0.438541 0)
(-1.98861 0.53128 0)
(-1.7486 -0.0929411 0)
(-1.79187 0.308305 0)
(-2.04068 -0.360185 0)
(-2.02805 0.532248 0)
(-1.72981 -0.0867655 0)
(-1.81969 0.313098 0)
(-2.01754 -0.365953 0)
(-1.71564 0.332156 0)
(-1.11579 -0.102943 0)
(-1.90577 0.401056 0)
(-1.23653 -0.344003 0)
(-1.58554 -0.0435806 0)
(-1.79403 -0.358956 0)
(-1.91359 0.309639 0)
(-2.16246 0.460833 0)
(-1.78998 -0.344522 0)
(-1.58823 -0.0181228 0)
(-1.94969 0.299416 0)
(-2.21213 0.446351 0)
(-1.11618 0.00163241 0)
(-2.07628 0.0223307 0)
(-1.83331 0.0407241 0)
(-1.09399 0.233617 0)
(-2.1218 -0.219526 0)
(-1.35649 0.212013 0)
(-1.41501 0.443169 0)
(-1.83708 -0.110257 0)
(-1.25458 -0.207663 0)
(-1.67474 0.509231 0)
(-1.5286 0.402366 0)
(-1.42874 -0.430595 0)
(-1.9059 -0.384592 0)
(-1.81003 0.331334 0)
(-1.65137 -0.102227 0)
(-2.02087 0.520171 0)
(-1.14561 -0.0122264 0)
(-1.85515 0.0528023 0)
(-2.10495 0.037489 0)
(-1.12119 0.22816 0)
(-1.84591 -0.0285859 0)
(-2.10341 -0.0764694 0)
(-1.18521 0.0845081 0)
(-1.18958 0.313441 0)
(-1.8424 -0.0401571 0)
(-2.10209 -0.0934373 0)
(-1.20301 0.334403 0)
(-1.19473 0.107391 0)
(-1.5546 -0.178398 0)
(-1.7663 0.540572 0)
(-1.60708 0.372872 0)
(-1.78835 -0.40861 0)
(-1.98958 -0.114137 0)
(-1.07918 0.131037 0)
(-1.08501 0.329541 0)
(-1.75766 -0.0629012 0)
(-1.68185 0.365353 0)
(-1.86303 0.455267 0)
(-1.35833 -0.388694 0)
(-1.21021 -0.145579 0)
(-1.08639 0.0806034 0)
(-2.02424 -0.0598704 0)
(-1.0803 0.291948 0)
(-1.78757 -0.0219107 0)
(-1.71374 0.357271 0)
(-1.37544 -0.382955 0)
(-1.22766 -0.132582 0)
(-1.90299 0.447576 0)
(-1.64959 0.385756 0)
(-1.3267 -0.167414 0)
(-1.5065 -0.409951 0)
(-1.82177 0.501688 0)
(-1.18355 -0.386694 0)
(-1.77162 0.4424 0)
(-1.05755 -0.163358 0)
(-1.60732 0.371062 0)
(-1.63607 0.38636 0)
(-1.34817 -0.177414 0)
(-1.80619 0.506527 0)
(-1.53238 -0.419184 0)
(-1.74797 0.0654689 0)
(-1.9632 0.0586023 0)
(-0.940375 0.186606 0)
(-0.970435 -0.0259093 0)
(-2.03452 0.0286109 0)
(-1.52407 0.32964 0)
(-1.52016 0.0160612 0)
(-2.37244 -0.0117955 0)
(-1.54002 0.310126 0)
(-2.40111 0.0190414 0)
(-2.0567 0.0477068 0)
(-1.54689 -0.0161357 0)
(-2.83105 0.889678 0)
(-3.20059 0.204711 0)
(-2.94964 -0.0567457 0)
(-2.31759 -0.415617 0)
(-1.74824 0.490629 0)
(-1.39492 -0.417714 0)
(-1.58931 0.390994 0)
(-1.23109 -0.18735 0)
(-2.12371 0.250429 0)
(-2.6117 -0.188328 0)
(-2.78573 0.409622 0)
(-2.7545 0.0700859 0)
(-2.5292 0.660328 0)
(-2.22357 -0.0954822 0)
(-2.77061 0.0288511 0)
(-2.81007 0.125302 0)
(-1.94442 -0.37889 0)
(-1.79174 0.33226 0)
(-1.67725 -0.103946 0)
(-1.99511 0.53218 0)
(-1.22748 -0.213545 0)
(-1.14638 0.0503158 0)
(-1.85911 0.215 0)
(-2.09502 0.254754 0)
(-1.23856 -0.196145 0)
(-1.16167 0.0729134 0)
(-1.88072 0.199919 0)
(-2.1252 0.235357 0)
(-1.29357 0.311702 0)
(-1.29107 0.0540474 0)
(-2.20364 -0.0478336 0)
(-1.92041 -0.00331568 0)
(-1.19653 -0.210004 0)
(-1.4934 0.405899 0)
(-1.63127 0.503593 0)
(-1.362 -0.42545 0)
(-1.9402 -0.106485 0)
(-1.024 0.12006 0)
(-1.721 -0.0604847 0)
(-1.02591 0.308844 0)
(-2.06088 0.0932947 0)
(-2.28892 0.478788 0)
(-2.48133 -0.199864 0)
(-2.02918 0.0776942 0)
(-1.47413 -0.342996 0)
(-2.07896 0.415424 0)
(-1.32577 -0.060708 0)
(-1.8504 0.31987 0)
(-1.48942 0.538336 0)
(-1.46579 -0.231675 0)
(-1.3731 0.391769 0)
(-1.67263 -0.412089 0)
(-2.03622 0.459493 0)
(-3.35833 0.31101 0)
(-3.13051 -0.406103 0)
(-2.77972 0.241824 0)
(-1.84312 -0.0401158 0)
(-2.1715 -0.325394 0)
(-2.1087 0.515186 0)
(-1.89058 0.255577 0)
(-2.11214 0.281482 0)
(-2.55775 -0.18434 0)
(-2.73382 0.0485242 0)
(-2.78721 0.397215 0)
(-2.21355 1.52594 0)
(-3.9016 0.0959253 0)
(-2.95262 -1.11139 0)
(-3.08727 0.81195 0)
(-1.61936 0.498133 0)
(-1.16786 -0.209953 0)
(-1.32804 -0.42257 0)
(-1.48415 0.405243 0)
(-1.06155 0.254434 0)
(-1.65255 -0.156602 0)
(-1.09412 0.413054 0)
(-1.86797 -0.239432 0)
(-1.81144 0.539836 0)
(-1.7942 -0.124969 0)
(-2.10376 -0.339403 0)
(-1.66096 0.300238 0)
(-1.20821 -0.253663 0)
(-1.81474 0.250014 0)
(-2.03615 0.297717 0)
(-1.1167 0.00211708 0)
(-1.70688 -0.053699 0)
(-1.92097 -0.096062 0)
(-0.999285 0.11089 0)
(-0.999211 0.296883 0)
(-1.83347 -0.25859 0)
(-1.62195 -0.171825 0)
(-1.08835 0.427394 0)
(-1.05138 0.274279 0)
(-1.31414 -0.253074 0)
(-1.47304 0.542725 0)
(-1.35373 0.418865 0)
(-1.49495 -0.440728 0)
(-1.49805 -0.440358 0)
(-1.42951 0.544312 0)
(-1.31712 -0.261428 0)
(-1.31555 0.419963 0)
(-1.78482 -0.11781 0)
(-1.87209 0.541712 0)
(-1.70551 0.303 0)
(-2.09387 -0.350731 0)
(-1.09137 -0.317966 0)
(-1.64295 0.325161 0)
(-1.8139 0.381011 0)
(-0.988178 -0.0988924 0)
(-1.36014 0.406384 0)
(-1.85792 -0.0915352 0)
(-2.13987 -0.183498 0)
(-1.31666 0.171514 0)
(-1.72045 -0.411541 0)
(-1.80025 0.539979 0)
(-1.49945 -0.172621 0)
(-1.63325 0.384253 0)
(-1.72076 0.136002 0)
(-0.92277 0.0947758 0)
(-1.92446 0.146678 0)
(-0.969314 -0.125866 0)
(-1.4062 -0.130756 0)
(-1.59263 -0.395766 0)
(-1.7494 0.365493 0)
(-1.94676 0.491498 0)
(-2.5453 0.247838 0)
(-1.81481 0.201496 0)
(-2.15942 0.15137 0)
(-1.94382 -0.218886 0)
(-2.2264 0.094778 0)
(-1.2543 0.202909 0)
(-1.94743 0.095762 0)
(-1.2916 -0.0759288 0)
(-1.57973 0.422247 0)
(-1.97768 -0.0462865 0)
(-2.31698 -0.143165 0)
(-1.52625 0.129679 0)
(-2.54089 0.229021 0)
(-2.15708 0.146216 0)
(-1.7909 0.220232 0)
(-1.90553 -0.192135 0)
(-2.06777 0.397007 0)
(-1.2897 -0.0506006 0)
(-1.42717 -0.327015 0)
(-1.84302 0.310676 0)
(-1.51671 -0.0463479 0)
(-1.4953 0.277135 0)
(-2.04856 0.0675071 0)
(-2.38233 0.0529389 0)
(-1.14549 0.363674 0)
(-1.44277 -0.236427 0)
(-1.22215 0.494885 0)
(-1.63106 -0.36311 0)
(-2.22794 0.4196 0)
(-2.28137 -0.0455168 0)
(-2.57738 -0.102559 0)
(-2.74603 0.278413 0)
(-1.70353 -0.388125 0)
(-1.49553 -0.23172 0)
(-1.38385 0.524312 0)
(-1.28512 0.376134 0)
(-1.65053 0.534946 0)
(-1.50713 0.397108 0)
(-1.61767 -0.430834 0)
(-1.4174 -0.214868 0)
(-1.76379 -0.116648 0)
(-1.19937 0.214948 0)
(-2.01339 -0.203976 0)
(-1.23631 0.414334 0)
(-0.956588 0.0548956 0)
(-1.69731 -0.000553898 0)
(-1.90567 -0.0252104 0)
(-0.94327 0.245679 0)
(-1.23218 -0.408382 0)
(-1.09194 -0.196255 0)
(-1.6564 0.468502 0)
(-1.51661 0.391135 0)
(-1.09217 -0.308246 0)
(-1.66227 0.308826 0)
(-1.8403 0.362489 0)
(-0.993956 -0.0867421 0)
(-2.34277 -0.824195 0)
(-2.87984 1.42375 0)
(-3.40685 0.62463 0)
(-3.07869 -0.300673 0)
(-1.72942 0.153944 0)
(-0.940215 0.0891869 0)
(-1.93379 0.169538 0)
(-0.989321 -0.137701 0)
(-1.54197 -0.432292 0)
(-1.35322 -0.226818 0)
(-1.44623 0.408028 0)
(-1.57825 0.535764 0)
(-1.15846 0.39938 0)
(-1.71725 -0.127832 0)
(-1.94861 -0.209119 0)
(-1.12665 0.218668 0)
(-1.26527 0.212607 0)
(-1.8002 -0.114678 0)
(-1.311 0.42714 0)
(-2.06586 -0.210152 0)
(-1.60754 -0.168594 0)
(-1.09754 0.439721 0)
(-1.81859 -0.256339 0)
(-1.05968 0.288333 0)
(-1.32904 -0.266544 0)
(-1.41697 0.531268 0)
(-1.50749 -0.443278 0)
(-1.30363 0.408563 0)
(-1.60607 -0.198097 0)
(-1.30251 0.491438 0)
(-1.83131 -0.326832 0)
(-1.22701 0.328075 0)
(-1.70517 0.539649 0)
(-1.47558 -0.200895 0)
(-1.55364 0.389634 0)
(-1.68986 -0.424081 0)
(-1.07556 -0.086513 0)
(-1.03065 0.150035 0)
(-2.04461 0.119293 0)
(-1.81442 0.113529 0)
(-1.57564 -0.128176 0)
(-3.86806 0.895586 0)
(-2.49235 -0.0468235 0)
(-3.98203 -0.0308769 0)
(-1.3086 0.404192 0)
(-1.36518 -0.256554 0)
(-1.54984 -0.430136 0)
(-1.41991 0.532574 0)
(-1.61347 0.438953 0)
(-1.96644 -0.0590707 0)
(-2.30889 -0.17007 0)
(-1.54747 0.147748 0)
(-1.68488 -0.179925 0)
(-1.30449 0.305257 0)
(-1.38585 0.49106 0)
(-1.93189 -0.316163 0)
(-1.80447 0.421831 0)
(-1.63391 0.356753 0)
(-1.15511 -0.371009 0)
(-1.03662 -0.144414 0)
(-1.60929 -0.175959 0)
(-1.82246 -0.272236 0)
(-1.0958 0.294463 0)
(-1.14195 0.447102 0)
(-1.75253 0.094131 0)
(-1.96763 0.0940459 0)
(-0.935033 0.157683 0)
(-0.973274 -0.0598314 0)
(-1.57327 0.360116 0)
(-1.87856 -0.394821 0)
(-1.62578 -0.178795 0)
(-1.72081 0.545999 0)
(-1.52839 0.537195 0)
(-1.41208 0.371744 0)
(-1.55856 -0.209362 0)
(-1.78731 -0.388999 0)
(-1.5673 0.351765 0)
(-1.92675 -0.379104 0)
(-1.66275 -0.170666 0)
(-1.70942 0.54773 0)
(-1.82681 0.148446 0)
(-1.05265 0.112893 0)
(-1.10834 -0.132732 0)
(-2.0577 0.164152 0)
(-1.68775 0.525753 0)
(-3.66066 -0.458326 0)
(-2.5644 0.341329 0)
(-3.82711 0.388928 0)
(-3.99848 -0.499144 0)
(-1.49551 0.348247 0)
(-2.44822 0.232891 0)
(-4.08484 0.417463 0)
(-2.21659 0.211967 0)
(-1.94707 0.178626 0)
(-1.26169 0.111271 0)
(-1.33542 -0.179379 0)
(-2.35552 0.34562 0)
(-1.7312 -0.279743 0)
(-1.5807 0.0747001 0)
(-2.04853 0.239106 0)
(-2.00399 -0.366482 0)
(-1.78009 0.537334 0)
(-1.72266 -0.147794 0)
(-1.62775 0.32501 0)
(-2.48666 -1.18761 0)
(-2.82379 1.60668 0)
(-3.47507 0.784763 0)
(-3.222 -0.557357 0)
(-1.80839 -0.263611 0)
(-2.08016 0.218571 0)
(-2.40322 0.330976 0)
(-1.65399 0.106603 0)
(-1.65701 0.181033 0)
(-1.76356 0.479819 0)
(-1.9569 -0.0713208 0)
(-2.31831 -0.228414 0)
(-1.19574 -0.221092 0)
(-1.41463 0.413958 0)
(-1.53553 0.514284 0)
(-1.35887 -0.431459 0)
(-1.87749 -0.149825 0)
(-0.998347 0.160833 0)
(-1.00656 0.328942 0)
(-1.67175 -0.0944646 0)
(-2.01208 -0.0125817 0)
(-1.55776 0.383732 0)
(-1.52672 0.0791734 0)
(-2.35382 -0.0832378 0)
(-2.00724 -0.0274099 0)
(-1.60017 0.408497 0)
(-1.55485 0.102861 0)
(-2.35572 -0.114141 0)
(-1.826 0.193887 0)
(-2.05415 0.223991 0)
(-1.08361 0.0644883 0)
(-1.15423 -0.187129 0)
(-1.95957 -0.374548 0)
(-1.77038 0.544223 0)
(-1.68803 -0.155253 0)
(-1.61828 0.340916 0)
(-1.83276 0.214913 0)
(-2.06148 0.252099 0)
(-1.18534 -0.212028 0)
(-1.10671 0.0438331 0)
(-1.98354 -0.323099 0)
(-2.02184 0.252282 0)
(-1.7461 0.0362643 0)
(-2.31549 0.435787 0)
(-1.70886 0.336253 0)
(-1.67766 -0.135285 0)
(-1.88833 0.537152 0)
(-1.94736 -0.385228 0)
(-1.92879 0.435219 0)
(-1.21627 -0.114157 0)
(-1.35851 -0.366817 0)
(-1.73475 0.348844 0)
(-1.39736 -0.433979 0)
(-1.47499 0.406516 0)
(-1.60974 0.509155 0)
(-1.22529 -0.218048 0)
(-1.71751 -0.0775647 0)
(-1.04595 0.332265 0)
(-1.03905 0.148022 0)
(-1.93764 -0.129939 0)
(-1.20618 -0.269857 0)
(-1.78826 0.267888 0)
(-1.10874 -0.0199589 0)
(-2.00047 0.319319 0)
(-2.29166 0.0827759 0)
(-1.99221 0.0875857 0)
(-1.34251 0.22764 0)
(-1.37602 -0.0676393 0)
(-1.91902 -0.339735 0)
(-1.99116 0.277238 0)
(-1.68942 0.0073363 0)
(-2.27207 0.451371 0)
(-1.44073 0.404325 0)
(-1.3809 -0.230246 0)
(-1.5734 -0.433757 0)
(-1.57252 0.536517 0)
(-1.18361 0.416939 0)
(-1.71473 -0.13417 0)
(-1.94917 -0.221235 0)
(-1.1468 0.235193 0)
(-1.67103 0.334935 0)
(-1.15157 -0.330321 0)
(-1.84923 0.396667 0)
(-1.0393 -0.10219 0)
(-1.72541 0.323401 0)
(-1.72039 -0.123173 0)
(-1.90511 0.538379 0)
(-2.00466 -0.372248 0)
(-1.76386 0.124377 0)
(-0.965548 0.118673 0)
(-1.97958 0.132666 0)
(-1.01224 -0.107796 0)
(-2.09517 0.498859 0)
(-1.62287 -0.0770044 0)
(-1.85928 -0.377716 0)
(-1.86478 0.324718 0)
(-1.6601 -0.0802154 0)
(-1.85518 0.322638 0)
(-1.91181 -0.376295 0)
(-2.08028 0.510201 0)
(-1.5535 -0.21333 0)
(-1.45223 0.121069 0)
(-2.03818 0.200075 0)
(-2.3426 0.261227 0)
(-1.39787 -0.436004 0)
(-1.43946 0.411595 0)
(-1.56647 0.515653 0)
(-1.22458 -0.222042 0)
(-1.8684 0.464548 0)
(-2.01605 -0.0328625 0)
(-2.41231 -0.190035 0)
(-1.75744 0.130408 0)
(-1.69635 -0.0949609 0)
(-1.03822 0.340552 0)
(-1.91053 -0.15226 0)
(-1.02706 0.165487 0)
(-2.24007 0.158848 0)
(-1.96175 0.13992 0)
(-1.3328 -0.132969 0)
(-1.27572 0.157569 0)
(-2.24569 0.19095 0)
(-1.96782 0.162608 0)
(-1.3572 -0.154977 0)
(-1.2895 0.140824 0)
(-2.02515 0.0955651 0)
(-2.03752 0.0496775 0)
(-2.21883 0.479502 0)
(-2.48766 -0.190059 0)
(-2.28758 0.0484734 0)
(-1.98708 0.0648125 0)
(-1.34463 0.249855 0)
(-1.36701 -0.0417484 0)
(-1.42462 0.136869 0)
(-2.03138 0.179798 0)
(-2.33589 0.228303 0)
(-1.51173 -0.191113 0)
(-2.13677 0.0580864 0)
(-2.52055 -0.16782 0)
(-2.04951 0.127684 0)
(-2.38779 0.465369 0)
(-1.5449 0.176726 0)
(-2.42139 0.221282 0)
(-2.08538 0.166796 0)
(-1.63564 -0.181101 0)
(-1.52184 -0.16732 0)
(-2.36434 0.198368 0)
(-2.04785 0.1592 0)
(-1.44553 0.165917 0)
(-1.90242 0.22452 0)
(-2.15122 0.273515 0)
(-1.32416 -0.231089 0)
(-1.23216 0.0489585 0)
(-2.12918 0.130818 0)
(-2.27985 -0.0665757 0)
(-2.44467 0.42714 0)
(-2.67211 -0.0526886 0)
(-1.96336 -0.000823562 0)
(-0.979052 0.235895 0)
(-0.998095 0.0312984 0)
(-1.74435 0.0198279 0)
(-1.57456 0.38362 0)
(-1.25795 -0.404338 0)
(-1.72929 0.463775 0)
(-1.11701 -0.18253 0)
(-1.14604 -0.13817 0)
(-1.68293 0.355306 0)
(-1.86456 0.433628 0)
(-1.2801 -0.378357 0)
(-1.07313 -0.033393 0)
(-1.04074 0.196723 0)
(-2.04741 0.0665212 0)
(-1.81364 0.0732537 0)
(-2.29974 0.377471 0)
(-2.01058 0.262133 0)
(-1.71655 -0.302613 0)
(-1.55425 0.0386867 0)
(-1.66415 0.378903 0)
(-1.84049 0.48226 0)
(-1.43375 -0.404652 0)
(-1.26901 -0.161106 0)
(-2.0035 0.268502 0)
(-2.29335 0.396252 0)
(-1.76192 -0.322676 0)
(-1.58495 0.0237178 0)
(-1.84165 0.0028129 0)
(-2.0926 -0.030453 0)
(-1.13857 0.278449 0)
(-1.14797 0.0477196 0)
(-1.16564 -0.0234295 0)
(-2.04716 0.334898 0)
(-1.82491 0.275369 0)
(-1.27118 -0.286196 0)
(-1.53495 0.0851064 0)
(-1.66634 -0.261107 0)
(-2.34776 0.315873 0)
(-2.04311 0.226961 0)
(-3.83227 0.432759 0)
(-1.88215 -0.787074 0)
(-2.72565 -0.435486 0)
(-3.44564 1.33215 0)
(-1.46831 -0.432199 0)
(-1.46891 0.409929 0)
(-1.60296 0.525467 0)
(-1.28734 -0.218794 0)
(-1.07747 0.323426 0)
(-1.72297 -0.30153 0)
(-1.12816 0.455172 0)
(-1.52326 -0.198982 0)
(-1.19757 -0.222136 0)
(-1.3758 0.415065 0)
(-1.48735 0.514866 0)
(-1.37796 -0.435376 0)
(-1.72557 -0.10278 0)
(-1.10157 0.360364 0)
(-1.08396 0.176932 0)
(-1.95201 -0.168615 0)
(-1.85213 -0.178724 0)
(-0.992018 0.181996 0)
(-1.65307 -0.117752 0)
(-1.007 0.341248 0)
(-1.36039 -0.256672 0)
(-1.31262 0.511302 0)
(-1.21787 0.388502 0)
(-1.53779 -0.408124 0)
(-1.15152 -0.0403158 0)
(-1.8607 0.0703482 0)
(-1.12122 0.203996 0)
(-2.10963 0.0605982 0)
(-2.3204 0.00972027 0)
(-2.00406 0.0383495 0)
(-1.41637 0.00523189 0)
(-1.40684 0.302718 0)
(-1.82396 -0.249311 0)
(-1.61656 -0.167064 0)
(-1.02879 0.26755 0)
(-1.06144 0.415433 0)
(-1.50217 0.390367 0)
(-1.51597 -0.207193 0)
(-1.74157 -0.415019 0)
(-1.64091 0.551627 0)
(-1.46766 -0.442275 0)
(-1.30879 0.420868 0)
(-1.29114 -0.263199 0)
(-1.42296 0.541917 0)
(-1.91675 0.505493 0)
(-1.94426 -0.0570574 0)
(-2.31774 -0.25856 0)
(-1.77022 0.200918 0)
(-1.34738 0.458112 0)
(-2.02592 -0.262065 0)
(-1.28363 0.252452 0)
(-1.76357 -0.146685 0)
(-2.40064 -0.232403 0)
(-2.07199 0.13669 0)
(-2.33813 0.47697 0)
(-1.9956 0.0918499 0)
(-2.20905 -0.255894 0)
(-1.94114 0.168232 0)
(-2.14418 0.158084 0)
(-2.50424 0.380693 0)
(-1.79949 -0.100429 0)
(-1.92468 0.536898 0)
(-1.74782 0.294182 0)
(-2.11258 -0.343106 0)
(-1.28754 0.0127163 0)
(-2.16133 0.3292 0)
(-1.40218 -0.278218 0)
(-1.91039 0.2606 0)
(-2.34216 0.111824 0)
(-1.44656 -0.105853 0)
(-1.40373 0.211127 0)
(-2.02765 0.105986 0)
(-1.20692 -0.167052 0)
(-2.11473 0.204292 0)
(-1.87173 0.177301 0)
(-1.1391 0.0952604 0)
(-2.19659 0.0954951 0)
(-2.2001 -0.138323 0)
(-2.14407 0.359069 0)
(-2.68392 0.125092 0)
(-1.92091 0.52678 0)
(-1.86752 -0.0814859 0)
(-2.20628 -0.307732 0)
(-1.7572 0.257861 0)
(-2.36604 0.132919 0)
(-1.44069 0.206779 0)
(-1.49219 -0.119326 0)
(-2.04521 0.117284 0)
(-2.21143 0.0880694 0)
(-2.26458 -0.130506 0)
(-2.16148 0.370465 0)
(-2.69145 0.164195 0)
(-3.56034 -0.966089 0)
(-1.74022 0.978441 0)
(-2.67505 0.598227 0)
(-3.91872 -0.113462 0)
(-1.37481 0.0137318 0)
(-2.2071 0.348628 0)
(-1.50406 -0.293346 0)
(-1.94399 0.266672 0)
(-1.34234 0.142251 0)
(-1.99225 0.162584 0)
(-2.28163 0.194898 0)
(-1.41331 -0.164128 0)
(-1.7143 0.0426912 0)
(-0.953104 0.011342 0)
(-1.92347 0.0298315 0)
(-0.92851 0.210426 0)
(-1.6582 0.47819 0)
(-1.14185 -0.205985 0)
(-1.29213 -0.421569 0)
(-1.5155 0.393097 0)
(-1.7166 -0.0201231 0)
(-0.981925 0.277294 0)
(-1.93193 -0.0513341 0)
(-0.991953 0.084485 0)
(-1.06008 -0.181295 0)
(-1.71063 0.445646 0)
(-1.55868 0.374905 0)
(-1.18885 -0.39725 0)
(-1.10163 0.33236 0)
(-1.70972 -0.319263 0)
(-1.51257 -0.209102 0)
(-1.16025 0.467668 0)
(-2.1611 0.0809321 0)
(-2.24094 0.429458 0)
(-2.67129 -0.000826152 0)
(-2.17655 -0.0529928 0)
(-1.13995 0.35526 0)
(-1.6676 -0.353089 0)
(-1.21372 0.489811 0)
(-1.47352 -0.229817 0)
(-1.17357 0.374815 0)
(-1.43524 -0.240912 0)
(-1.25602 0.507726 0)
(-1.62466 -0.375541 0)
(-1.19483 0.252452 0)
(-1.24444 0.437257 0)
(-1.95553 -0.248167 0)
(-1.71509 -0.148031 0)
(-1.3896 -0.252521 0)
(-1.29955 0.512332 0)
(-1.57194 -0.398862 0)
(-1.20771 0.385315 0)
(-1.80104 0.539725 0)
(-1.75813 -0.411673 0)
(-1.53047 -0.172466 0)
(-1.63338 0.377901 0)
(-1.39364 0.423449 0)
(-1.85836 -0.0962265 0)
(-2.14595 -0.194818 0)
(-1.34428 0.185985 0)
(-1.43548 -0.223658 0)
(-1.57142 0.541327 0)
(-1.63884 -0.422516 0)
(-1.44193 0.399143 0)
(-2.0153 0.0210694 0)
(-1.46795 0.327457 0)
(-1.46444 0.0262098 0)
(-2.34045 -0.0210182 0)
(-2.15928 0.480035 0)
(-1.63104 -0.0466255 0)
(-1.85994 -0.362099 0)
(-1.9124 0.310709 0)
(-2.20692 0.473604 0)
(-1.68094 -0.0222228 0)
(-1.92067 -0.351112 0)
(-1.94665 0.293057 0)
(-1.26816 -0.148832 0)
(-1.20413 0.12621 0)
(-1.91606 0.159679 0)
(-2.17535 0.182476 0)
(-0.969618 0.0775803 0)
(-1.70264 -0.016342 0)
(-1.91352 -0.0454607 0)
(-0.958179 0.267457 0)
(-1.11681 -0.2065 0)
(-1.64467 0.477198 0)
(-1.26392 -0.418733 0)
(-1.50418 0.3957 0)
(-1.83153 -0.394816 0)
(-1.62471 0.543192 0)
(-1.49328 0.367749 0)
(-1.59049 -0.197214 0)
(-1.54332 -0.0667109 0)
(-2.11883 0.472826 0)
(-1.8819 0.3266 0)
(-1.74772 -0.370486 0)
(-1.35476 0.280901 0)
(-1.43541 0.48589 0)
(-2.01244 -0.292858 0)
(-1.74684 -0.157327 0)
(-1.87389 0.360796 0)
(-1.87858 -0.046996 0)
(-2.56745 0.0415157 0)
(-2.14399 0.0652135 0)
(-1.91551 -0.0240138 0)
(-1.9346 0.393391 0)
(-2.58494 0.0134509 0)
(-2.14556 0.0597344 0)
(-2.03988 0.0101454 0)
(-1.58093 0.363982 0)
(-1.56089 0.0465331 0)
(-2.38889 -0.0472873 0)
(-1.62738 0.0380478 0)
(-1.65194 0.371842 0)
(-2.4273 -0.0442968 0)
(-2.06163 0.0156003 0)
(-2.25725 -0.777612 0)
(-3.51997 0.477873 0)
(-2.98464 -0.337773 0)
(-3.06694 1.26689 0)
(-2.40389 -0.142714 0)
(-2.11523 0.297564 0)
(-2.69458 -0.0177018 0)
(-2.6986 0.385204 0)
(-1.4171 0.344885 0)
(-1.5266 0.52974 0)
(-1.89589 -0.36175 0)
(-1.64675 -0.191159 0)
(-1.62498 -0.0216429 0)
(-2.44344 0.0230912 0)
(-1.61946 0.322318 0)
(-2.08111 0.051598 0)
(-1.6555 0.37703 0)
(-1.82973 0.473908 0)
(-1.39333 -0.402051 0)
(-1.23541 -0.161516 0)
(-2.47755 -0.183219 0)
(-1.89682 0.101758 0)
(-2.0398 0.470405 0)
(-2.04635 0.00523346 0)
(-2.25861 -0.288914 0)
(-1.94604 0.2228 0)
(-1.89702 0.00216199 0)
(-2.17236 0.514082 0)
(-2.11078 0.459878 0)
(-1.4903 -0.0725382 0)
(-1.67932 -0.375507 0)
(-1.8734 0.327899 0)
(-2.07174 -0.0154573 0)
(-1.12 0.0361957 0)
(-1.82708 0.0127431 0)
(-1.10608 0.263259 0)
(-1.54239 0.52467 0)
(-1.43366 0.332194 0)
(-1.67673 -0.180938 0)
(-1.93384 -0.350777 0)
(-2.34977 -0.242305 0)
(-2.05708 0.159881 0)
(-2.32365 0.477102 0)
(-1.96711 0.0859957 0)
(-1.18849 0.47661 0)
(-1.53013 -0.209023 0)
(-1.12546 0.335754 0)
(-1.73421 -0.322585 0)
(-1.36126 0.14411 0)
(-1.39933 0.398303 0)
(-1.90611 -0.0667183 0)
(-2.20391 -0.150294 0)
(-1.52158 -0.154939 0)
(-1.88472 0.531028 0)
(-1.70058 0.372591 0)
(-1.74468 -0.410878 0)
(-1.26532 0.400869 0)
(-1.32715 -0.266001 0)
(-1.37215 0.522982 0)
(-1.50274 -0.432726 0)
(-1.41249 -0.250948 0)
(-1.32309 0.516794 0)
(-1.60028 -0.401462 0)
(-1.2282 0.385115 0)
(-1.09181 0.441448 0)
(-1.77308 -0.268087 0)
(-1.5711 -0.178228 0)
(-1.0529 0.301 0)
(-2.27683 -0.00870003 0)
(-1.97439 0.0256831 0)
(-1.36295 0.299251 0)
(-1.3689 0.0179239 0)
(-2.47411 0.52628 0)
(-2.18362 -0.0259049 0)
(-2.75979 0.125365 0)
(-2.64633 -0.0826947 0)
(-1.36787 0.165244 0)
(-2.01004 0.146831 0)
(-2.30819 0.17417 0)
(-1.43232 -0.146543 0)
(-1.65841 -0.0532791 0)
(-2.46926 0.0538815 0)
(-1.64066 0.304447 0)
(-2.09909 0.069036 0)
(-2.02051 0.142836 0)
(-2.40493 -0.232419 0)
(-1.98922 0.0532375 0)
(-2.24998 0.490814 0)
(-1.94536 0.0708732 0)
(-0.921119 0.174455 0)
(-1.7365 0.0750569 0)
(-0.953342 -0.0379808 0)
(-1.76498 0.435055 0)
(-1.60213 0.366971 0)
(-1.03398 -0.159653 0)
(-1.15507 -0.380658 0)
(-1.64582 0.214796 0)
(-2.25928 -0.26008 0)
(-1.91384 -0.089031 0)
(-1.76204 0.494469 0)
(-2.1493 0.126317 0)
(-2.4343 0.43466 0)
(-2.69925 -0.0130447 0)
(-2.31036 -0.0776791 0)
(-2.55025 1.04117 0)
(-3.12069 0.0438643 0)
(-2.47956 -0.50919 0)
(-3.06933 0.363067 0)
(-2.01121 0.219076 0)
(-1.42525 0.0855099 0)
(-1.5359 -0.23994 0)
(-2.30286 0.288636 0)
(-2.25965 -0.274236 0)
(-1.70202 0.228035 0)
(-1.83577 0.510432 0)
(-1.9088 -0.0829684 0)
(-1.46217 -0.0488135 0)
(-2.03401 0.0703718 0)
(-2.3578 0.0580549 0)
(-1.43771 0.265329 0)
(-2.4685 0.438806 0)
(-2.37403 -0.220022 0)
(-1.99792 0.170251 0)
(-2.14155 0.120405 0)
(-2.36598 -0.253043 0)
(-1.89526 0.180609 0)
(-1.9689 -0.0134793 0)
(-2.07895 0.508369 0)
(-1.38844 -0.236193 0)
(-1.52542 0.536803 0)
(-1.58074 -0.429323 0)
(-1.401 0.403406 0)
(-1.11417 -0.211195 0)
(-1.03884 0.030016 0)
(-1.78047 0.219835 0)
(-1.99478 0.254901 0)
(-1.41988 -0.231226 0)
(-1.52553 0.542179 0)
(-1.61932 -0.421664 0)
(-1.40248 0.402639 0)
(-2.39552 0.19347 0)
(-1.57318 -0.161597 0)
(-1.49567 0.181487 0)
(-2.06813 0.152777 0)
(-1.68315 -0.149815 0)
(-1.91186 -0.242936 0)
(-1.14168 0.257122 0)
(-1.18421 0.4297 0)
(-1.16919 0.265149 0)
(-1.6844 -0.159172 0)
(-1.21989 0.440016 0)
(-1.91674 -0.260342 0)
(-1.63214 0.521588 0)
(-1.78862 -0.142489 0)
(-2.08412 -0.314279 0)
(-1.51962 0.291563 0)
(-1.68473 0.521747 0)
(-1.79416 -0.14064 0)
(-2.09497 -0.324311 0)
(-1.56131 0.288534 0)
(-1.66198 -0.167787 0)
(-1.22818 0.456756 0)
(-1.89223 -0.273448 0)
(-1.17336 0.286011 0)
(-1.8028 0.600398 0)
(-3.58169 -0.616488 0)
(-3.80749 0.201851 0)
(-2.66319 0.368909 0)
(-1.72692 -0.373688 0)
(-1.51661 -0.22615 0)
(-1.34972 0.516418 0)
(-1.25753 0.366436 0)
(-1.40464 0.277787 0)
(-2.32941 0.0275954 0)
(-2.01245 0.0509899 0)
(-1.41864 -0.0257125 0)
(-1.8707 0.29586 0)
(-1.68118 0.255079 0)
(-1.03253 -0.24325 0)
(-0.953862 -0.0252902 0)
(-2.64869 0.0582907 0)
(-2.09426 -0.0821226 0)
(-2.17244 0.0800826 0)
(-2.09397 0.385079 0)
(-0.968049 0.0337111 0)
(-1.71699 0.0185807 0)
(-1.92863 -0.0011862 0)
(-0.949674 0.231068 0)
(-1.6954 0.459861 0)
(-1.08987 -0.187224 0)
(-1.54728 0.382828 0)
(-1.22588 -0.402951 0)
(-1.89699 0.485098 0)
(-1.32212 -0.145223 0)
(-1.49437 -0.400214 0)
(-1.70952 0.373302 0)
(-2.14634 -0.0306865 0)
(-1.88137 0.0053171 0)
(-1.20113 0.285881 0)
(-1.20778 0.0416686 0)
(-2.77209 -0.532916 0)
(-2.23059 0.780176 0)
(-3.28442 0.183398 0)
(-2.91823 0.300007 0)
(-1.79506 0.291699 0)
(-1.99326 0.530771 0)
(-1.78964 -0.0921495 0)
(-2.09924 -0.358924 0)
(-2.15661 -0.337468 0)
(-1.83222 -0.0664823 0)
(-2.04331 0.522067 0)
(-1.83835 0.267804 0)
(-2.32261 0.473715 0)
(-1.90928 0.0658344 0)
(-2.03534 0.193236 0)
(-2.25369 -0.290854 0)
(-1.76577 -0.222448 0)
(-2.10456 0.185581 0)
(-1.64636 0.151957 0)
(-2.44473 0.268591 0)
(-2.66289 -0.52122 0)
(-2.31169 0.84125 0)
(-3.22053 0.131208 0)
(-2.93991 0.285859 0)
(-2.11043 0.197176 0)
(-1.81995 -0.241609 0)
(-2.45181 0.29895 0)
(-1.67986 0.14058 0)
(-2.08098 0.0116859 0)
(-1.74335 0.044378 0)
(-2.4763 -0.0733925 0)
(-1.79483 0.399299 0)
(-2.09113 0.0160846 0)
(-1.97889 0.434107 0)
(-1.88224 0.0528023 0)
(-2.5256 -0.117314 0)
(-1.26668 0.478771 0)
(-1.61942 -0.191081 0)
(-1.84486 -0.311464 0)
(-1.19882 0.31505 0)
(-2.10174 0.0340766 0)
(-2.06166 0.436034 0)
(-1.95381 0.0357605 0)
(-2.55402 -0.10723 0)
(-1.47739 -0.0171885 0)
(-1.6429 -0.336873 0)
(-2.20873 0.409371 0)
(-1.94496 0.29529 0)
(-1.05154 -0.00955624 0)
(-1.76509 0.249858 0)
(-1.97383 0.292993 0)
(-1.13725 -0.250414 0)
(-1.23495 0.222729 0)
(-1.77234 -0.121984 0)
(-2.02766 -0.216551 0)
(-1.27902 0.426491 0)
(-1.45355 -0.209224 0)
(-1.66158 0.53729 0)
(-1.66163 -0.424851 0)
(-1.5176 0.392398 0)
(-2.0672 0.23431 0)
(-1.9428 -0.295689 0)
(-1.73611 0.0818825 0)
(-2.38489 0.393063 0)
(-1.48622 0.485566 0)
(-2.09251 -0.268533 0)
(-1.40675 0.258892 0)
(-1.80594 -0.134958 0)
(-1.53024 0.494717 0)
(-2.0807 -0.291816 0)
(-1.43865 0.270507 0)
(-1.79432 -0.144418 0)
(-1.59933 0.273746 0)
(-2.14978 -0.306479 0)
(-1.83218 -0.123497 0)
(-1.72325 0.522788 0)
(-1.89148 0.274227 0)
(-1.69777 0.236777 0)
(-1.0359 -0.228419 0)
(-0.962231 -0.00784993 0)
(-1.36711 0.262182 0)
(-1.78531 -0.140576 0)
(-2.06163 -0.269374 0)
(-1.44226 0.479637 0)
(-2.08161 0.221858 0)
(-1.86653 -0.28001 0)
(-1.69459 0.0973741 0)
(-2.40757 0.350255 0)
(-1.54029 0.368898 0)
(-1.59155 -0.190136 0)
(-1.83475 -0.400498 0)
(-1.68198 0.545869 0)
(-2.33377 -0.249379 0)
(-2.08983 0.155295 0)
(-2.38505 0.46407 0)
(-1.96235 0.110298 0)
(-1.84318 -0.394505 0)
(-1.96419 0.518187 0)
(-1.76526 0.343837 0)
(-1.60388 -0.124085 0)
(-2.14307 -0.0504913 0)
(-1.21485 0.0653189 0)
(-1.21372 0.306758 0)
(-1.87643 -0.00894611 0)
(-1.52005 -0.408588 0)
(-1.34185 -0.155375 0)
(-1.87754 0.491706 0)
(-1.69357 0.375873 0)
(-1.66108 -0.184718 0)
(-1.34087 0.485183 0)
(-1.89941 -0.31473 0)
(-1.26482 0.307935 0)
(-1.5259 -0.219051 0)
(-1.49416 0.535072 0)
(-1.74549 -0.395025 0)
(-1.38092 0.37751 0)
(-2.03227 -0.0984136 0)
(-3.13448 0.679005 0)
(-2.74628 0.0103174 0)
(-3.26377 -0.0532884 0)
(-2.13489 0.453899 0)
(-1.47769 -0.0543096 0)
(-1.66251 -0.359831 0)
(-1.89187 0.324711 0)
(-1.78041 0.066425 0)
(-2.07748 0.00624461 0)
(-2.48259 -0.0963448 0)
(-1.84671 0.426833 0)
(-1.50899 0.412053 0)
(-2.2698 -0.142617 0)
(-1.46352 0.136518 0)
(-1.94884 -0.0525603 0)
(-1.48027 0.232532 0)
(-2.17102 -0.252053 0)
(-1.86276 -0.114072 0)
(-1.56537 0.48102 0)
(-1.1015 0.31099 0)
(-1.78766 -0.290014 0)
(-1.57807 -0.188323 0)
(-1.15272 0.457403 0)
(-1.56416 -0.420465 0)
(-1.37928 -0.255692 0)
(-1.38088 0.526155 0)
(-1.27585 0.397127 0)
(-1.89722 0.300069 0)
(-1.98003 -0.361411 0)
(-1.71343 -0.0523924 0)
(-2.13531 0.502569 0)
(-1.9846 -0.349233 0)
(-1.94295 0.288523 0)
(-2.19875 0.488313 0)
(-1.72344 -0.0232004 0)
(-2.05091 0.470566 0)
(-1.83014 0.341887 0)
(-1.45569 -0.0933783 0)
(-1.64259 -0.380112 0)
(-2.49909 -0.00352361 0)
(-1.76219 0.365614 0)
(-2.10567 0.0418439 0)
(-1.74804 -0.00244307 0)
(-2.12712 -0.281571 0)
(-2.09826 0.200639 0)
(-1.86206 0.113454 0)
(-2.42841 0.414374 0)
(-2.10044 0.0434821 0)
(-2.55968 -0.141948 0)
(-2.28795 0.469043 0)
(-2.07147 0.0829145 0)
(-1.65119 -0.126522 0)
(-1.92133 0.539288 0)
(-1.91359 -0.384538 0)
(-1.73451 0.344792 0)
(-2.4543 0.428459 0)
(-2.12099 0.157697 0)
(-1.94923 0.141125 0)
(-2.27385 -0.258156 0)
(-1.49717 0.168498 0)
(-2.25218 -0.197125 0)
(-1.92665 -0.0797871 0)
(-1.56627 0.440025 0)
(-2.12581 -0.297166 0)
(-1.8489 0.0817533 0)
(-2.06717 0.214841 0)
(-2.37842 0.437233 0)
(-2.06055 -0.000206118 0)
(-1.66762 0.064761 0)
(-2.43853 -0.0813746 0)
(-1.71174 0.402929 0)
(-3.25332 -0.223373 0)
(-1.92939 0.287221 0)
(-3.34215 0.526403 0)
(-2.69242 0.180691 0)
(-2.6778 -0.613443 0)
(-2.40637 1.02797 0)
(-3.31118 0.0811233 0)
(-3.03127 0.398883 0)
(-2.10386 0.372266 0)
(-1.28477 -0.0261571 0)
(-1.41305 -0.308156 0)
(-1.86937 0.292636 0)
(-2.00131 0.336679 0)
(-1.23797 -0.284071 0)
(-1.79011 0.27974 0)
(-1.13426 -0.0318855 0)
(-2.05342 -0.330649 0)
(-2.25533 0.472752 0)
(-1.98359 0.259309 0)
(-1.77998 0.011317 0)
(-2.25299 0.480616 0)
(-2.11862 -0.322902 0)
(-1.98454 0.246092 0)
(-1.82148 0.0158303 0)
(-1.49195 0.228571 0)
(-2.39638 0.121864 0)
(-2.06322 0.109144 0)
(-1.53982 -0.107959 0)
(-1.5227 0.260772 0)
(-2.41488 0.0885225 0)
(-1.55752 -0.0785975 0)
(-2.07144 0.0888375 0)
(-2.45296 0.0869926 0)
(-1.59093 0.276646 0)
(-1.62478 -0.0773347 0)
(-2.09363 0.0869678 0)
(-2.13765 0.181136 0)
(-1.89545 -0.233673 0)
(-2.49917 0.291059 0)
(-1.74949 0.168145 0)
(-2.48605 0.123444 0)
(-1.62062 0.268408 0)
(-1.66973 -0.104114 0)
(-2.11456 0.106918 0)
(-1.10617 0.343047 0)
(-1.67463 -0.335575 0)
(-1.17185 0.474742 0)
(-1.48221 -0.22137 0)
(-1.40153 -0.248069 0)
(-1.26115 0.509592 0)
(-1.17584 0.381223 0)
(-1.58414 -0.385485 0)
(-2.51201 -0.0322867 0)
(-1.81446 0.390497 0)
(-1.78167 0.0171896 0)
(-2.10642 0.0318474 0)
(-3.22135 -0.114383 0)
(-2.00606 0.0170251 0)
(-2.72657 0.049072 0)
(-3.17119 0.610776 0)
(-1.10198 0.0904864 0)
(-1.84677 0.174173 0)
(-2.0822 0.199038 0)
(-1.16675 -0.163975 0)
(-1.26876 -0.419742 0)
(-1.1194 -0.212885 0)
(-1.60039 0.48417 0)
(-1.46761 0.399903 0)
(-1.88791 -0.0723428 0)
(-0.953023 0.28044 0)
(-0.958318 0.0957792 0)
(-1.68106 -0.0375767 0)
(-1.27343 -0.187279 0)
(-1.44579 -0.421376 0)
(-1.76321 0.501947 0)
(-1.60139 0.393678 0)
(-1.12199 0.31065 0)
(-1.80729 -0.034078 0)
(-1.12132 0.094456 0)
(-2.05191 -0.0789295 0)
(-1.29088 -0.174944 0)
(-1.46331 -0.415145 0)
(-1.63632 0.385779 0)
(-1.80625 0.494854 0)
(-1.83076 -0.0203802 0)
(-1.14895 0.30423 0)
(-2.08186 -0.0624081 0)
(-1.15092 0.079487 0)
(-1.75591 -0.283806 0)
(-1.07593 0.311407 0)
(-1.55317 -0.187732 0)
(-1.12334 0.450566 0)
(-1.35075 0.517728 0)
(-1.35472 -0.258617 0)
(-1.53268 -0.418291 0)
(-1.2502 0.393802 0)
(-1.63042 -0.410106 0)
(-1.3151 0.390823 0)
(-1.43381 -0.241358 0)
(-1.42298 0.52929 0)
(-2.05868 0.236131 0)
(-1.99094 -0.305495 0)
(-2.37023 0.414837 0)
(-1.7613 0.069165 0)
(-2.39947 -0.11579 0)
(-1.68046 0.418162 0)
(-1.62558 0.0953087 0)
(-2.03165 -0.0209828 0)
(-2.88524 0.645608 0)
(-2.77315 0.0211645 0)
(-2.10765 -0.124307 0)
(-3.04916 -0.045491 0)
(-1.79841 -0.192946 0)
(-2.12819 0.160484 0)
(-2.48613 0.232499 0)
(-1.6932 0.193128 0)
(-1.28699 -0.147364 0)
(-1.45136 -0.396711 0)
(-1.6944 0.371689 0)
(-1.87772 0.476215 0)
(-1.16599 0.271547 0)
(-1.86226 0.0134434 0)
(-2.11844 -0.0180745 0)
(-1.17717 0.0331732 0)
(-1.38738 0.324217 0)
(-1.37841 0.0489204 0)
(-1.96479 -0.00189029 0)
(-2.26712 -0.0521685 0)
(-1.76938 0.188609 0)
(-1.00546 0.0562318 0)
(-1.98162 0.214367 0)
(-1.0698 -0.180694 0)
(-1.78648 0.155308 0)
(-2.00557 0.172378 0)
(-1.06231 -0.138773 0)
(-1.00548 0.0983711 0)
(-2.20566 0.154253 0)
(-1.93698 0.138197 0)
(-1.28904 -0.127161 0)
(-1.23299 0.152481 0)
(-1.85354 -0.337492 0)
(-1.6439 0.00774438 0)
(-2.27177 0.439133 0)
(-1.99021 0.282315 0)
(-1.73506 -0.128927 0)
(-1.1813 0.231888 0)
(-1.22069 0.421359 0)
(-1.97679 -0.218653 0)
(-1.59193 -0.207202 0)
(-1.46847 0.52826 0)
(-1.36403 0.357977 0)
(-1.82515 -0.371793 0)
(-1.60778 -0.430339 0)
(-1.40998 -0.22277 0)
(-1.60461 0.534747 0)
(-1.46902 0.398422 0)
(-1.51477 0.530153 0)
(-1.58782 -0.207204 0)
(-1.40204 0.359805 0)
(-1.82173 -0.382139 0)
(-1.32597 0.146397 0)
(-1.3585 0.392529 0)
(-1.88847 -0.0658616 0)
(-2.17682 -0.144278 0)
(-2.56606 0.289884 0)
(-1.90715 0.217707 0)
(-2.17964 0.146315 0)
(-2.08419 -0.214255 0)
(-2.59112 0.238025 0)
(-1.92247 0.243688 0)
(-2.05799 -0.200628 0)
(-2.18536 0.132906 0)
(-1.67806 0.375763 0)
(-1.49084 -0.164717 0)
(-1.85738 0.525976 0)
(-1.70529 -0.416319 0)
(-1.80655 0.352416 0)
(-2.01716 0.491828 0)
(-1.68121 -0.383255 0)
(-1.48149 -0.104544 0)
(-2.74861 0.0764897 0)
(-2.68494 0.509383 0)
(-2.81307 -0.132574 0)
(-2.12853 -0.0331563 0)
(-2.01186 -0.00190054 0)
(-2.60367 -0.0741548 0)
(-2.10814 0.427901 0)
(-2.12782 0.0494383 0)
(-1.98491 -0.00422153 0)
(-2.60064 -0.0448172 0)
(-2.05637 0.424127 0)
(-2.13431 0.0517927 0)
(-1.03499 -0.0424122 0)
(-1.72699 0.280252 0)
(-1.12859 -0.275353 0)
(-1.92344 0.329804 0)
(-1.85233 -0.0648142 0)
(-2.12123 -0.132718 0)
(-1.2608 0.363984 0)
(-1.23902 0.133596 0)
(-1.37927 0.0400638 0)
(-1.50197 -0.270844 0)
(-2.23395 0.331439 0)
(-1.96358 0.254208 0)
(-2.07837 0.125026 0)
(-1.58497 -0.136125 0)
(-2.41718 0.149509 0)
(-1.5253 0.211648 0)
(-1.94386 0.278644 0)
(-1.41448 0.000281675 0)
(-1.55656 -0.309616 0)
(-2.20558 0.371852 0)
(-2.10448 0.119986 0)
(-1.64699 -0.131482 0)
(-2.46046 0.144245 0)
(-1.58899 0.232635 0)
(-1.45555 -0.2549 0)
(-2.22617 0.309032 0)
(-1.34389 0.0501459 0)
(-1.95727 0.241557 0)
(-2.25924 0.27983 0)
(-1.47038 -0.237087 0)
(-1.36774 0.0740323 0)
(-1.98021 0.218771 0)
(-2.70315 0.0784127 0)
(-3.38242 -0.137235 0)
(-1.93697 0.0893744 0)
(-3.37539 0.624642 0)
(-1.87655 0.262466 0)
(-1.35396 -0.277783 0)
(-2.11555 0.326115 0)
(-1.24426 0.000458698 0)
(-1.12329 -0.315707 0)
(-1.86398 0.366534 0)
(-1.68151 0.311649 0)
(-1.02099 -0.0879243 0)
(-1.75438 0.150813 0)
(-1.96578 0.166248 0)
(-0.961198 0.0976403 0)
(-1.01411 -0.132106 0)
(-1.98163 0.521006 0)
(-1.90515 -0.058508 0)
(-1.8076 0.231872 0)
(-2.2651 -0.293297 0)
(-1.74348 -0.129772 0)
(-1.69031 0.316604 0)
(-1.8585 0.539203 0)
(-2.03588 -0.365656 0)
(-1.80444 0.525499 0)
(-1.40768 -0.177615 0)
(-1.63508 0.391145 0)
(-1.6057 -0.419662 0)
(-1.26361 0.378993 0)
(-1.6611 -0.392496 0)
(-1.46176 -0.238117 0)
(-1.3611 0.520128 0)
(-2.45718 -0.0103727 0)
(-1.66343 0.00610108 0)
(-1.67533 0.35338 0)
(-2.08449 0.0351487 0)
(-2.01322 0.14584 0)
(-1.00772 0.116926 0)
(-1.79156 0.134763 0)
(-1.05862 -0.118401 0)
(-1.33993 0.394548 0)
(-1.60797 -0.41999 0)
(-1.45377 0.530205 0)
(-1.41442 -0.243074 0)
(-2.4505 1.35998 0)
(-2.72582 -0.944699 0)
(-3.49739 -0.0810818 0)
(-3.16245 0.633542 0)
(-1.49709 0.537324 0)
(-1.43296 -0.237868 0)
(-1.63299 -0.422865 0)
(-1.3775 0.396695 0)
(-1.89595 -0.0818239 0)
(-1.37935 0.16986 0)
(-1.4272 0.423247 0)
(-2.19755 -0.176756 0)
(-1.68191 0.371255 0)
(-1.78453 -0.415022 0)
(-1.55181 -0.162108 0)
(-1.86244 0.538104 0)
(-1.82184 -0.132074 0)
(-1.62257 0.510847 0)
(-2.12563 -0.294118 0)
(-1.51756 0.271143 0)
(-2.25612 0.495584 0)
(-1.88567 0.0309167 0)
(-1.99376 0.221238 0)
(-2.22597 -0.300341 0)
(-2.25037 -0.30517 0)
(-1.84838 0.235558 0)
(-1.89428 -0.0481842 0)
(-2.04212 0.520346 0)
(-2.31394 -0.272248 0)
(-1.82273 0.207438 0)
(-1.99114 0.512391 0)
(-1.93912 -0.0457493 0)
(-1.87174 -0.382203 0)
(-1.47653 0.358711 0)
(-1.60134 0.541408 0)
(-1.62348 -0.193066 0)
(-1.3821 0.296559 0)
(-1.47062 0.499856 0)
(-1.9981 -0.307168 0)
(-1.73272 -0.162421 0)
(-1.0765 0.341268 0)
(-1.73236 -0.0802721 0)
(-1.06728 0.153436 0)
(-1.95795 -0.136303 0)
(-1.4308 -0.432936 0)
(-1.6276 0.512461 0)
(-1.48975 0.404846 0)
(-1.25547 -0.215408 0)
(-1.44382 0.534476 0)
(-1.46833 -0.235711 0)
(-1.33429 0.388767 0)
(-1.67375 -0.406782 0)
(-1.74042 -0.0548631 0)
(-2.11934 0.0731529 0)
(-1.7203 0.320919 0)
(-2.50651 0.0628171 0)
(-1.81857 0.129417 0)
(-1.03556 0.12888 0)
(-1.08485 -0.112378 0)
(-2.04849 0.139477 0)
(-1.66645 -0.416422 0)
(-1.67902 0.379556 0)
(-1.4592 -0.164307 0)
(-1.85868 0.522714 0)
(-1.64518 -0.410905 0)
(-1.44351 -0.15427 0)
(-1.70335 0.377371 0)
(-1.88914 0.515645 0)
(-1.29954 0.131265 0)
(-2.17004 -0.128666 0)
(-1.32538 0.375937 0)
(-1.88631 -0.0575267 0)
(-2.18457 -0.104953 0)
(-1.29752 0.107027 0)
(-1.31646 0.356288 0)
(-1.9002 -0.041952 0)
(-1.69334 0.0694859 0)
(-3.75118 -0.197392 0)
(-2.56422 0.0655796 0)
(-3.72757 0.665118 0)
(-1.49 0.392602 0)
(-1.69251 -0.420154 0)
(-1.62764 0.544044 0)
(-1.47795 -0.212409 0)
(-2.52256 0.0298379 0)
(-1.77888 0.346032 0)
(-2.1241 0.0589842 0)
(-1.78018 -0.0346708 0)
(-2.00744 -0.245435 0)
(-1.75332 -0.140042 0)
(-1.24679 0.245048 0)
(-1.3013 0.444905 0)
(-1.86532 -0.378974 0)
(-1.4354 0.355165 0)
(-1.5524 0.535122 0)
(-1.62066 -0.199351 0)
(-1.43445 -0.0764504 0)
(-2.33802 0.0932815 0)
(-1.3971 0.234974 0)
(-2.02315 0.0929652 0)
(-2.13298 -0.100468 0)
(-1.23086 0.111892 0)
(-1.8638 -0.0430263 0)
(-1.24349 0.347146 0)
(-2.46029 -0.171997 0)
(-1.83298 0.107465 0)
(-1.95407 0.462604 0)
(-2.04345 -0.0103323 0)
(-1.83375 0.511926 0)
(-1.65828 0.384773 0)
(-1.57624 -0.420546 0)
(-1.38509 -0.173015 0)
(-2.06434 -0.293066 0)
(-2.08864 0.214941 0)
(-1.81824 0.09921 0)
(-2.41844 0.410881 0)
(-1.85169 -0.277259 0)
(-1.14933 0.295751 0)
(-1.63002 -0.173023 0)
(-1.20274 0.456801 0)
(-2.1249 -0.285803 0)
(-1.48229 0.259086 0)
(-1.82496 -0.133779 0)
(-1.57868 0.496538 0)
(-1.48158 -0.145973 0)
(-2.03586 0.14473 0)
(-2.34823 0.173697 0)
(-1.4157 0.1783 0)
(-2.06471 -4.09171e-05 0)
(-2.48579 -0.143445 0)
(-1.93844 0.441764 0)
(-1.83312 0.0788848 0)
(-1.95507 -0.329312 0)
(-1.3785 0.310676 0)
(-1.47306 0.504445 0)
(-1.69898 -0.176802 0)
(-1.90704 0.0227895 0)
(-2.17934 -0.00822772 0)
(-1.23749 0.0215446 0)
(-1.22678 0.276472 0)
(-1.94615 0.475152 0)
(-1.74811 0.363553 0)
(-1.50755 -0.393727 0)
(-1.33713 -0.130132 0)
(-1.42014 0.316588 0)
(-1.96087 -0.340491 0)
(-1.70011 -0.176894 0)
(-1.52393 0.513675 0)
(-2.05572 -0.317974 0)
(-2.31446 0.454168 0)
(-2.0243 0.246091 0)
(-1.79087 0.040101 0)
(-1.85932 -0.067107 0)
(-1.2685 0.144253 0)
(-1.29432 0.37755 0)
(-2.13308 -0.13949 0)
(-1.81331 0.523599 0)
(-1.64256 0.384443 0)
(-1.43894 -0.175828 0)
(-1.64192 -0.419194 0)
(-2.15676 0.121447 0)
(-1.99143 0.18885 0)
(-2.35364 -0.217113 0)
(-2.498 0.427713 0)
(-1.28604 -0.173906 0)
(-1.21639 0.105098 0)
(-2.17679 0.204225 0)
(-1.91774 0.17508 0)
(-1.86865 -0.000134825 0)
(-2.55572 -0.024894 0)
(-1.90798 0.399449 0)
(-2.12512 0.0432317 0)
(-1.80598 0.167252 0)
(-1.03183 0.0908131 0)
(-2.03013 0.188396 0)
(-1.09227 -0.152439 0)
(-1.62864 -0.195909 0)
(-1.47195 0.524711 0)
(-1.87034 -0.356746 0)
(-1.37059 0.346057 0)
(-1.19855 0.0819817 0)
(-1.2758 -0.192497 0)
(-1.89878 0.196522 0)
(-2.14902 0.232639 0)
(-1.22594 0.0717309 0)
(-1.30998 -0.20738 0)
(-1.90681 0.208182 0)
(-2.15885 0.250047 0)
(-2.20267 0.0697187 0)
(-2.06028 0.247023 0)
(-2.58025 0.387256 0)
(-2.42513 -0.192216 0)
(-2.6047 -0.110275 0)
(-2.21558 -0.00743747 0)
(-2.43175 0.439387 0)
(-2.09927 0.138119 0)
(-1.25775 0.318918 0)
(-2.16875 -0.0633744 0)
(-1.25295 0.0719641 0)
(-1.89406 -0.0159554 0)
(-2.56966 -0.120216 0)
(-2.20787 0.0174951 0)
(-2.46208 0.452603 0)
(-2.07434 0.1714 0)
(-2.50224 0.119271 0)
(-2.12516 0.101988 0)
(-1.73743 -0.100965 0)
(-1.68887 0.277502 0)
(-1.73602 0.298688 0)
(-2.52612 0.0835571 0)
(-2.13162 0.0845617 0)
(-1.7655 -0.0896681 0)
(-2.09752 -0.0184191 0)
(-2.63113 -0.0639601 0)
(-2.20304 0.433329 0)
(-2.13441 0.0661802 0)
(-1.89746 0.014565 0)
(-2.12121 0.0380036 0)
(-1.95837 0.418755 0)
(-2.56305 -0.0525833 0)
(-1.65925 0.345207 0)
(-1.66408 -0.152955 0)
(-1.82562 0.54219 0)
(-1.92917 -0.389026 0)
(-1.56761 -0.405749 0)
(-1.38156 -0.149232 0)
(-1.71014 0.375002 0)
(-1.8977 0.498509 0)
(-2.19827 -0.324876 0)
(-1.81953 0.257958 0)
(-1.85827 -0.0658492 0)
(-2.01379 0.526275 0)
(-1.59582 -0.412887 0)
(-1.40278 -0.158288 0)
(-1.87675 0.507162 0)
(-1.69268 0.378248 0)
(-2.16397 -0.086829 0)
(-1.26101 0.0958644 0)
(-1.27253 0.34042 0)
(-1.88725 -0.0318712 0)
(-1.17957 0.00632924 0)
(-1.15984 0.249105 0)
(-1.86962 0.0384218 0)
(-2.12534 0.0165904 0)
(-1.27042 -0.1336 0)
(-1.42606 -0.386945 0)
(-1.71962 0.35901 0)
(-1.9094 0.456617 0)
(-2.1002 0.0227502 0)
(-1.85433 0.0417838 0)
(-2.53158 -0.0839173 0)
(-1.92834 0.428261 0)
(-2.08278 -0.143713 0)
(-1.21233 0.147381 0)
(-1.82352 -0.0743593 0)
(-1.2347 0.366385 0)
(-2.07079 -0.167219 0)
(-1.21935 0.172449 0)
(-1.24834 0.387852 0)
(-1.81136 -0.0898975 0)
(-1.5852 -0.42048 0)
(-1.39019 -0.186805 0)
(-1.7585 0.524303 0)
(-1.59822 0.39362 0)
(-1.61161 -0.425619 0)
(-1.41121 -0.195733 0)
(-1.73138 0.53067 0)
(-1.57503 0.394757 0)
(-2.16401 -0.324657 0)
(-1.76684 0.276086 0)
(-1.94347 0.533791 0)
(-1.83615 -0.0836544 0)
(-2.25222 0.504304 0)
(-1.91864 0.0436156 0)
(-2.28105 -0.267691 0)
(-2.00573 0.208692 0)
(-2.14164 0.0885747 0)
(-2.66407 -0.0246299 0)
(-2.28959 0.450702 0)
(-2.19451 -0.0360677 0)
(-1.40675 -0.121518 0)
(-1.35527 0.186474 0)
(-2.00585 0.125513 0)
(-2.30564 0.139874 0)
)
;

boundaryField
{
    insideCircle
    {
        type            myHeatFlux;
        alpha           uniform 1;
        Theta_wall      uniform 4;
        value           nonuniform List<vector> 
24
(
(-2.30639 1.74972 0)
(-4.33161 0.146555 0)
(-3.1607 -1.34943 0)
(-3.22035 1.00574 -0)
(-1.50941 -0.188213 0)
(-4.22992 0.933373 0)
(-2.45876 -0.105095 0)
(-4.35076 -0.0229596 -0)
(-4.29608 -0.511713 0)
(-1.43178 0.396132 0)
(-2.41012 0.27631 -0)
(-4.37969 0.420046 0)
(-2.57855 -1.3522 0)
(-2.96542 1.82076 0)
(-3.63372 0.976905 -0)
(-3.27882 -0.771149 0)
(-4.12559 0.575232 -0)
(-1.87275 -0.938438 0)
(-2.73036 -0.590678 0)
(-3.72706 1.50379 0)
(-3.84941 -1.12804 0)
(-1.7272 1.12893 0)
(-2.69028 0.738282 -0)
(-4.1829 -0.304148 0)
)
;
    }
    outsideCircle
    {
        type            myHeatFlux;
        alpha           uniform 1;
        Theta_wall      uniform 1;
        value           nonuniform List<vector> 
124
(
(-1.41494 -0.43603 0)
(-1.24193 -0.24897 -0)
(-1.44564 0.540819 0)
(-1.33258 0.427575 0)
(-1.63225 -0.153064 -0)
(-0.999836 0.228248 0)
(-1.02613 0.381536 0)
(-1.83686 -0.226731 0)
(-1.11594 -0.355557 0)
(-1.62273 0.354332 0)
(-1.00261 -0.134213 -0)
(-1.79109 0.419013 0)
(-1.73028 0.100868 0)
(-1.93788 0.103646 0)
(-0.911184 0.134818 0)
(-0.948189 -0.0818469 0)
(-1.88 0.250213 0)
(-0.934064 0.00674913 -0)
(-1.00112 -0.209912 0)
(-1.68778 0.218596 0)
(-1.65204 0.29117 0)
(-0.961037 -0.070053 -0)
(-1.82923 0.338908 0)
(-1.05072 -0.285004 0)
(-0.974878 -0.162344 8.87498e-19)
(-0.917927 0.060644 -2.73505e-19)
(-1.8976 0.19537 5.08849e-18)
(-1.70247 0.175251 -4.56522e-18)
(-1.41152 0.407812 0)
(-1.14378 -0.217859 -0)
(-1.53112 0.496632 0)
(-1.30628 -0.424625 0)
(-1.85435 -0.123345 -4.94062e-18)
(-0.961789 0.137337 8.15478e-19)
(-1.65495 -0.0776396 4.39403e-18)
(-0.965797 0.305463 -1.26004e-18)
(-1.07879 -0.315092 0)
(-1.63551 0.326145 0)
(-1.80547 0.381786 0)
(-0.976768 -0.0984247 -0)
(-1.71366 0.136143 -4.59317e-18)
(-0.911645 0.0934791 -6.00409e-20)
(-1.91547 0.146776 5.13225e-18)
(-0.957958 -0.127267 6.61437e-19)
(-1.13085 0.363793 0)
(-1.43079 -0.239031 -0)
(-1.20622 0.492804 0)
(-1.61579 -0.363508 0)
(-0.942173 0.0554521 0)
(-1.68673 -0.00166571 -0)
(-1.89202 -0.0259486 0)
(-0.92924 0.244564 0)
(-1.2173 -0.40794 0)
(-1.07951 -0.199479 -0)
(-1.641 0.467855 0)
(-1.50227 0.39096 0)
(-1.06608 0.32361 0)
(-1.70655 -0.300008 0)
(-1.1165 0.454478 0)
(-1.51217 -0.200063 -0)
(-1.19196 -0.230008 -0)
(-1.36938 0.419897 0)
(-1.48331 0.521866 0)
(-1.36 -0.429407 0)
(-1.84238 -0.179627 0)
(-0.980307 0.183955 0)
(-1.64435 -0.1191 -0)
(-0.994348 0.337824 0)
(-1.35157 -0.259305 -0)
(-1.29962 0.50933 0)
(-1.20595 0.387913 0)
(-1.52624 -0.408457 0)
(-1.82111 -0.252221 0)
(-1.61425 -0.170299 -0)
(-1.02035 0.271551 0)
(-1.05292 0.418594 0)
(-1.46224 -0.446556 0)
(-1.30222 0.424377 0)
(-1.28631 -0.268251 -0)
(-1.41599 0.545051 0)
(-1.70577 0.0418182 -0)
(-0.940785 0.0123824 0)
(-1.91265 0.0291266 0)
(-0.916573 0.20924 0)
(-1.04967 -0.184491 -0)
(-1.69921 0.446243 0)
(-1.54941 0.376521 0)
(-1.17712 -0.398298 0)
(-1.25529 0.402334 0)
(-1.3185 -0.26866 -0)
(-1.36009 0.522087 0)
(-1.4922 -0.433535 0)
(-1.08086 0.441406 0)
(-1.76366 -0.269555 0)
(-1.56261 -0.180201 -0)
(-1.04243 0.302678 0)
(-1.94453 0.0706653 0)
(-0.911613 0.173524 0)
(-1.73431 0.0747053 -0)
(-0.943504 -0.037407 0)
(-1.76095 0.438034 0)
(-1.59883 0.370134 0)
(-1.02616 -0.163362 -0)
(-1.147 -0.384044 0)
(-1.86333 0.296776 0)
(-1.67537 0.256253 0)
(-1.02079 -0.244137 0)
(-0.94282 -0.0277745 -0)
(-1.09761 0.344401 0)
(-1.6656 -0.336209 0)
(-1.16218 0.473871 0)
(-1.47462 -0.222907 -0)
(-1.39404 -0.249823 -0)
(-1.25177 0.509314 0)
(-1.16752 0.382536 0)
(-1.57527 -0.386136 0)
(-1.26025 -0.421367 0)
(-1.11093 -0.214574 -0)
(-1.59219 0.485203 0)
(-1.46141 0.402259 0)
(-1.87969 -0.0729571 -5.01235e-18)
(-0.943527 0.278403 -1.05759e-18)
(-0.948964 0.0976141 5.79713e-19)
(-1.67519 -0.0385829 4.45812e-18)
)
;
    }
    topAndBottom
    {
        type            empty;
    }
}


// ************************************************************************* //
