/*--------------------------------*- C++ -*----------------------------------*\
| =========                 |                                                 |
| \\      /  F ield         | OpenFOAM: The Open Source CFD Toolbox           |
|  \\    /   O peration     | Version:  2.2.0                                 |
|   \\  /    A nd           | Web:      www.OpenFOAM.org                      |
|    \\/     M anipulation  |                                                 |
\*---------------------------------------------------------------------------*/
FoamFile
{
    version     2.0;
    format      ascii;
    class       volScalarField;
    location    "2";
    object      Theta;
}
// * * * * * * * * * * * * * * * * * * * * * * * * * * * * * * * * * * * * * //

dimensions      [0 2 -2 0 0 0 0];

internalField   nonuniform List<scalar> 
1600
(
2.12393
1.94694
1.87888
1.82127
1.77211
1.72969
1.69199
1.65798
1.62696
1.5984
1.57193
1.54726
1.52416
1.50245
1.48197
1.46259
1.4442
1.42703
1.40687
1.40997
2.12398
1.94694
1.87888
1.82128
1.77211
1.72969
1.69199
1.65798
1.62696
1.5984
1.57193
1.54726
1.52416
1.50245
1.48197
1.46259
1.4442
1.42703
1.40687
1.40997
2.12397
1.94694
1.87888
1.82128
1.77211
1.72969
1.69199
1.65798
1.62696
1.5984
1.57193
1.54726
1.52416
1.50245
1.48197
1.46259
1.4442
1.42703
1.40687
1.40997
2.12397
1.94695
1.87888
1.82128
1.77211
1.72969
1.69199
1.65798
1.62696
1.5984
1.57193
1.54726
1.52416
1.50245
1.48197
1.46259
1.4442
1.42703
1.40687
1.40997
2.12397
1.94695
1.87889
1.82128
1.77211
1.72969
1.69199
1.65798
1.62696
1.5984
1.57193
1.54726
1.52416
1.50245
1.48197
1.46259
1.4442
1.42703
1.40687
1.40997
2.12397
1.94695
1.87889
1.82128
1.77212
1.72969
1.69199
1.65799
1.62696
1.5984
1.57193
1.54726
1.52416
1.50245
1.48197
1.46259
1.4442
1.42703
1.40687
1.40997
2.12397
1.94695
1.87889
1.82128
1.77212
1.72969
1.69199
1.65799
1.62696
1.5984
1.57193
1.54726
1.52416
1.50245
1.48197
1.46259
1.4442
1.42703
1.40687
1.40997
2.12397
1.94695
1.87889
1.82128
1.77212
1.72969
1.69199
1.65799
1.62696
1.5984
1.57193
1.54726
1.52416
1.50245
1.48197
1.46259
1.4442
1.42703
1.40687
1.40997
2.12397
1.94695
1.87889
1.82128
1.77212
1.72969
1.69199
1.65799
1.62696
1.5984
1.57193
1.54726
1.52416
1.50245
1.48197
1.46259
1.4442
1.42703
1.40687
1.40997
2.12397
1.94695
1.87889
1.82128
1.77212
1.72969
1.69199
1.65799
1.62696
1.5984
1.57193
1.54726
1.52416
1.50245
1.48197
1.46259
1.4442
1.42703
1.40687
1.40997
2.12397
1.94695
1.87889
1.82128
1.77212
1.72969
1.69199
1.65799
1.62696
1.5984
1.57193
1.54726
1.52416
1.50245
1.48197
1.46259
1.4442
1.42703
1.40687
1.40997
2.12397
1.94695
1.87889
1.82128
1.77212
1.72969
1.69199
1.65799
1.62696
1.5984
1.57193
1.54726
1.52416
1.50245
1.48197
1.46259
1.4442
1.42703
1.40687
1.40997
2.12397
1.94695
1.87889
1.82128
1.77212
1.72969
1.69199
1.65799
1.62696
1.5984
1.57193
1.54726
1.52416
1.50245
1.48197
1.46259
1.4442
1.42703
1.40687
1.40997
2.12397
1.94695
1.87889
1.82128
1.77212
1.72969
1.69199
1.65799
1.62696
1.5984
1.57193
1.54726
1.52416
1.50245
1.48197
1.46259
1.4442
1.42703
1.40687
1.40997
2.12397
1.94695
1.87889
1.82128
1.77212
1.72969
1.69199
1.65799
1.62696
1.5984
1.57193
1.54726
1.52416
1.50245
1.48197
1.46259
1.4442
1.42703
1.40687
1.40997
2.12397
1.94695
1.87889
1.82128
1.77211
1.72969
1.69199
1.65798
1.62696
1.5984
1.57193
1.54726
1.52416
1.50245
1.48197
1.46259
1.4442
1.42703
1.40687
1.40997
2.12397
1.94695
1.87889
1.82128
1.77211
1.72969
1.69199
1.65798
1.62696
1.5984
1.57193
1.54726
1.52416
1.50245
1.48197
1.46259
1.4442
1.42703
1.40687
1.40997
2.12397
1.94694
1.87888
1.82128
1.77211
1.72969
1.69199
1.65798
1.62696
1.5984
1.57193
1.54726
1.52416
1.50245
1.48197
1.46259
1.4442
1.42703
1.40687
1.40997
2.12398
1.94694
1.87888
1.82128
1.77211
1.72969
1.69199
1.65798
1.62696
1.5984
1.57193
1.54726
1.52416
1.50245
1.48197
1.46259
1.4442
1.42703
1.40687
1.40997
2.12393
1.94694
1.87888
1.82128
1.77211
1.72969
1.69199
1.65798
1.62696
1.5984
1.57193
1.54726
1.52416
1.50245
1.48197
1.46259
1.4442
1.42703
1.40687
1.40997
2.12393
1.94694
1.87888
1.82128
1.77211
1.72969
1.69199
1.65798
1.62696
1.5984
1.57193
1.54726
1.52416
1.50245
1.48197
1.46259
1.4442
1.42703
1.40687
1.40997
2.12398
1.94694
1.87888
1.82128
1.77211
1.72969
1.69199
1.65798
1.62696
1.5984
1.57193
1.54726
1.52416
1.50245
1.48197
1.46259
1.4442
1.42703
1.40687
1.40997
2.12397
1.94694
1.87888
1.82128
1.77211
1.72969
1.69199
1.65798
1.62696
1.5984
1.57193
1.54726
1.52416
1.50245
1.48197
1.46259
1.4442
1.42703
1.40687
1.40997
2.12397
1.94695
1.87888
1.82128
1.77211
1.72969
1.69199
1.65798
1.62696
1.5984
1.57193
1.54726
1.52416
1.50245
1.48197
1.46259
1.4442
1.42703
1.40687
1.40997
2.12397
1.94695
1.87889
1.82128
1.77211
1.72969
1.69199
1.65798
1.62696
1.5984
1.57193
1.54726
1.52416
1.50245
1.48197
1.46259
1.4442
1.42703
1.40687
1.40997
2.12397
1.94695
1.87889
1.82128
1.77212
1.72969
1.69199
1.65799
1.62696
1.5984
1.57193
1.54726
1.52417
1.50245
1.48197
1.46259
1.4442
1.42703
1.40687
1.40997
2.12397
1.94695
1.87889
1.82128
1.77212
1.72969
1.69199
1.65799
1.62696
1.5984
1.57193
1.54726
1.52417
1.50245
1.48197
1.46259
1.4442
1.42703
1.40687
1.40997
2.12397
1.94695
1.87889
1.82128
1.77212
1.72969
1.69199
1.65799
1.62696
1.5984
1.57193
1.54726
1.52417
1.50245
1.48197
1.46259
1.4442
1.42703
1.40687
1.40997
2.12397
1.94695
1.87889
1.82128
1.77212
1.72969
1.69199
1.65799
1.62696
1.5984
1.57193
1.54726
1.52417
1.50245
1.48197
1.46259
1.4442
1.42703
1.40687
1.40997
2.12397
1.94695
1.87889
1.82128
1.77212
1.72969
1.69199
1.65799
1.62696
1.5984
1.57193
1.54726
1.52417
1.50245
1.48197
1.46259
1.4442
1.42703
1.40687
1.40997
2.12397
1.94695
1.87889
1.82128
1.77212
1.72969
1.69199
1.65799
1.62696
1.5984
1.57193
1.54726
1.52417
1.50245
1.48197
1.46259
1.4442
1.42703
1.40687
1.40997
2.12397
1.94695
1.87889
1.82128
1.77212
1.72969
1.69199
1.65799
1.62696
1.5984
1.57193
1.54726
1.52417
1.50245
1.48197
1.46259
1.4442
1.42703
1.40687
1.40997
2.12397
1.94695
1.87889
1.82128
1.77212
1.72969
1.69199
1.65799
1.62696
1.5984
1.57193
1.54726
1.52417
1.50245
1.48197
1.46259
1.4442
1.42703
1.40687
1.40997
2.12397
1.94695
1.87889
1.82128
1.77212
1.72969
1.69199
1.65799
1.62696
1.5984
1.57193
1.54726
1.52417
1.50245
1.48197
1.46259
1.4442
1.42703
1.40687
1.40997
2.12397
1.94695
1.87889
1.82128
1.77211
1.72969
1.69199
1.65798
1.62696
1.5984
1.57193
1.54726
1.52417
1.50245
1.48197
1.46259
1.4442
1.42703
1.40687
1.40997
2.12397
1.94695
1.87888
1.82128
1.77211
1.72969
1.69199
1.65798
1.62696
1.5984
1.57193
1.54726
1.52417
1.50245
1.48197
1.46259
1.4442
1.42703
1.40687
1.40997
2.12397
1.94694
1.87888
1.82128
1.77211
1.72969
1.69199
1.65798
1.62696
1.5984
1.57193
1.54726
1.52417
1.50245
1.48197
1.46259
1.4442
1.42703
1.40687
1.40997
2.12397
1.94694
1.87888
1.82128
1.77211
1.72969
1.69199
1.65798
1.62696
1.5984
1.57193
1.54726
1.52417
1.50245
1.48197
1.46259
1.4442
1.42703
1.40687
1.40997
2.12398
1.94694
1.87888
1.82127
1.77211
1.72969
1.69199
1.65798
1.62696
1.5984
1.57193
1.54726
1.52417
1.50245
1.48197
1.46259
1.4442
1.42703
1.40687
1.40997
2.12392
1.94694
1.87888
1.82127
1.77211
1.72969
1.69199
1.65798
1.62696
1.5984
1.57193
1.54726
1.52417
1.50245
1.48197
1.46259
1.4442
1.42703
1.40687
1.40997
2.12392
1.94694
1.87888
1.82127
1.77211
1.72969
1.69199
1.65798
1.62696
1.5984
1.57193
1.54726
1.52417
1.50245
1.48197
1.46259
1.4442
1.42703
1.40687
1.40997
2.12398
1.94694
1.87888
1.82127
1.77211
1.72969
1.69199
1.65798
1.62696
1.5984
1.57193
1.54726
1.52417
1.50245
1.48197
1.46259
1.4442
1.42703
1.40687
1.40997
2.12397
1.94694
1.87888
1.82128
1.77211
1.72969
1.69199
1.65798
1.62696
1.5984
1.57193
1.54726
1.52417
1.50245
1.48197
1.46259
1.4442
1.42703
1.40687
1.40997
2.12397
1.94694
1.87888
1.82128
1.77211
1.72969
1.69199
1.65798
1.62696
1.5984
1.57193
1.54726
1.52417
1.50245
1.48197
1.46259
1.4442
1.42703
1.40687
1.40997
2.12397
1.94695
1.87888
1.82128
1.77211
1.72969
1.69199
1.65798
1.62696
1.5984
1.57193
1.54726
1.52417
1.50245
1.48197
1.46259
1.4442
1.42703
1.40687
1.40997
2.12397
1.94695
1.87889
1.82128
1.77211
1.72969
1.69199
1.65798
1.62696
1.5984
1.57193
1.54726
1.52417
1.50245
1.48197
1.46259
1.4442
1.42703
1.40687
1.40997
2.12397
1.94695
1.87889
1.82128
1.77211
1.72969
1.69199
1.65798
1.62696
1.5984
1.57193
1.54726
1.52417
1.50245
1.48197
1.46259
1.4442
1.42703
1.40687
1.40997
2.12397
1.94695
1.87889
1.82128
1.77211
1.72969
1.69199
1.65798
1.62696
1.5984
1.57193
1.54726
1.52417
1.50245
1.48197
1.46259
1.4442
1.42703
1.40687
1.40997
2.12397
1.94695
1.87889
1.82128
1.77211
1.72969
1.69199
1.65799
1.62696
1.5984
1.57193
1.54726
1.52417
1.50245
1.48197
1.46259
1.4442
1.42703
1.40687
1.40997
2.12397
1.94695
1.87889
1.82128
1.77212
1.72969
1.69199
1.65799
1.62696
1.5984
1.57193
1.54726
1.52417
1.50245
1.48197
1.46259
1.4442
1.42703
1.40687
1.40997
2.12397
1.94695
1.87889
1.82128
1.77212
1.72969
1.69199
1.65799
1.62696
1.5984
1.57193
1.54726
1.52417
1.50245
1.48197
1.46259
1.4442
1.42703
1.40687
1.40997
2.12397
1.94695
1.87889
1.82128
1.77212
1.72969
1.69199
1.65799
1.62696
1.5984
1.57193
1.54726
1.52417
1.50245
1.48197
1.46259
1.4442
1.42703
1.40687
1.40997
2.12397
1.94695
1.87889
1.82128
1.77212
1.72969
1.69199
1.65799
1.62696
1.5984
1.57193
1.54726
1.52417
1.50245
1.48197
1.46259
1.4442
1.42703
1.40687
1.40997
2.12397
1.94695
1.87889
1.82128
1.77212
1.72969
1.69199
1.65799
1.62696
1.5984
1.57193
1.54726
1.52417
1.50245
1.48197
1.46259
1.4442
1.42703
1.40687
1.40997
2.12397
1.94695
1.87889
1.82128
1.77211
1.72969
1.69199
1.65799
1.62696
1.5984
1.57193
1.54726
1.52417
1.50245
1.48197
1.46259
1.4442
1.42703
1.40687
1.40997
2.12397
1.94695
1.87889
1.82128
1.77211
1.72969
1.69199
1.65799
1.62696
1.5984
1.57193
1.54726
1.52417
1.50245
1.48197
1.46259
1.4442
1.42703
1.40687
1.40997
2.12397
1.94694
1.87888
1.82128
1.77211
1.72969
1.69199
1.65798
1.62696
1.5984
1.57193
1.54726
1.52417
1.50245
1.48197
1.46259
1.4442
1.42703
1.40687
1.40997
2.12397
1.94694
1.87888
1.82128
1.77211
1.72969
1.69199
1.65798
1.62696
1.5984
1.57193
1.54726
1.52417
1.50245
1.48197
1.46259
1.4442
1.42703
1.40687
1.40997
2.12398
1.94694
1.87888
1.82128
1.77211
1.72969
1.69199
1.65798
1.62696
1.5984
1.57193
1.54726
1.52417
1.50245
1.48197
1.46259
1.4442
1.42703
1.40687
1.40997
2.12393
1.94694
1.87888
1.82127
1.77211
1.72969
1.69199
1.65798
1.62696
1.5984
1.57193
1.54726
1.52417
1.50245
1.48197
1.46259
1.4442
1.42703
1.40687
1.40997
2.12392
2.12398
2.12398
2.12397
2.12397
2.12397
2.12397
2.12397
2.12397
2.12397
2.12397
2.12397
2.12397
2.12397
2.12397
2.12397
2.12397
2.12398
2.12398
2.12392
1.94694
1.94694
1.94694
1.94695
1.94695
1.94695
1.94695
1.94695
1.94695
1.94695
1.94695
1.94695
1.94695
1.94695
1.94695
1.94695
1.94694
1.94694
1.94694
1.94694
1.87888
1.87888
1.87888
1.87888
1.87889
1.87889
1.87889
1.87889
1.87889
1.87889
1.87889
1.87889
1.87889
1.87889
1.87889
1.87889
1.87888
1.87888
1.87888
1.87888
1.82127
1.82128
1.82128
1.82128
1.82128
1.82128
1.82128
1.82128
1.82128
1.82128
1.82128
1.82128
1.82128
1.82128
1.82128
1.82128
1.82128
1.82128
1.82128
1.82127
1.77211
1.77211
1.77211
1.77211
1.77211
1.77211
1.77212
1.77212
1.77212
1.77212
1.77212
1.77212
1.77212
1.77212
1.77212
1.77211
1.77211
1.77211
1.77211
1.77211
1.72969
1.72969
1.72969
1.72969
1.72969
1.72969
1.72969
1.72969
1.72969
1.72969
1.72969
1.72969
1.72969
1.72969
1.72969
1.72969
1.72969
1.72969
1.72969
1.72969
1.69199
1.69199
1.69199
1.69199
1.69199
1.69199
1.69199
1.69199
1.69199
1.69199
1.69199
1.69199
1.69199
1.69199
1.69199
1.69199
1.69199
1.69199
1.69199
1.69199
1.65798
1.65798
1.65798
1.65798
1.65798
1.65798
1.65799
1.65799
1.65799
1.65799
1.65799
1.65799
1.65799
1.65799
1.65799
1.65799
1.65798
1.65798
1.65798
1.65798
1.62696
1.62696
1.62696
1.62696
1.62696
1.62696
1.62696
1.62696
1.62696
1.62696
1.62696
1.62696
1.62696
1.62696
1.62696
1.62696
1.62696
1.62696
1.62696
1.62696
1.5984
1.5984
1.5984
1.5984
1.5984
1.5984
1.5984
1.5984
1.5984
1.5984
1.5984
1.5984
1.5984
1.5984
1.5984
1.5984
1.5984
1.5984
1.5984
1.5984
1.57193
1.57193
1.57193
1.57193
1.57193
1.57193
1.57193
1.57193
1.57193
1.57193
1.57193
1.57193
1.57193
1.57193
1.57193
1.57193
1.57193
1.57193
1.57193
1.57193
1.54726
1.54726
1.54726
1.54726
1.54726
1.54726
1.54726
1.54726
1.54726
1.54726
1.54726
1.54726
1.54726
1.54726
1.54726
1.54726
1.54726
1.54726
1.54726
1.54726
1.52416
1.52416
1.52416
1.52416
1.52416
1.52416
1.52416
1.52416
1.52416
1.52417
1.52417
1.52417
1.52417
1.52417
1.52417
1.52417
1.52417
1.52417
1.52417
1.52417
1.50245
1.50245
1.50245
1.50245
1.50245
1.50245
1.50245
1.50245
1.50245
1.50245
1.50245
1.50245
1.50245
1.50245
1.50245
1.50245
1.50245
1.50245
1.50245
1.50245
1.48197
1.48197
1.48197
1.48197
1.48197
1.48197
1.48197
1.48197
1.48197
1.48197
1.48197
1.48197
1.48197
1.48197
1.48197
1.48197
1.48197
1.48197
1.48197
1.48197
1.46259
1.46259
1.46259
1.46259
1.46259
1.46259
1.46259
1.46259
1.46259
1.46259
1.46259
1.46259
1.46259
1.46259
1.46259
1.46259
1.46259
1.46259
1.46259
1.46259
1.4442
1.4442
1.4442
1.4442
1.4442
1.4442
1.4442
1.4442
1.4442
1.4442
1.4442
1.4442
1.4442
1.4442
1.4442
1.4442
1.4442
1.4442
1.4442
1.4442
1.42703
1.42703
1.42703
1.42703
1.42703
1.42703
1.42703
1.42703
1.42703
1.42703
1.42703
1.42703
1.42703
1.42703
1.42703
1.42703
1.42703
1.42703
1.42703
1.42703
1.40687
1.40687
1.40687
1.40687
1.40687
1.40687
1.40687
1.40687
1.40687
1.40687
1.40687
1.40687
1.40687
1.40687
1.40687
1.40687
1.40687
1.40687
1.40687
1.40687
1.40997
1.40997
1.40997
1.40997
1.40997
1.40997
1.40997
1.40997
1.40997
1.40997
1.40997
1.40997
1.40997
1.40997
1.40997
1.40997
1.40997
1.40997
1.40997
1.40997
)
;

boundaryField
{
    up
    {
        type            myTemperature;
        value           nonuniform List<scalar> 
80
(
1.38026
1.38026
1.38026
1.38026
1.38026
1.38026
1.38026
1.38026
1.38026
1.38026
1.38026
1.38026
1.38026
1.38026
1.38026
1.38026
1.38026
1.38026
1.38026
1.38026
1.38026
1.38026
1.38026
1.38026
1.38026
1.38026
1.38026
1.38026
1.38026
1.38026
1.38026
1.38026
1.38026
1.38026
1.38026
1.38026
1.38026
1.38026
1.38026
1.38026
1.38026
1.38026
1.38026
1.38026
1.38026
1.38026
1.38026
1.38026
1.38026
1.38026
1.38026
1.38026
1.38026
1.38026
1.38026
1.38026
1.38026
1.38026
1.38026
1.38026
1.38026
1.38026
1.38026
1.38026
1.38026
1.38026
1.38026
1.38026
1.38026
1.38026
1.38026
1.38026
1.38026
1.38026
1.38026
1.38026
1.38026
1.38026
1.38026
1.38026
)
;
    }
    hole
    {
        type            myTemperature;
        value           nonuniform List<scalar> 
80
(
2.00607
2.00608
2.00608
2.00608
2.00609
2.00609
2.00609
2.00609
2.00609
2.00609
2.00609
2.00609
2.00609
2.00609
2.00609
2.00609
2.00608
2.00608
2.00608
2.00607
2.00607
2.00608
2.00608
2.00608
2.00609
2.00609
2.00609
2.00609
2.00609
2.00609
2.00609
2.00609
2.00609
2.00609
2.00609
2.00608
2.00608
2.00608
2.00608
2.00607
2.00607
2.00608
2.00608
2.00608
2.00608
2.00609
2.00609
2.00609
2.00609
2.00609
2.00609
2.00609
2.00609
2.00609
2.00609
2.00608
2.00608
2.00608
2.00608
2.00607
2.00607
2.00608
2.00608
2.00608
2.00609
2.00609
2.00609
2.00609
2.00609
2.00609
2.00609
2.00609
2.00609
2.00609
2.00609
2.00609
2.00608
2.00608
2.00608
2.00607
)
;
    }
    frontAndBack
    {
        type            empty;
    }
}


// ************************************************************************* //
