/*--------------------------------*- C++ -*----------------------------------*\
| =========                 |                                                 |
| \\      /  F ield         | foam-extend: Open Source CFD                    |
|  \\    /   O peration     | Version:  3.0                                   |
|   \\  /    A nd           | Web:         http://www.extend-project.de       |
|    \\/     M anipulation  |                                                 |
\*---------------------------------------------------------------------------*/
FoamFile
{
    version     2.0;
    format      ascii;
    class       volVectorField;
    location    "22";
    object      s;
}
// * * * * * * * * * * * * * * * * * * * * * * * * * * * * * * * * * * * * * //

dimensions      [0 1 -1 0 0 0 0];

internalField   nonuniform List<vector> 
3012
(
(-2.24514 0.122206 0)
(-1.84668 -0.250042 0)
(-2.59873 0.162377 0)
(-1.74622 0.123084 0)
(-3.13167 0.352217 0)
(-2.18692 0.218685 0)
(-3.04082 -0.314196 0)
(-2.87868 0.0992278 0)
(-2.01586 0.23058 0)
(-2.22363 -0.399409 0)
(-1.90651 -0.0798422 0)
(-2.23867 0.449158 0)
(-1.28682 -0.135805 0)
(-2.01302 0.075843 0)
(-2.26438 0.0644267 0)
(-1.22724 0.112202 0)
(-3.11678 0.304983 0)
(-2.20554 0.268928 0)
(-2.96757 -0.342041 0)
(-2.88905 0.0941126 0)
(-1.274 0.420095 0)
(-1.68109 -0.223099 0)
(-1.89355 -0.353812 0)
(-1.22614 0.297951 0)
(-2.686 0.0298905 0)
(-1.98049 -0.143284 0)
(-1.94355 0.261322 0)
(-2.27563 0.0455755 0)
(-1.88235 0.329384 0)
(-2.0764 0.412891 0)
(-1.38044 -0.170019 0)
(-1.55983 -0.443191 0)
(-1.31756 -0.148683 0)
(-2.09563 0.372529 0)
(-1.89736 0.305337 0)
(-1.47656 -0.415498 0)
(-2.10242 -0.191578 0)
(-2.7358 0.0490631 0)
(-2.29475 0.0486232 0)
(-2.05418 0.245639 0)
(-1.17565 -0.119421 0)
(-2.17452 0.0596965 0)
(-1.11599 0.10663 0)
(-1.94478 0.0715251 0)
(-1.29994 -0.107967 0)
(-1.4417 -0.374957 0)
(-1.93697 0.273413 0)
(-2.14907 0.3285 0)
(-1.28244 -0.372626 0)
(-2.0255 0.326678 0)
(-1.84082 0.286266 0)
(-1.15459 -0.134597 0)
(-2.23102 0.120249 0)
(-1.77926 -0.234891 0)
(-1.68347 0.125406 0)
(-2.5726 0.152113 0)
(-2.72808 -0.327313 0)
(-2.27906 0.44361 0)
(-3.07071 0.234435 0)
(-2.90098 0.0841381 0)
(-2.71856 -0.356932 0)
(-2.25851 0.3618 0)
(-3.01809 0.258672 0)
(-2.92489 0.0441215 0)
(-1.31337 -0.0867684 0)
(-2.02941 0.0307094 0)
(-2.29248 0.0024626 0)
(-1.26961 0.159101 0)
(-2.1406 -0.150489 0)
(-1.19024 0.268985 0)
(-1.20393 0.0845838 0)
(-1.90457 -0.0857767 0)
(-1.79077 0.463923 0)
(-1.57956 -0.493248 0)
(-1.37476 -0.244584 0)
(-1.64982 0.369562 0)
(-1.70197 0.353446 0)
(-1.85299 0.424039 0)
(-1.42607 -0.473708 0)
(-1.25013 -0.232647 0)
(-1.40243 -0.0824398 0)
(-2.07788 0.0239306 0)
(-1.36358 0.181643 0)
(-2.36159 -0.00859883 0)
(-2.11949 -0.0405637 0)
(-1.0974 0.188911 0)
(-1.13636 -0.00681223 0)
(-1.89511 -0.00633371 0)
(-1.22201 -0.184574 0)
(-1.9994 0.384954 0)
(-1.82122 0.325707 0)
(-1.3753 -0.432858 0)
(-2.27642 -0.394353 0)
(-2.01926 0.219401 0)
(-1.94307 -0.0755494 0)
(-2.24161 0.453825 0)
(-2.22054 0.0130893 0)
(-2.30788 0.362047 0)
(-2.15638 -0.0339618 0)
(-2.69549 -0.194607 0)
(-2.11606 -0.166761 0)
(-1.17002 0.277918 0)
(-1.18206 0.100764 0)
(-1.88511 -0.0994122 0)
(-1.75208 0.469938 0)
(-1.36399 -0.252394 0)
(-1.57071 -0.49825 0)
(-1.61725 0.375861 0)
(-1.81222 -0.398678 0)
(-1.25179 0.322525 0)
(-1.61004 -0.250978 0)
(-1.31546 0.437571 0)
(-1.96796 0.220732 0)
(-2.19277 0.2551 0)
(-1.36277 -0.314276 0)
(-1.24909 -0.0510597 0)
(-1.5297 -0.499668 0)
(-1.34018 -0.27994 0)
(-1.51959 0.503201 0)
(-1.41203 0.400552 0)
(-1.76682 -0.181194 0)
(-1.08916 0.207879 0)
(-1.08966 0.316323 0)
(-1.96417 -0.266214 0)
(-2.49931 -0.207837 0)
(-2.33148 0.00348353 0)
(-2.80184 0.147027 0)
(-2.30839 0.316403 0)
(-3.06276 0.0438169 0)
(-2.6793 0.676611 0)
(-2.99945 0.0582454 0)
(-2.43713 -0.307178 0)
(-2.57449 -0.211273 0)
(-2.32058 0.00451039 0)
(-2.4145 0.353474 0)
(-2.84474 0.1204 0)
(-3.06868 0.0710198 0)
(-3.04989 0.0880335 0)
(-2.60641 0.687991 0)
(-2.49128 -0.362802 0)
(-2.67929 0.0677155 0)
(-1.86918 0.22786 0)
(-2.27297 0.0624844 0)
(-1.92831 -0.173634 0)
(-3.00769 0.187577 0)
(-2.42413 0.491544 0)
(-2.55108 -0.31295 0)
(-2.95392 -0.00845076 0)
(-2.94233 0.210844 0)
(-2.38029 0.48698 0)
(-2.47093 -0.230902 0)
(-2.85826 -0.0484639 0)
(-1.07282 -0.0888879 0)
(-1.83201 0.24099 0)
(-1.17463 -0.313122 0)
(-2.02452 0.267581 0)
(-1.32408 -0.389091 0)
(-2.03859 0.346767 0)
(-1.85132 0.299107 0)
(-1.18714 -0.144462 0)
(-1.75567 -0.423928 0)
(-1.55801 -0.261563 0)
(-1.36279 0.45756 0)
(-1.28793 0.344804 0)
(-2.31063 0.0499786 0)
(-2.37657 -0.194146 0)
(-2.81415 0.0280512 0)
(-2.36169 0.296658 0)
(-1.33007 -0.165952 0)
(-2.07079 0.393353 0)
(-1.87808 0.320458 0)
(-1.49793 -0.433493 0)
(-2.8796 0.295292 0)
(-2.80246 -0.0888656 0)
(-2.48498 -0.197653 0)
(-2.25129 0.348821 0)
(-2.4216 -0.0770892 0)
(-2.8474 0.275981 0)
(-2.33588 0.324035 0)
(-2.73643 -0.169587 0)
(-2.29838 0.0536621 0)
(-2.40078 -0.22762 0)
(-2.82505 0.049441 0)
(-2.36326 0.300603 0)
(-1.61837 0.45484 0)
(-1.85698 -0.200577 0)
(-1.53076 0.266807 0)
(-2.13793 -0.379948 0)
(-1.58332 0.300588 0)
(-2.06524 -0.424581 0)
(-1.69334 0.47475 0)
(-1.79443 -0.218172 0)
(-1.79419 -0.412392 0)
(-1.5912 -0.255438 0)
(-1.35283 0.454994 0)
(-1.28175 0.338615 0)
(-1.66278 -0.440415 0)
(-2.14029 0.413281 0)
(-1.93163 0.316893 0)
(-1.47312 -0.151272 0)
(-1.30303 -0.0605851 0)
(-2.01489 0.0149717 0)
(-1.26447 0.176758 0)
(-2.27444 -0.0189201 0)
(-1.31487 -0.157569 0)
(-2.27851 0.087237 0)
(-2.02463 0.0920809 0)
(-1.24848 0.0966662 0)
(-1.1081 -0.255652 0)
(-2.0154 0.206227 0)
(-1.0287 -0.0391082 0)
(-1.82056 0.189612 0)
(-1.10693 0.222368 0)
(-1.76766 -0.18002 0)
(-1.97351 -0.268533 0)
(-1.10992 0.344307 0)
(-2.35762 -0.0376213 0)
(-1.37238 0.205151 0)
(-1.4025 -0.05211 0)
(-2.07189 0.00411318 0)
(-1.56076 -0.513372 0)
(-1.41712 0.39734 0)
(-1.3688 -0.292747 0)
(-1.52481 0.501191 0)
(-1.38428 -0.180868 0)
(-1.85276 0.333809 0)
(-1.56694 -0.450328 0)
(-2.03776 0.419583 0)
(-1.15667 0.215924 0)
(-1.77333 -0.171603 0)
(-1.16899 0.344462 0)
(-1.98359 -0.266866 0)
(-1.41083 -0.274087 0)
(-1.55013 0.484139 0)
(-1.44139 0.379974 0)
(-1.60606 -0.493052 0)
(-2.10683 0.427522 0)
(-1.68681 -0.450148 0)
(-1.48832 -0.163541 0)
(-1.90624 0.325497 0)
(-1.2787 0.414468 0)
(-1.71178 -0.213357 0)
(-1.92883 -0.342282 0)
(-1.23367 0.285951 0)
(-1.25855 0.31434 0)
(-1.86343 -0.380135 0)
(-1.31796 0.436355 0)
(-1.6528 -0.237085 0)
(-1.66116 0.459528 0)
(-1.86392 -0.197682 0)
(-1.5664 0.268003 0)
(-2.14887 -0.385222 0)
(-1.59743 0.285483 0)
(-1.70592 0.469219 0)
(-2.11227 -0.413502 0)
(-1.83185 -0.209581 0)
(-2.5574 -0.293669 0)
(-2.00504 0.103988 0)
(-2.12886 -0.054668 0)
(-2.16622 0.440339 0)
(-1.15274 -0.20073 0)
(-1.75211 0.333317 0)
(-1.29893 -0.433565 0)
(-1.91068 0.385823 0)
(-1.09804 -0.103644 0)
(-2.09148 0.0575655 0)
(-1.04135 0.103678 0)
(-1.88016 0.068494 0)
(-1.75781 0.464353 0)
(-1.6431 0.268752 0)
(-1.86258 -0.196118 0)
(-2.15654 -0.40524 0)
(-1.21325 -0.120869 0)
(-2.18992 0.0619145 0)
(-1.15266 0.107912 0)
(-1.95644 0.0736009 0)
(-1.28124 -0.109108 0)
(-2.01109 0.0552852 0)
(-2.26471 0.0378691 0)
(-1.22731 0.133358 0)
(-2.26959 0.0802121 0)
(-1.89741 -0.233436 0)
(-1.82049 0.164814 0)
(-2.65375 0.0998781 0)
(-1.05915 -0.0740139 0)
(-2.02643 0.250743 0)
(-1.83122 0.226026 0)
(-1.15415 -0.295328 0)
(-2.76246 -0.187475 0)
(-2.28482 0.00780513 0)
(-2.69223 0.402833 0)
(-2.86368 0.041334 0)
(-2.89384 -0.221604 0)
(-2.86107 0.400714 0)
(-2.27055 0.0484231 0)
(-2.89235 0.0466354 0)
(-1.26584 -0.10957 0)
(-1.92909 0.271374 0)
(-1.40246 -0.372941 0)
(-2.13888 0.321979 0)
(-1.80704 0.474774 0)
(-1.68386 0.277575 0)
(-1.85937 -0.191542 0)
(-2.15591 -0.410265 0)
(-1.35206 -0.328637 0)
(-1.94406 0.24077 0)
(-2.16138 0.280096 0)
(-1.2323 -0.0703149 0)
(-2.26249 0.078755 0)
(-1.90421 -0.202472 0)
(-1.83018 0.186765 0)
(-2.64777 0.0996391 0)
(-2.55996 -0.270044 0)
(-1.97006 0.0817102 0)
(-2.13547 -0.0640276 0)
(-2.10298 0.412966 0)
(-1.89189 -0.462607 0)
(-1.64475 0.488484 0)
(-1.53221 0.34563 0)
(-1.65318 -0.24879 0)
(-1.1381 -0.0375353 0)
(-2.13324 -0.0146285 0)
(-1.90776 0.0136297 0)
(-1.09446 0.165546 0)
(-1.3859 0.25369 0)
(-1.83581 -0.196065 0)
(-1.44397 0.423917 0)
(-2.092 -0.341611 0)
(-2.21922 -0.0269234 0)
(-2.17347 0.359396 0)
(-2.05146 -0.0142586 0)
(-2.67556 -0.209724 0)
(-2.14428 -0.0672581 0)
(-1.16626 0.00455312 0)
(-1.13221 0.204041 0)
(-1.91283 -0.0261326 0)
(-1.86121 0.43778 0)
(-1.70896 0.360033 0)
(-1.47491 -0.474389 0)
(-1.28972 -0.230513 0)
(-1.88894 0.418608 0)
(-1.73268 0.350817 0)
(-1.40531 -0.464638 0)
(-1.23458 -0.222568 0)
(-1.2711 -0.255337 0)
(-1.75776 0.449485 0)
(-1.62151 0.371209 0)
(-1.46223 -0.494204 0)
(-1.11567 0.058841 0)
(-2.08269 -0.109355 0)
(-1.089 0.237893 0)
(-1.8621 -0.0601823 0)
(-1.09882 -0.232946 0)
(-2.02409 0.190157 0)
(-1.0181 -0.0134661 0)
(-1.82879 0.173746 0)
(-1.0565 -0.12437 0)
(-1.78827 0.266387 0)
(-1.96603 0.294847 0)
(-1.16424 -0.341858 0)
(-1.29806 -0.248107 0)
(-1.76779 0.450515 0)
(-1.49236 -0.488779 0)
(-1.63094 0.368867 0)
(-1.14192 0.0613803 0)
(-2.0954 -0.118745 0)
(-1.87187 -0.0661059 0)
(-1.11794 0.241434 0)
(-1.86022 0.32147 0)
(-1.90024 -0.460506 0)
(-1.65695 -0.176242 0)
(-2.04558 0.464972 0)
(-1.91938 0.314609 0)
(-1.8955 -0.457789 0)
(-2.12203 0.453594 0)
(-1.6586 -0.159766 0)
(-2.19182 -0.292643 0)
(-1.45944 0.392174 0)
(-1.91771 -0.162879 0)
(-1.4135 0.197441 0)
(-1.6481 -0.232448 0)
(-1.63811 0.3468 0)
(-1.77275 0.492809 0)
(-1.89435 -0.471464 0)
(-1.32113 -0.0946384 0)
(-1.96269 0.260175 0)
(-2.18308 0.314402 0)
(-1.46007 -0.367487 0)
(-1.85958 0.472843 0)
(-1.94352 -0.164962 0)
(-1.73519 0.24641 0)
(-2.26733 -0.380957 0)
(-1.90529 0.457667 0)
(-1.98071 -0.144108 0)
(-1.7767 0.214433 0)
(-2.32261 -0.364106 0)
(-1.67515 -0.243396 0)
(-1.44797 0.457615 0)
(-1.36923 0.321867 0)
(-1.90069 -0.41322 0)
(-1.53091 0.315159 0)
(-1.51439 0.0633381 0)
(-2.06686 -0.0744194 0)
(-2.37625 -0.16417 0)
(-1.31694 -0.209281 0)
(-2.00612 0.133343 0)
(-1.2353 0.0479328 0)
(-2.25026 0.141544 0)
(-2.32162 -0.324276 0)
(-2.30297 0.091277 0)
(-2.68921 0.261819 0)
(-2.08826 0.129031 0)
(-1.54391 0.297635 0)
(-2.10454 -0.0485915 0)
(-1.53937 0.0303759 0)
(-2.4222 -0.12409 0)
(-2.57893 0.442125 0)
(-2.87426 0.117021 0)
(-2.36098 -0.112906 0)
(-2.842 -0.138462 0)
(-1.42261 -0.26014 0)
(-1.56798 0.380497 0)
(-1.6314 -0.503656 0)
(-1.69517 0.485833 0)
(-1.22537 -0.4253 0)
(-1.73892 0.341773 0)
(-1.08832 -0.198509 0)
(-1.88888 0.387852 0)
(-1.85207 0.0824052 0)
(-2.05706 0.0766804 0)
(-0.985404 0.0718176 0)
(-1.04152 -0.131596 0)
(-1.86558 -0.135433 0)
(-1.20437 0.154101 0)
(-1.20681 0.319419 0)
(-2.09759 -0.220446 0)
(-2.07635 -0.116738 0)
(-1.76009 0.390448 0)
(-2.43183 -0.265002 0)
(-1.68757 0.11859 0)
(-2.10421 -0.0969177 0)
(-1.75376 0.378544 0)
(-2.46383 -0.234506 0)
(-1.69048 0.0956263 0)
(-1.52779 -0.49612 0)
(-1.31991 -0.273011 0)
(-1.55816 0.489215 0)
(-1.44798 0.396565 0)
(-2.53773 -0.219043 0)
(-1.87056 0.376597 0)
(-2.15194 -0.0765541 0)
(-1.79617 0.0644435 0)
(-1.09341 0.303341 0)
(-1.08881 0.177168 0)
(-1.77912 -0.164497 0)
(-1.98051 -0.245141 0)
(-2.26475 0.908766 0)
(-3.12608 -0.910216 0)
(-3.70941 -0.010369 0)
(-3.10375 0.425075 0)
(-2.17755 -0.282248 0)
(-1.41321 0.386385 0)
(-1.3751 0.196877 0)
(-1.90886 -0.160026 0)
(-1.97554 0.284082 0)
(-1.04886 -0.10587 0)
(-1.15253 -0.321478 0)
(-1.79305 0.256453 0)
(-2.22521 0.193529 0)
(-2.73905 0.269509 0)
(-2.32985 0.0203712 0)
(-2.5351 -0.289675 0)
(-1.79316 0.357578 0)
(-2.51842 -0.202038 0)
(-2.14297 -0.0763937 0)
(-1.7376 0.0565044 0)
(-1.4948 0.471243 0)
(-1.66887 -0.249044 0)
(-1.40695 0.333272 0)
(-1.89848 -0.430523 0)
(-1.61208 -0.244477 0)
(-1.62176 0.355033 0)
(-1.75541 0.492344 0)
(-1.84904 -0.482682 0)
(-1.3636 -0.0998932 0)
(-2.05377 0.0425872 0)
(-1.31721 0.15677 0)
(-2.32488 0.0175873 0)
(-2.25332 0.574982 0)
(-3.02355 -0.467273 0)
(-3.36099 0.209015 0)
(-2.9639 0.246214 0)
(-1.85631 -0.470167 0)
(-1.6609 0.492966 0)
(-1.54386 0.354858 0)
(-1.62207 -0.25038 0)
(-1.35913 0.23692 0)
(-1.84552 -0.191034 0)
(-1.41055 0.407082 0)
(-2.09982 -0.327121 0)
(-1.54282 -0.0561437 0)
(-2.34182 0.32256 0)
(-1.70217 -0.378419 0)
(-2.08048 0.243766 0)
(-1.25485 -0.171107 0)
(-2.01936 0.377023 0)
(-1.83726 0.316304 0)
(-1.41018 -0.423462 0)
(-2.2354 0.0978058 0)
(-2.82482 0.394802 0)
(-2.79435 -0.2093 0)
(-2.85737 0.0342174 0)
(-1.19466 0.295279 0)
(-1.87611 -0.343229 0)
(-1.23701 0.412874 0)
(-1.66891 -0.218829 0)
(-2.34545 0.344252 0)
(-1.57761 -0.06481 0)
(-1.75082 -0.392761 0)
(-2.08289 0.2539 0)
(-1.33245 0.36296 0)
(-1.68983 -0.466036 0)
(-1.49698 -0.283014 0)
(-1.4218 0.471414 0)
(-1.34732 0.35969 0)
(-1.72334 -0.459236 0)
(-1.52409 -0.275659 0)
(-1.43683 0.472673 0)
(-2.31615 0.199403 0)
(-1.34193 0.0149202 0)
(-2.05774 0.172688 0)
(-1.44226 -0.270327 0)
(-3.33506 0.0271948 0)
(-3.06599 0.732646 0)
(-2.29652 -0.265119 0)
(-2.94492 -0.0271142 0)
(-1.80297 0.495025 0)
(-1.78284 -0.487816 0)
(-1.66021 0.367314 0)
(-1.5529 -0.238028 0)
(-2.24427 0.31951 0)
(-1.39067 -0.079323 0)
(-1.53647 -0.370168 0)
(-2.00918 0.257875 0)
(-1.36847 0.00644503 0)
(-1.47736 -0.283165 0)
(-2.06666 0.184436 0)
(-2.32622 0.218926 0)
(-1.09627 -0.0906406 0)
(-1.83853 0.246432 0)
(-2.0313 0.275107 0)
(-1.20206 -0.317264 0)
(-1.84723 0.488604 0)
(-1.79327 -0.484839 0)
(-1.56276 -0.22945 0)
(-1.69788 0.360366 0)
(-1.33902 0.148509 0)
(-1.36072 0.344331 0)
(-1.93777 -0.137441 0)
(-2.2023 -0.240878 0)
(-1.36312 0.129836 0)
(-1.38142 0.33496 0)
(-1.96101 -0.12337 0)
(-2.23261 -0.222682 0)
(-1.41668 0.0200903 0)
(-2.08906 0.178976 0)
(-1.52744 -0.279447 0)
(-2.3576 0.216669 0)
(-1.59604 -0.502019 0)
(-1.57239 0.380969 0)
(-1.38789 -0.25778 0)
(-1.69971 0.480702 0)
(-2.25298 0.322436 0)
(-1.57473 -0.377518 0)
(-1.42463 -0.0829414 0)
(-2.01605 0.256974 0)
(-1.29729 -0.182928 0)
(-2.00073 0.118882 0)
(-1.22147 0.0688105 0)
(-2.24425 0.121918 0)
(-1.8639 -0.126106 0)
(-1.1824 0.1365 0)
(-1.17827 0.301388 0)
(-2.0917 -0.203518 0)
(-2.02537 -0.338868 0)
(-3.83342 -0.117699 0)
(-3.62952 0.688195 0)
(-2.80364 -0.177819 0)
(-1.43513 0.0441431 0)
(-1.538 -0.260884 0)
(-2.11354 0.161599 0)
(-2.39294 0.192491 0)
(-2.23767 0.37174 0)
(-1.68872 -0.419699 0)
(-2.00417 0.282285 0)
(-1.5105 -0.114125 0)
(-1.85392 -0.115811 0)
(-2.18804 0.464898 0)
(-1.9733 0.265972 0)
(-2.15136 -0.428886 0)
(-3.16497 -0.077967 0)
(-2.93283 0.58803 0)
(-2.30838 -0.169093 0)
(-2.92136 0.0282398 0)
(-2.31667 0.0813461 0)
(-2.5672 -0.186441 0)
(-2.87903 -0.00255672 0)
(-2.61725 0.348573 0)
(-2.057 0.26692 0)
(-1.84064 -0.417643 0)
(-2.31101 0.378595 0)
(-1.64194 -0.0852837 0)
(-1.33118 -0.129591 0)
(-2.13093 0.360361 0)
(-1.48713 -0.401259 0)
(-1.92484 0.29485 0)
(-2.23016 0.167388 0)
(-2.07117 -0.350145 0)
(-1.87606 0.0467021 0)
(-2.56324 0.2924 0)
(-1.15137 -0.272819 0)
(-1.84575 0.209074 0)
(-1.05978 -0.0505165 0)
(-2.04556 0.231047 0)
(-1.22713 -0.407831 0)
(-1.75663 0.335793 0)
(-1.91491 0.382511 0)
(-1.09253 -0.18202 0)
(-2.21799 0.170945 0)
(-2.11414 -0.365977 0)
(-2.55348 0.312645 0)
(-1.90091 0.0414748 0)
(-1.16574 -0.262055 0)
(-2.0636 0.216099 0)
(-1.86162 0.196049 0)
(-1.07605 -0.0357125 0)
(-1.85772 0.0953759 0)
(-0.998786 0.0563755 0)
(-2.06303 0.0928392 0)
(-1.05946 -0.154483 0)
(-2.24056 0.365236 0)
(-1.48351 -0.100534 0)
(-1.65518 -0.401919 0)
(-2.0071 0.280861 0)
(-2.62067 0.327088 0)
(-2.83018 -0.110738 0)
(-2.26861 0.12838 0)
(-2.42238 -0.164075 0)
(-2.0396 0.27827 0)
(-1.7945 -0.421515 0)
(-1.60069 -0.0970062 0)
(-2.28593 0.384449 0)
(-2.17371 0.349755 0)
(-2.27594 0.0193944 0)
(-2.13566 -0.0936482 0)
(-2.75587 -0.0642489 0)
(-2.19913 0.512234 0)
(-2.68004 -0.33664 0)
(-3.08102 0.280782 0)
(-2.86319 0.0882326 0)
(-2.74707 0.236933 0)
(-2.20387 0.235239 0)
(-2.47795 -0.258668 0)
(-2.32572 0.0192713 0)
(-2.3447 0.328767 0)
(-2.35616 -0.010696 0)
(-2.825 0.183025 0)
(-2.586 -0.206285 0)
(-2.11434 -0.115199 0)
(-2.12828 0.31851 0)
(-2.73928 -0.0309358 0)
(-2.27805 0.0284756 0)
(-1.13439 -0.172559 0)
(-1.79407 0.32015 0)
(-1.2711 -0.406177 0)
(-1.96427 0.366303 0)
(-1.15494 -0.184548 0)
(-1.96035 0.375771 0)
(-1.79119 0.325159 0)
(-1.29741 -0.421795 0)
(-3.22722 -0.786471 0)
(-2.1316 0.943014 0)
(-3.70167 0.0350923 0)
(-2.96373 0.503268 0)
(-1.91948 0.30916 0)
(-2.1245 0.392459 0)
(-1.41967 -0.150531 0)
(-1.59634 -0.432836 0)
(-2.39303 0.293148 0)
(-2.11782 0.222052 0)
(-1.70295 -0.354877 0)
(-1.55441 -0.0286335 0)
(-1.14504 0.312825 0)
(-1.14459 0.168812 0)
(-1.81604 -0.149635 0)
(-2.02982 -0.231992 0)
(-2.02495 -0.254389 0)
(-1.17045 0.334018 0)
(-1.80823 -0.163111 0)
(-1.16236 0.193123 0)
(-1.61241 0.483885 0)
(-1.57542 -0.50245 0)
(-1.49757 0.385624 0)
(-1.36848 -0.263189 0)
(-3.77905 0.144652 0)
(-2.04 -0.396017 0)
(-3.51634 0.975086 0)
(-2.82098 -0.17706 0)
(-1.26597 -0.383355 0)
(-1.99923 0.344451 0)
(-1.82009 0.302744 0)
(-1.13555 -0.148946 0)
(-1.59559 0.492373 0)
(-1.48217 0.387548 0)
(-1.40594 -0.269277 0)
(-1.60757 -0.502687 0)
(-1.98308 0.222329 0)
(-1.01388 -0.0580855 0)
(-1.10016 -0.266033 0)
(-1.79006 0.202065 0)
(-1.59329 0.482796 0)
(-1.54537 -0.499913 0)
(-1.48171 0.388773 0)
(-1.33417 -0.262529 0)
(-1.11356 0.299655 0)
(-1.80216 -0.153412 0)
(-1.1166 0.162582 0)
(-2.00919 -0.23156 0)
(-1.29482 0.314237 0)
(-1.88697 -0.389904 0)
(-1.35966 0.442581 0)
(-1.67013 -0.238712 0)
(-2.28072 0.0423033 0)
(-2.37471 -0.138388 0)
(-2.81827 -0.0143598 0)
(-2.39198 0.374577 0)
(-1.60779 0.0529074 0)
(-2.48674 0.210389 0)
(-1.72475 -0.288461 0)
(-2.17944 0.160876 0)
(-2.29214 0.0933695 0)
(-2.01575 -0.247034 0)
(-2.68235 0.14544 0)
(-1.90881 0.167685 0)
(-2.02364 -0.0729596 0)
(-1.99236 0.179922 0)
(-2.39598 -0.3636 0)
(-2.192 0.453435 0)
(-2.09652 -0.23688 0)
(-2.30607 0.0730093 0)
(-2.71674 0.120175 0)
(-1.99655 0.195508 0)
(-2.15129 -0.225271 0)
(-2.31067 0.0607159 0)
(-2.74684 0.0769775 0)
(-2.08729 0.219857 0)
(-1.9494 0.0374925 0)
(-2.18642 -0.375872 0)
(-2.56535 0.316366 0)
(-2.22503 0.151759 0)
(-1.79937 0.474356 0)
(-1.65621 0.371996 0)
(-1.62923 -0.50163 0)
(-1.41966 -0.24932 0)
(-2.27038 -0.277833 0)
(-1.54048 0.387851 0)
(-1.4894 0.170042 0)
(-1.97377 -0.145168 0)
(-2.07584 -0.0587063 0)
(-2.02896 0.143131 0)
(-2.47662 -0.336085 0)
(-2.22097 0.446567 0)
(-1.86855 0.489579 0)
(-1.71921 0.331483 0)
(-1.69662 -0.213547 0)
(-1.95634 -0.466242 0)
(-2.00367 -0.150715 0)
(-1.74992 0.432437 0)
(-2.33546 -0.327113 0)
(-1.66007 0.191271 0)
(-2.16497 -0.170389 0)
(-1.23465 0.103497 0)
(-1.22742 0.292496 0)
(-1.9205 -0.0976408 0)
(-2.49891 0.241518 0)
(-1.64512 0.0354782 0)
(-1.78015 -0.313793 0)
(-2.18933 0.177405 0)
(-2.38765 0.274385 0)
(-1.65342 -0.342444 0)
(-2.11271 0.213482 0)
(-1.51617 -0.0197496 0)
(-1.49632 0.138157 0)
(-1.5386 0.372224 0)
(-2.01576 -0.127387 0)
(-2.32228 -0.24907 0)
(-1.7622 0.282814 0)
(-1.04612 -0.13805 0)
(-1.93252 0.314725 0)
(-1.1576 -0.350123 0)
(-1.07083 -0.218518 0)
(-0.992381 0.00797482 0)
(-2.0073 0.165832 0)
(-1.81266 0.1558 0)
(-1.94643 -0.474553 0)
(-1.76753 0.337242 0)
(-1.68652 -0.209104 0)
(-1.93066 0.494834 0)
(-1.74669 0.44352 0)
(-1.96838 -0.164715 0)
(-2.28925 -0.351316 0)
(-1.64908 0.215082 0)
(-1.37844 -0.0352406 0)
(-2.29731 0.273065 0)
(-1.50666 -0.328576 0)
(-2.04684 0.224095 0)
(-1.98914 0.225622 0)
(-2.21967 0.266265 0)
(-1.41289 -0.318966 0)
(-1.29326 -0.0488523 0)
(-2.30309 0.082643 0)
(-2.04207 0.0878107 0)
(-1.35496 -0.157236 0)
(-1.29056 0.103391 0)
(-1.71109 0.325435 0)
(-1.99402 -0.466234 0)
(-1.85898 0.491545 0)
(-1.72704 -0.21575 0)
(-1.29944 0.224338 0)
(-1.33603 0.386028 0)
(-2.07987 -0.298697 0)
(-1.837 -0.178478 0)
(-1.50015 0.379054 0)
(-1.22396 -0.256244 0)
(-1.6104 0.451475 0)
(-1.42528 -0.488998 0)
(-2.73228 0.317222 0)
(-2.3555 -0.0332476 0)
(-2.19544 0.231966 0)
(-2.62078 -0.218359 0)
(-1.55811 -0.257398 0)
(-1.64713 0.488903 0)
(-1.77916 -0.481772 0)
(-1.5289 0.36361 0)
(-2.21422 0.197561 0)
(-2.73954 -0.167787 0)
(-2.69334 0.343555 0)
(-2.38505 -0.0964862 0)
(-2.67789 0.311551 0)
(-2.14726 0.158404 0)
(-2.30539 0.0545802 0)
(-2.47309 -0.295467 0)
(-1.97221 -0.158648 0)
(-1.04908 0.10326 0)
(-1.77492 -0.103388 0)
(-1.02945 0.249226 0)
(-2.51479 0.273965 0)
(-2.32958 0.0270492 0)
(-2.58967 -0.274336 0)
(-2.87105 0.062416 0)
(-2.75728 0.341544 0)
(-2.25147 0.236565 0)
(-2.39829 -0.0976233 0)
(-2.75897 -0.178757 0)
(-2.20794 0.21572 0)
(-2.67591 0.363803 0)
(-2.7547 -0.144058 0)
(-2.37396 -0.0992548 0)
(-2.125 0.235278 0)
(-1.94512 -0.405208 0)
(-2.40679 0.361716 0)
(-1.73696 -0.0493379 0)
(-1.63203 0.363017 0)
(-1.22953 -0.250489 0)
(-1.76939 0.433798 0)
(-1.40942 -0.48305 0)
(-1.0592 0.211708 0)
(-1.84929 -0.034584 0)
(-2.06479 -0.0745242 0)
(-1.09241 0.0308622 0)
(-2.31326 0.0823495 0)
(-2.25634 -0.239534 0)
(-2.74885 0.16751 0)
(-2.11748 0.241053 0)
(-2.01856 -0.339962 0)
(-1.35406 0.409915 0)
(-1.78307 -0.205455 0)
(-1.30496 0.26104 0)
(-1.56986 0.486555 0)
(-1.58453 -0.257224 0)
(-1.46555 0.358465 0)
(-1.80554 -0.462381 0)
(-2.33438 0.060396 0)
(-2.35745 -0.252429 0)
(-2.17324 0.234569 0)
(-2.76981 0.19027 0)
(-1.45879 0.0710221 0)
(-2.05442 -0.0777354 0)
(-1.46951 0.314918 0)
(-2.35504 -0.164006 0)
(-2.03859 -0.127663 0)
(-1.68031 0.388383 0)
(-2.37035 -0.274212 0)
(-1.61419 0.138479 0)
(-1.83289 0.339219 0)
(-2.01308 0.474065 0)
(-1.6138 -0.19938 0)
(-1.84929 -0.478886 0)
(-2.05881 -0.325417 0)
(-1.36151 0.398578 0)
(-1.31512 0.241204 0)
(-1.81666 -0.194331 0)
(-1.58538 -0.254818 0)
(-1.80974 -0.469255 0)
(-1.50487 0.36208 0)
(-1.61559 0.492424 0)
(-1.91691 0.405499 0)
(-2.10287 -0.0939697 0)
(-1.82073 0.108916 0)
(-2.48911 -0.268896 0)
(-1.7425 0.480443 0)
(-1.44106 -0.254238 0)
(-1.60825 0.373921 0)
(-1.65178 -0.499977 0)
(-1.16528 -0.0552979 0)
(-1.93469 0.0279862 0)
(-2.16644 0.00360318 0)
(-1.11809 0.157786 0)
(-2.37617 0.0651503 0)
(-2.09306 0.0756715 0)
(-1.3708 0.127306 0)
(-1.43113 -0.150903 0)
(-2.0062 -0.139361 0)
(-1.67548 0.405147 0)
(-1.60485 0.167687 0)
(-2.32865 -0.292134 0)
(-1.74286 0.485418 0)
(-1.48159 -0.251611 0)
(-1.60859 0.372246 0)
(-1.69736 -0.497309 0)
(-1.26969 -0.337008 0)
(-1.15367 -0.0958544 0)
(-2.07753 0.288843 0)
(-1.87817 0.254596 0)
(-1.59511 0.313296 0)
(-1.76561 -0.221186 0)
(-2.03409 -0.432963 0)
(-1.70897 0.48298 0)
(-1.14337 -0.110468 0)
(-1.2649 -0.346962 0)
(-2.04576 0.312688 0)
(-1.85428 0.274603 0)
(-1.23534 0.314338 0)
(-1.89095 -0.1229 0)
(-1.23406 0.13875 0)
(-2.13105 -0.206116 0)
(-2.15807 0.214809 0)
(-1.97483 -0.385319 0)
(-1.77076 -0.0166565 0)
(-2.45393 0.338505 0)
(-2.27116 -0.291626 0)
(-1.56597 0.411832 0)
(-1.50858 0.191746 0)
(-1.96776 -0.15043 0)
(-1.47128 -0.182408 0)
(-1.67123 -0.458324 0)
(-2.04609 0.435801 0)
(-1.85926 0.33432 0)
(-1.58233 0.447517 0)
(-1.87591 -0.190744 0)
(-1.50447 0.256507 0)
(-2.15735 -0.35801 0)
(-1.66341 0.366647 0)
(-1.80608 0.436706 0)
(-1.22223 -0.242292 0)
(-1.39899 -0.47577 0)
(-1.96552 -0.467536 0)
(-1.80243 0.32566 0)
(-1.7028 -0.195924 0)
(-1.97266 0.486133 0)
(-1.56929 0.359165 0)
(-2.03726 -0.112008 0)
(-1.52907 0.116682 0)
(-2.35228 -0.230926 0)
(-1.2752 0.331332 0)
(-1.89626 -0.133337 0)
(-1.26487 0.153629 0)
(-2.14196 -0.225687 0)
(-1.93618 0.4115 0)
(-1.41939 -0.46212 0)
(-1.25068 -0.214247 0)
(-1.77033 0.343475 0)
(-1.86731 -0.0213241 0)
(-2.08498 -0.0583626 0)
(-1.0607 0.191684 0)
(-1.09683 0.00382434 0)
(-2.31509 -0.0624561 0)
(-1.34247 0.220011 0)
(-1.36687 -0.0228754 0)
(-2.04034 -0.0142546 0)
(-2.58274 -0.250474 0)
(-2.28241 0.0366293 0)
(-2.15783 0.144569 0)
(-2.59828 0.377116 0)
(-2.66821 -0.184091 0)
(-2.23159 0.251224 0)
(-2.34852 -0.025041 0)
(-2.70607 0.340237 0)
(-2.35046 -0.115771 0)
(-1.41973 0.0162762 0)
(-1.41338 0.263736 0)
(-2.0602 -0.0489886 0)
(-1.27402 -0.298892 0)
(-2.13348 0.24394 0)
(-1.16912 -0.0524379 0)
(-1.91959 0.2163 0)
(-1.40535 0.374835 0)
(-1.46632 -0.283037 0)
(-1.66299 -0.487979 0)
(-1.50788 0.484352 0)
(-1.34665 -0.372663 0)
(-1.87288 0.284591 0)
(-2.06547 0.331512 0)
(-1.21181 -0.125073 0)
(-2.31329 0.0696643 0)
(-2.7496 0.151083 0)
(-2.24815 -0.230953 0)
(-2.11591 0.238215 0)
(-2.50789 -0.221163 0)
(-2.38952 0.323364 0)
(-2.31394 0.0283172 0)
(-2.83097 0.103438 0)
(-1.39438 -0.390761 0)
(-2.08367 0.346958 0)
(-1.25071 -0.135156 0)
(-1.88714 0.293104 0)
(-1.20253 0.372545 0)
(-1.77528 -0.17733 0)
(-1.18096 0.238502 0)
(-1.99339 -0.280602 0)
(-1.741 -0.192621 0)
(-1.21365 0.383308 0)
(-1.95508 -0.303391 0)
(-1.185 0.255503 0)
(-1.44134 0.377509 0)
(-1.65054 -0.501332 0)
(-1.55106 0.485873 0)
(-1.45206 -0.284105 0)
(-1.35407 -0.0209206 0)
(-2.29174 0.250345 0)
(-1.47285 -0.308162 0)
(-2.0423 0.208796 0)
(-1.72153 0.349147 0)
(-1.87487 0.411504 0)
(-1.19367 -0.223302 0)
(-1.35593 -0.458103 0)
(-2.4907 0.397375 0)
(-2.82593 -0.182575 0)
(-2.37104 -0.133312 0)
(-2.88103 0.163934 0)
(-1.75666 0.333479 0)
(-1.18175 -0.21243 0)
(-1.91733 0.390244 0)
(-1.33485 -0.451135 0)
(-1.87153 -0.411864 0)
(-1.32857 0.328615 0)
(-1.65289 -0.248456 0)
(-1.40338 0.457656 0)
(-1.8321 0.466292 0)
(-1.68427 0.364213 0)
(-1.63996 -0.492339 0)
(-1.43177 -0.238319 0)
(-1.80145 -0.389466 0)
(-1.21885 0.322267 0)
(-1.27677 0.433951 0)
(-1.60226 -0.249738 0)
(-2.10366 0.00434105 0)
(-1.05897 0.148432 0)
(-1.88657 0.0276856 0)
(-1.1062 -0.0524976 0)
(-1.06133 0.126413 0)
(-2.11577 0.0438464 0)
(-1.11614 -0.0821129 0)
(-1.8979 0.0587815 0)
(-2.18382 -0.156717 0)
(-1.9351 -0.0860667 0)
(-1.25901 0.0879319 0)
(-1.25025 0.282398 0)
(-1.73095 -0.431528 0)
(-1.53728 -0.270349 0)
(-1.34527 0.461074 0)
(-1.27087 0.351504 0)
(-1.88937 0.102221 0)
(-1.1138 -0.155605 0)
(-1.0468 0.062503 0)
(-2.10202 0.100568 0)
(-1.11751 -0.132647 0)
(-2.1166 0.0759458 0)
(-1.0562 0.083894 0)
(-1.90023 0.0824845 0)
(-2.38387 0.0956824 0)
(-2.10069 0.0958614 0)
(-1.38179 0.111185 0)
(-1.45206 -0.174757 0)
(-1.76722 -0.466549 0)
(-1.54745 -0.185367 0)
(-2.0454 0.462654 0)
(-1.85863 0.342534 0)
(-2.13545 0.173177 0)
(-1.98835 0.000857319 0)
(-2.3196 -0.363622 0)
(-2.40622 0.413167 0)
(-1.41145 0.299715 0)
(-1.98837 -0.399152 0)
(-1.48974 0.451587 0)
(-1.74575 -0.229382 0)
(-1.69777 0.349823 0)
(-1.84641 0.410259 0)
(-1.33402 -0.463355 0)
(-1.17523 -0.231916 0)
(-1.86689 0.0266314 0)
(-2.07968 0.00353457 0)
(-1.08085 -0.0422325 0)
(-1.03437 0.15223 0)
(-2.1725 0.168348 0)
(-2.46969 0.402761 0)
(-1.99523 0.0214102 0)
(-2.31605 -0.366563 0)
(-1.41576 0.287022 0)
(-2.0351 -0.383796 0)
(-1.49027 0.447726 0)
(-1.78387 -0.218928 0)
(-1.80707 -0.451998 0)
(-1.59339 -0.265235 0)
(-1.48069 0.475665 0)
(-1.38925 0.351476 0)
(-2.57293 -0.188424 0)
(-1.91118 0.367811 0)
(-2.17706 -0.052517 0)
(-1.84075 0.0400192 0)
(-2.1956 0.4007 0)
(-1.70183 -0.429475 0)
(-1.97363 0.301799 0)
(-1.51126 -0.129422 0)
(-2.63351 0.327379 0)
(-2.79333 -0.116237 0)
(-2.23511 0.1479 0)
(-2.41187 -0.150992 0)
(-2.12861 0.19688 0)
(-1.21348 -0.249924 0)
(-1.123 -0.0117408 0)
(-1.91367 0.179703 0)
(-1.42153 0.042119 0)
(-2.33538 -0.130618 0)
(-1.4186 0.28214 0)
(-2.0452 -0.0597816 0)
(-1.15098 0.0452889 0)
(-1.9481 0.131546 0)
(-1.22829 -0.193286 0)
(-2.17501 0.137033 0)
(-1.78239 -0.473132 0)
(-1.56113 -0.193627 0)
(-2.01688 0.459894 0)
(-1.83555 0.339015 0)
(-1.1779 0.0675189 0)
(-1.97036 0.112864 0)
(-1.25114 -0.173231 0)
(-2.20432 0.113928 0)
(-2.1091 -0.0339539 0)
(-1.51661 0.270816 0)
(-1.52186 0.000962606 0)
(-2.42231 -0.0987817 0)
(-2.14099 0.446057 0)
(-1.62744 -0.150638 0)
(-1.93329 0.315324 0)
(-1.85474 -0.451974 0)
(-1.41575 -0.408198 0)
(-1.26563 -0.150787 0)
(-2.06542 0.357253 0)
(-1.87339 0.30017 0)
(-2.00587 0.0885041 0)
(-2.61597 0.306804 0)
(-2.26356 -0.340082 0)
(-2.26136 0.120266 0)
(-2.60095 -0.252039 0)
(-2.15914 0.107942 0)
(-2.52589 0.387798 0)
(-2.24422 0.0354349 0)
(-2.20497 0.083612 0)
(-1.17761 0.0912314 0)
(-1.24322 -0.144971 0)
(-1.96968 0.0905726 0)
(-2.59523 0.327512 0)
(-2.09552 0.0700375 0)
(-2.39721 -0.356754 0)
(-2.24842 0.0974653 0)
(-1.22138 -0.258581 0)
(-1.65486 0.452267 0)
(-1.53684 0.378677 0)
(-1.41382 -0.488154 0)
(-1.09573 -0.128706 0)
(-1.98925 0.31408 0)
(-1.21278 -0.35348 0)
(-1.80898 0.279648 0)
(-1.10543 -0.144309 0)
(-1.98744 0.33102 0)
(-1.80937 0.293767 0)
(-1.22866 -0.37315 0)
(-2.06654 0.170718 0)
(-1.12888 -0.224381 0)
(-1.04785 0.00301357 0)
(-1.86258 0.159118 0)
(-2.08191 0.150743 0)
(-1.04602 0.0200113 0)
(-1.87423 0.142643 0)
(-1.12178 -0.20605 0)
(-1.13347 -0.214858 0)
(-1.74316 0.342622 0)
(-1.27926 -0.447244 0)
(-1.89987 0.395241 0)
(-2.08153 -0.320846 0)
(-2.26124 0.155013 0)
(-2.61137 0.272796 0)
(-1.89612 0.0885348 0)
(-1.99782 -0.13706 0)
(-1.05253 0.0810003 0)
(-1.7955 -0.085672 0)
(-1.03165 0.238821 0)
(-1.01511 0.107106 0)
(-2.09042 0.0564108 0)
(-1.07065 -0.0994148 0)
(-1.8801 0.0674116 0)
(-1.50228 0.476746 0)
(-1.62804 -0.251794 0)
(-1.41129 0.344901 0)
(-1.851 -0.438224 0)
(-1.98245 0.423754 0)
(-2.09597 -0.0964378 0)
(-1.86022 0.12453 0)
(-2.48984 -0.299342 0)
(-2.27292 0.0152881 0)
(-2.20952 -0.119537 0)
(-2.33906 0.304897 0)
(-2.77338 -0.163284 0)
(-1.85017 0.050768 0)
(-2.05695 0.0332013 0)
(-1.04883 -0.0540527 0)
(-0.996508 0.139311 0)
(-1.84154 0.395776 0)
(-1.13324 -0.23731 0)
(-1.28197 -0.465922 0)
(-1.69299 0.342135 0)
(-2.64237 -0.241333 0)
(-2.1728 0.11099 0)
(-2.53745 0.38086 0)
(-2.25736 0.000816566 0)
(-2.70135 0.238134 0)
(-2.28889 -0.292438 0)
(-2.30095 0.085825 0)
(-2.07821 0.166658 0)
(-2.21625 0.363516 0)
(-1.99017 0.284725 0)
(-1.60964 -0.398733 0)
(-1.44254 -0.106424 0)
(-1.39799 0.436574 0)
(-1.73013 -0.227024 0)
(-1.33362 0.294507 0)
(-1.96109 -0.379102 0)
(-2.09883 0.245268 0)
(-1.13024 -0.0580173 0)
(-1.23246 -0.296115 0)
(-1.89131 0.219904 0)
(-2.1219 0.170298 0)
(-1.10004 0.000172514 0)
(-1.18241 -0.2362 0)
(-1.90748 0.158536 0)
(-1.44296 0.451236 0)
(-1.72011 -0.23337 0)
(-1.3692 0.307582 0)
(-1.95421 -0.396549 0)
(-1.76848 -0.206938 0)
(-1.31976 0.407868 0)
(-1.99863 -0.337523 0)
(-1.27433 0.264145 0)
(-2.26774 0.0959749 0)
(-2.84421 -0.0427788 0)
(-2.51191 -0.179312 0)
(-2.6165 0.353974 0)
(-2.0587 0.475826 0)
(-1.85071 -0.146412 0)
(-1.87758 0.274985 0)
(-2.15296 -0.427613 0)
(-2.09916 0.481181 0)
(-1.83089 -0.143086 0)
(-1.90628 0.281899 0)
(-2.13196 -0.435356 0)
(-1.81777 0.313626 0)
(-1.18929 -0.170826 0)
(-1.99419 0.365192 0)
(-1.33278 -0.412845 0)
(-1.6789 -0.110237 0)
(-1.90189 -0.434132 0)
(-2.01051 0.28183 0)
(-2.2454 0.413037 0)
(-1.89809 -0.42113 0)
(-1.68112 -0.0883644 0)
(-2.04927 0.273383 0)
(-2.29756 0.401456 0)
(-1.19843 -0.050124 0)
(-2.18458 -0.0107736 0)
(-1.94822 0.0177982 0)
(-1.15459 0.166115 0)
(-2.2389 -0.266752 0)
(-1.43424 0.171165 0)
(-1.4742 0.37868 0)
(-1.95412 -0.143951 0)
(-1.32977 -0.254 0)
(-1.74455 0.4621 0)
(-1.61112 0.374084 0)
(-1.53459 -0.498758 0)
(-2.01931 -0.454877 0)
(-1.89958 0.301513 0)
(-1.75013 -0.160092 0)
(-2.09503 0.470598 0)
(-1.22927 -0.0649696 0)
(-1.97124 0.0282994 0)
(-2.2146 0.00213107 0)
(-1.18386 0.159869 0)
(-1.96235 -0.0569683 0)
(-2.21408 -0.115986 0)
(-1.26556 0.0376723 0)
(-1.24841 0.245857 0)
(-1.96039 -0.0685539 0)
(-2.21479 -0.132836 0)
(-1.26252 0.267315 0)
(-1.27645 0.0618068 0)
(-1.65033 -0.224801 0)
(-1.83429 0.490397 0)
(-1.68925 0.343785 0)
(-1.89836 -0.474242 0)
(-2.09971 -0.15095 0)
(-1.15619 0.0908212 0)
(-1.13906 0.266817 0)
(-1.87365 -0.0896263 0)
(-1.78006 0.341572 0)
(-1.94795 0.414085 0)
(-1.45904 -0.457438 0)
(-1.28625 -0.206883 0)
(-1.16474 0.0360388 0)
(-2.1331 -0.0936124 0)
(-1.1365 0.22791 0)
(-1.90233 -0.0456131 0)
(-1.81322 0.335676 0)
(-1.47803 -0.453491 0)
(-1.30572 -0.196062 0)
(-1.98901 0.408708 0)
(-1.73846 0.360212 0)
(-1.40875 -0.220257 0)
(-1.61179 -0.478395 0)
(-1.89677 0.457359 0)
(-1.27455 -0.457831 0)
(-1.85893 0.406935 0)
(-1.12582 -0.229643 0)
(-1.70826 0.351848 0)
(-1.72506 0.358682 0)
(-1.4318 -0.229339 0)
(-1.88161 0.459855 0)
(-1.63954 -0.487601 0)
(-1.86084 0.0506222 0)
(-2.06813 0.0348374 0)
(-0.995115 0.123784 0)
(-1.04591 -0.0753059 0)
(-2.15244 -0.00201051 0)
(-1.59233 0.255824 0)
(-1.60609 -0.0406553 0)
(-2.48485 -0.0532542 0)
(-1.6079 0.233774 0)
(-2.5156 -0.0241348 0)
(-2.17686 0.0158964 0)
(-1.63208 -0.076963 0)
(-2.94322 0.800801 0)
(-3.31676 0.117274 0)
(-3.03152 -0.0803498 0)
(-2.41592 -0.423969 0)
(-1.82455 0.445502 0)
(-1.49716 -0.4859 0)
(-1.67833 0.363768 0)
(-1.30598 -0.240511 0)
(-2.27072 0.202006 0)
(-2.67155 -0.261335 0)
(-2.8372 0.315229 0)
(-2.89385 0.0113533 0)
(-2.60799 0.598811 0)
(-2.33048 -0.111334 0)
(-2.8565 -0.0351049 0)
(-2.90614 0.0956925 0)
(-2.05662 -0.448547 0)
(-1.87985 0.301865 0)
(-1.777 -0.159613 0)
(-2.06818 0.480646 0)
(-1.32152 -0.278354 0)
(-1.21984 -0.0211796 0)
(-1.96866 0.194126 0)
(-2.19601 0.220106 0)
(-1.33251 -0.261962 0)
(-1.23515 0.000201937 0)
(-1.99326 0.179213 0)
(-2.22973 0.201257 0)
(-1.35532 0.239738 0)
(-1.37341 0.00159134 0)
(-2.31443 -0.0868592 0)
(-2.03719 -0.0311611 0)
(-1.26683 -0.254528 0)
(-1.57342 0.378029 0)
(-1.6991 0.457544 0)
(-1.46452 -0.49052 0)
(-2.04549 -0.142112 0)
(-1.09883 0.0799219 0)
(-1.83252 -0.0868929 0)
(-1.0772 0.247065 0)
(-2.13896 0.0538867 0)
(-2.35172 0.419102 0)
(-2.60245 -0.276178 0)
(-2.14352 0.0117274 0)
(-1.57828 -0.41516 0)
(-2.16868 0.378253 0)
(-1.40865 -0.130607 0)
(-1.95297 0.299281 0)
(-1.55009 0.487032 0)
(-1.56037 -0.265885 0)
(-1.44656 0.363697 0)
(-1.77493 -0.47009 0)
(-2.17271 0.412101 0)
(-3.39443 0.233187 0)
(-3.1774 -0.465863 0)
(-2.91154 0.188313 0)
(-1.94438 -0.0992423 0)
(-2.28292 -0.394831 0)
(-2.17738 0.461179 0)
(-1.97631 0.222664 0)
(-2.25049 0.232092 0)
(-2.63828 -0.248436 0)
(-2.86826 -0.00905573 0)
(-2.85802 0.310976 0)
(-2.33836 1.39936 0)
(-3.94269 0.085261 0)
(-3.00625 -1.11621 0)
(-3.22059 0.684823 0)
(-1.6865 0.45346 0)
(-1.2367 -0.254551 0)
(-1.43027 -0.486096 0)
(-1.56325 0.378284 0)
(-1.13149 0.22761 0)
(-1.76916 -0.180078 0)
(-1.14358 0.353566 0)
(-1.97849 -0.274872 0)
(-1.87404 0.481162 0)
(-1.90285 -0.173473 0)
(-2.2181 -0.402344 0)
(-1.73989 0.26531 0)
(-1.30343 -0.32103 0)
(-1.92292 0.232435 0)
(-2.13581 0.265131 0)
(-1.19092 -0.0705271 0)
(-1.81676 -0.0803528 0)
(-2.02437 -0.131976 0)
(-1.07345 0.0709157 0)
(-1.05059 0.235746 0)
(-1.94299 -0.294706 0)
(-1.73671 -0.195484 0)
(-1.13584 0.370164 0)
(-1.11758 0.248801 0)
(-1.39781 -0.288259 0)
(-1.53119 0.496873 0)
(-1.4233 0.392353 0)
(-1.59308 -0.508055 0)
(-1.59396 -0.506129 0)
(-1.48681 0.500385 0)
(-1.40125 -0.297247 0)
(-1.38412 0.3958 0)
(-1.89153 -0.168192 0)
(-1.93748 0.485119 0)
(-1.7874 0.268741 0)
(-2.20923 -0.414748 0)
(-1.18533 -0.387761 0)
(-1.74628 0.318899 0)
(-1.90325 0.357591 0)
(-1.06012 -0.170342 0)
(-1.42081 0.33924 0)
(-1.97631 -0.125701 0)
(-2.25578 -0.230822 0)
(-1.39646 0.127905 0)
(-1.83123 -0.478056 0)
(-1.86969 0.492539 0)
(-1.5936 -0.220515 0)
(-1.71675 0.357199 0)
(-1.82645 0.115001 0)
(-0.982393 0.0309598 0)
(-2.02463 0.115875 0)
(-1.04813 -0.179943 0)
(-1.49183 -0.188912 0)
(-1.698 -0.464915 0)
(-1.84321 0.338999 0)
(-2.02589 0.445545 0)
(-2.64671 0.203343 0)
(-1.89741 0.110222 0)
(-2.27662 0.122378 0)
(-2.03903 -0.301806 0)
(-2.3378 0.0564557 0)
(-1.32118 0.12962 0)
(-2.06524 0.0693588 0)
(-1.37844 -0.136941 0)
(-1.64505 0.350809 0)
(-2.09781 -0.0826595 0)
(-2.43579 -0.191125 0)
(-1.6088 0.0785376 0)
(-2.64453 0.184726 0)
(-2.27549 0.117013 0)
(-1.87394 0.132033 0)
(-2.001 -0.271577 0)
(-2.1572 0.359603 0)
(-1.37116 -0.119801 0)
(-1.53007 -0.397775 0)
(-1.94539 0.289879 0)
(-1.60408 -0.109793 0)
(-1.56392 0.20062 0)
(-2.16679 0.0374223 0)
(-2.49475 0.0122865 0)
(-1.2106 0.339962 0)
(-1.53693 -0.26344 0)
(-1.27265 0.444185 0)
(-1.72408 -0.407113 0)
(-2.32957 0.32374 0)
(-2.38103 -0.0710328 0)
(-2.68551 -0.197741 0)
(-2.82741 0.236141 0)
(-1.80408 -0.440556 0)
(-1.59253 -0.262918 0)
(-1.4402 0.47219 0)
(-1.35526 0.34919 0)
(-1.71633 0.48314 0)
(-1.58609 0.366328 0)
(-1.72245 -0.496672 0)
(-1.50601 -0.256705 0)
(-1.87975 -0.144338 0)
(-1.27689 0.178202 0)
(-2.12551 -0.244119 0)
(-1.29254 0.350962 0)
(-1.02975 0.0115541 0)
(-1.80199 -0.0208151 0)
(-2.00342 -0.0545601 0)
(-0.995698 0.184433 0)
(-1.3253 -0.469874 0)
(-1.15923 -0.248647 0)
(-1.73009 0.428427 0)
(-1.60072 0.366082 0)
(-1.1852 -0.377045 0)
(-1.76585 0.300021 0)
(-1.93154 0.33675 0)
(-1.06537 -0.157814 0)
(-2.428 -0.834132 0)
(-2.96916 1.31169 0)
(-3.50396 0.514897 0)
(-3.14356 -0.322807 0)
(-1.83528 0.135423 0)
(-1.00233 0.0262908 0)
(-2.03465 0.140382 0)
(-1.07025 -0.192393 0)
(-1.64364 -0.49723 0)
(-1.43754 -0.264096 0)
(-1.51913 0.37941 0)
(-1.6386 0.487083 0)
(-1.2113 0.33679 0)
(-1.8313 -0.155386 0)
(-2.05708 -0.248506 0)
(-1.20074 0.18517 0)
(-1.34315 0.17385 0)
(-1.91626 -0.1465 0)
(-1.36934 0.362943 0)
(-2.17944 -0.25507 0)
(-1.72017 -0.188068 0)
(-1.14489 0.382266 0)
(-1.92651 -0.288052 0)
(-1.12521 0.262036 0)
(-1.41162 -0.30262 0)
(-1.47538 0.483289 0)
(-1.59844 -0.507771 0)
(-1.37307 0.38179 0)
(-1.71331 -0.226381 0)
(-1.35712 0.434529 0)
(-1.9382 -0.371917 0)
(-1.29751 0.298835 0)
(-1.77041 0.489226 0)
(-1.56806 -0.244581 0)
(-1.63296 0.360348 0)
(-1.7979 -0.489348 0)
(-1.15825 -0.14238 0)
(-1.09268 0.0819422 0)
(-2.1485 0.0909023 0)
(-1.92566 0.0947089 0)
(-1.74379 -0.155324 0)
(-3.88923 0.728122 0)
(-2.6357 -0.0807683 0)
(-4.01508 -0.174212 0)
(-1.376 0.376008 0)
(-1.45113 -0.290189 0)
(-1.64346 -0.490148 0)
(-1.47538 0.482281 0)
(-1.67799 0.366523 0)
(-2.08777 -0.0974564 0)
(-2.4307 -0.219649 0)
(-1.62929 0.0956667 0)
(-1.79348 -0.213019 0)
(-1.37879 0.270693 0)
(-1.44379 0.429373 0)
(-2.04021 -0.365969 0)
(-1.89821 0.388514 0)
(-1.7419 0.340979 0)
(-1.24703 -0.445475 0)
(-1.10611 -0.214762 0)
(-1.71823 -0.198246 0)
(-1.92694 -0.308002 0)
(-1.16389 0.267772 0)
(-1.19218 0.389393 0)
(-1.86866 0.0807121 0)
(-2.07655 0.0719149 0)
(-0.99189 0.0944372 0)
(-1.05068 -0.111223 0)
(-1.65249 0.328186 0)
(-1.98858 -0.456848 0)
(-1.72563 -0.222781 0)
(-1.78481 0.491272 0)
(-1.58842 0.48407 0)
(-1.48655 0.342611 0)
(-1.65791 -0.244764 0)
(-1.89385 -0.445131 0)
(-1.64717 0.318805 0)
(-2.03849 -0.441147 0)
(-1.7657 -0.214709 0)
(-1.77409 0.491616 0)
(-1.93835 0.128985 0)
(-1.11903 0.0432146 0)
(-1.19525 -0.192306 0)
(-2.16211 0.133516 0)
(-1.8265 0.462829 0)
(-3.68994 -0.534247 0)
(-2.69383 0.279786 0)
(-3.83956 0.294555 0)
(-3.98813 -0.601404 0)
(-1.65308 0.263003 0)
(-2.59083 0.152913 0)
(-4.0518 0.293105 0)
(-2.32191 0.175489 0)
(-2.06148 0.155154 0)
(-1.33446 0.0349655 0)
(-1.42812 -0.247733 0)
(-2.45201 0.304811 0)
(-1.8327 -0.360965 0)
(-1.66665 -0.00874241 0)
(-2.15887 0.215136 0)
(-2.11632 -0.429513 0)
(-1.84588 0.478554 0)
(-1.82696 -0.194565 0)
(-1.70922 0.289652 0)
(-2.56151 -1.19143 0)
(-2.89993 1.44021 0)
(-3.561 0.629068 0)
(-3.27168 -0.57212 0)
(-1.90863 -0.344575 0)
(-2.18968 0.192689 0)
(-2.49733 0.288026 0)
(-1.74024 0.0217054 0)
(-1.73323 0.129449 0)
(-1.82316 0.406384 0)
(-2.07807 -0.117753 0)
(-2.44303 -0.287608 0)
(-1.26695 -0.254151 0)
(-1.48341 0.386829 0)
(-1.59163 0.469173 0)
(-1.46074 -0.497461 0)
(-1.9801 -0.187858 0)
(-1.07152 0.125858 0)
(-1.05568 0.267955 0)
(-1.7816 -0.123017 0)
(-2.1302 -0.0465882 0)
(-1.62547 0.311845 0)
(-1.61142 0.027073 0)
(-2.46757 -0.128344 0)
(-2.12749 -0.0622117 0)
(-1.66605 0.336523 0)
(-1.63851 0.0511445 0)
(-2.47268 -0.159697 0)
(-1.93565 0.176008 0)
(-2.15676 0.193673 0)
(-1.15366 -0.00590165 0)
(-1.24496 -0.250393 0)
(-2.07164 -0.437304 0)
(-1.83523 0.487867 0)
(-1.79117 -0.201801 0)
(-1.69905 0.307619 0)
(-1.94241 0.196396 0)
(-2.16332 0.220029 0)
(-1.2785 -0.277206 0)
(-1.17937 -0.0280547 0)
(-2.09277 -0.402594 0)
(-2.11859 0.224011 0)
(-1.84326 -0.0377352 0)
(-2.39734 0.388649 0)
(-1.79339 0.303329 0)
(-1.77826 -0.186383 0)
(-1.95754 0.48279 0)
(-2.0602 -0.451728 0)
(-2.01654 0.395676 0)
(-1.29491 -0.178943 0)
(-1.46113 -0.436545 0)
(-1.83599 0.326441 0)
(-1.50241 -0.501814 0)
(-1.55248 0.376506 0)
(-1.67484 0.460346 0)
(-1.29662 -0.260095 0)
(-1.83138 -0.104071 0)
(-1.09721 0.27111 0)
(-1.11401 0.111009 0)
(-2.04538 -0.165848 0)
(-1.30285 -0.336664 0)
(-1.89455 0.250719 0)
(-1.18345 -0.0907792 0)
(-2.0972 0.286487 0)
(-2.40209 0.0437193 0)
(-2.1094 0.0601447 0)
(-1.40866 0.15118 0)
(-1.46172 -0.130872 0)
(-2.02938 -0.417896 0)
(-2.09077 0.250381 0)
(-1.78573 -0.0645808 0)
(-2.35723 0.405951 0)
(-1.51521 0.376077 0)
(-1.46689 -0.268172 0)
(-1.67415 -0.499865 0)
(-1.63483 0.487734 0)
(-1.23619 0.354798 0)
(-1.83064 -0.160304 0)
(-2.0604 -0.259824 0)
(-1.21995 0.201774 0)
(-1.77669 0.327344 0)
(-1.24903 -0.401024 0)
(-1.94076 0.371422 0)
(-1.11321 -0.172257 0)
(-1.80813 0.290759 0)
(-1.82235 -0.174457 0)
(-1.97222 0.484458 0)
(-2.11814 -0.438374 0)
(-1.87682 0.102749 0)
(-1.02656 0.0531921 0)
(-2.08634 0.101499 0)
(-1.0928 -0.162774 0)
(-2.17219 0.450084 0)
(-1.72017 -0.13852 0)
(-1.97137 -0.449726 0)
(-1.95687 0.295664 0)
(-1.75798 -0.140697 0)
(-1.94672 0.293274 0)
(-2.0229 -0.447938 0)
(-2.1566 0.460237 0)
(-1.64822 -0.288595 0)
(-1.52902 0.0394152 0)
(-2.1537 0.176296 0)
(-2.44637 0.223081 0)
(-1.50334 -0.506735 0)
(-1.51233 0.382672 0)
(-1.62656 0.468126 0)
(-1.2966 -0.258316 0)
(-1.92587 0.387331 0)
(-2.1393 -0.0820186 0)
(-2.53925 -0.25084 0)
(-1.83141 0.0741329 0)
(-1.81093 -0.122619 0)
(-1.08848 0.280268 0)
(-2.01899 -0.189578 0)
(-1.10097 0.130738 0)
(-2.34682 0.12125 0)
(-2.07661 0.114639 0)
(-1.42236 -0.199218 0)
(-1.34573 0.0811847 0)
(-2.35039 0.153373 0)
(-2.08197 0.138055 0)
(-1.44838 -0.221468 0)
(-1.36111 0.0651121 0)
(-2.09886 0.0483196 0)
(-2.15453 -0.018724 0)
(-2.27434 0.410993 0)
(-2.61011 -0.265667 0)
(-2.39952 0.00866768 0)
(-2.10539 0.0367291 0)
(-1.41004 0.173622 0)
(-1.4519 -0.10367 0)
(-1.49877 0.0567521 0)
(-2.14684 0.155328 0)
(-2.44064 0.191475 0)
(-1.60499 -0.263423 0)
(-2.21776 0.0192572 0)
(-2.64183 -0.242018 0)
(-2.16444 0.062637 0)
(-2.45355 0.406192 0)
(-1.62153 0.0939376 0)
(-2.52988 0.183946 0)
(-2.20436 0.141806 0)
(-1.73024 -0.256235 0)
(-1.6137 -0.238783 0)
(-2.4711 0.160583 0)
(-2.16453 0.133643 0)
(-1.51851 0.0852682 0)
(-2.01299 0.202401 0)
(-2.25208 0.237125 0)
(-1.41974 -0.300028 0)
(-1.30729 -0.0250341 0)
(-2.25668 0.0659918 0)
(-2.3526 -0.124008 0)
(-2.5032 0.350106 0)
(-2.79868 -0.122799 0)
(-2.06621 -0.0282698 0)
(-1.0332 0.172845 0)
(-1.07402 -0.0151226 0)
(-1.85395 0.0016899 0)
(-1.66659 0.359041 0)
(-1.35242 -0.470297 0)
(-1.80917 0.422826 0)
(-1.18569 -0.240212 0)
(-1.22034 -0.203779 0)
(-1.78433 0.33434 0)
(-1.95219 0.395745 0)
(-1.37852 -0.448931 0)
(-1.15465 -0.0855096 0)
(-1.10129 0.130154 0)
(-2.15328 0.0382128 0)
(-1.92665 0.0545795 0)
(-2.39089 0.335701 0)
(-2.11575 0.237977 0)
(-1.81824 -0.38211 0)
(-1.64068 -0.0407411 0)
(-1.75776 0.354214 0)
(-1.92074 0.43968 0)
(-1.53761 -0.473375 0)
(-1.34805 -0.21865 0)
(-2.10847 0.243326 0)
(-2.3853 0.353159 0)
(-1.86712 -0.403921 0)
(-1.67516 -0.0545034 0)
(-1.95765 -0.0233746 0)
(-2.20263 -0.067278 0)
(-1.19811 0.211432 0)
(-1.22922 -0.0013999 0)
(-1.24145 -0.0950935 0)
(-2.1435 0.299964 0)
(-1.93176 0.256432 0)
(-1.36817 -0.355017 0)
(-1.61783 0.00335866 0)
(-1.76516 -0.338969 0)
(-2.44494 0.275325 0)
(-2.15399 0.202285 0)
(-3.8794 0.286006 0)
(-1.99372 -0.788403 0)
(-2.81791 -0.44478 0)
(-3.48144 1.1735 0)
(-1.57441 -0.500673 0)
(-1.54453 0.382111 0)
(-1.66575 0.478996 0)
(-1.36641 -0.25797 0)
(-1.14232 0.297195 0)
(-1.82026 -0.336483 0)
(-1.17595 0.398417 0)
(-1.62413 -0.220088 0)
(-1.26499 -0.246253 0)
(-1.43632 0.38384 0)
(-1.53418 0.465999 0)
(-1.48695 -0.50517 0)
(-1.84169 -0.132105 0)
(-1.15389 0.298692 0)
(-1.15984 0.141808 0)
(-2.06241 -0.208527 0)
(-1.9546 -0.22047 0)
(-1.06474 0.149605 0)
(-1.76316 -0.149835 0)
(-1.05538 0.281232 0)
(-1.44458 -0.285878 0)
(-1.36467 0.459944 0)
(-1.28248 0.361165 0)
(-1.62523 -0.459402 0)
(-1.23774 -0.0948769 0)
(-1.97508 0.0461466 0)
(-1.18643 0.134771 0)
(-2.21714 0.02543 0)
(-2.43414 -0.0290796 0)
(-2.12325 0.00987678 0)
(-1.50002 -0.0522846 0)
(-1.47064 0.229182 0)
(-1.93194 -0.282653 0)
(-1.73095 -0.188576 0)
(-1.09512 0.243377 0)
(-1.10815 0.356856 0)
(-1.58095 0.363478 0)
(-1.613 -0.248821 0)
(-1.85107 -0.478076 0)
(-1.70598 0.503439 0)
(-1.56144 -0.508414 0)
(-1.37569 0.395368 0)
(-1.37322 -0.297867 0)
(-1.47948 0.49795 0)
(-1.97499 0.440007 0)
(-2.06048 -0.110134 0)
(-2.43903 -0.322872 0)
(-1.84542 0.157487 0)
(-1.40609 0.395593 0)
(-2.14181 -0.31101 0)
(-1.36034 0.215524 0)
(-1.88014 -0.180448 0)
(-2.51367 -0.309093 0)
(-2.15973 0.105751 0)
(-2.41034 0.425177 0)
(-2.10162 0.0246841 0)
(-2.32017 -0.345578 0)
(-2.04431 0.0818398 0)
(-2.24556 0.127851 0)
(-2.5903 0.331464 0)
(-1.9053 -0.152915 0)
(-1.99033 0.479141 0)
(-1.82955 0.259645 0)
(-2.22569 -0.409244 0)
(-1.36616 -0.0622806 0)
(-2.26109 0.294555 0)
(-1.50147 -0.351014 0)
(-2.02081 0.240594 0)
(-2.4535 0.0720772 0)
(-1.53495 -0.173051 0)
(-1.47321 0.132894 0)
(-2.14577 0.0779995 0)
(-1.29888 -0.229629 0)
(-2.21832 0.17174 0)
(-1.98311 0.157307 0)
(-1.21021 0.0241125 0)
(-2.32705 0.0695927 0)
(-2.29703 -0.233185 0)
(-2.23629 0.25226 0)
(-2.80193 0.0818068 0)
(-1.98392 0.467785 0)
(-1.97834 -0.135179 0)
(-2.323 -0.372939 0)
(-1.8375 0.221676 0)
(-2.47558 0.0952266 0)
(-1.51103 0.126623 0)
(-1.58196 -0.187906 0)
(-2.16311 0.0902898 0)
(-2.33894 0.0613068 0)
(-2.35696 -0.22439 0)
(-2.24865 0.264863 0)
(-2.80266 0.121008 0)
(-3.56536 -1.00364 0)
(-1.86899 0.873833 0)
(-2.80413 0.499595 0)
(-3.90122 -0.167348 0)
(-1.45539 -0.0619406 0)
(-2.30611 0.311144 0)
(-1.60355 -0.368544 0)
(-2.05434 0.244863 0)
(-1.41463 0.06425 0)
(-2.10829 0.137147 0)
(-2.38893 0.156675 0)
(-1.5048 -0.233317 0)
(-1.8204 0.0261339 0)
(-1.02773 -0.0351241 0)
(-2.02194 0.00432045 0)
(-0.982637 0.148033 0)
(-1.73111 0.432949 0)
(-1.20907 -0.256863 0)
(-1.38919 -0.485599 0)
(-1.5999 0.364769 0)
(-1.82514 -0.0410646 0)
(-1.0339 0.216098 0)
(-2.03406 -0.0809355 0)
(-1.06653 0.0423697 0)
(-1.12616 -0.239445 0)
(-1.78961 0.406941 0)
(-1.6505 0.351794 0)
(-1.27892 -0.461181 0)
(-1.16684 0.305076 0)
(-1.80629 -0.356968 0)
(-1.61264 -0.23212 0)
(-1.20929 0.410776 0)
(-2.29262 0.0250798 0)
(-2.29542 0.339059 0)
(-2.79319 -0.0638656 0)
(-2.2448 -0.123903 0)
(-1.20656 0.330942 0)
(-1.76298 -0.396705 0)
(-1.26577 0.437957 0)
(-1.5702 -0.256292 0)
(-1.2384 0.350363 0)
(-1.52925 -0.268446 0)
(-1.30684 0.457153 0)
(-1.71905 -0.421295 0)
(-1.2696 0.219302 0)
(-1.30013 0.375839 0)
(-2.06596 -0.289984 0)
(-1.82885 -0.17605 0)
(-1.47697 -0.281061 0)
(-1.3511 0.461408 0)
(-1.6616 -0.448627 0)
(-1.2722 0.359209 0)
(-1.87117 0.489116 0)
(-1.8678 -0.479129 0)
(-1.62518 -0.220615 0)
(-1.71738 0.348509 0)
(-1.45413 0.356769 0)
(-1.9765 -0.128471 0)
(-2.26284 -0.240233 0)
(-1.42375 0.142689 0)
(-1.52687 -0.261277 0)
(-1.63343 0.490138 0)
(-1.74243 -0.485432 0)
(-1.51666 0.369994 0)
(-2.13354 -0.010075 0)
(-1.53443 0.252351 0)
(-1.54931 -0.0301316 0)
(-2.45161 -0.0633756 0)
(-2.24083 0.433192 0)
(-1.72608 -0.11142 0)
(-1.96927 -0.435317 0)
(-2.00899 0.283568 0)
(-2.28671 0.424569 0)
(-1.77839 -0.0885142 0)
(-2.03092 -0.426047 0)
(-2.04116 0.263976 0)
(-1.35988 -0.212815 0)
(-1.27555 0.0528393 0)
(-2.02911 0.136774 0)
(-2.28024 0.146859 0)
(-1.04333 0.0353012 0)
(-1.80994 -0.0371034 0)
(-2.01413 -0.0749852 0)
(-1.00974 0.206484 0)
(-1.1837 -0.257472 0)
(-1.71751 0.43415 0)
(-1.35973 -0.481373 0)
(-1.58842 0.368715 0)
(-1.94053 -0.454861 0)
(-1.68702 0.489726 0)
(-1.57043 0.337421 0)
(-1.69007 -0.237743 0)
(-1.63549 -0.131157 0)
(-2.20004 0.426718 0)
(-1.97862 0.300439 0)
(-1.85519 -0.441699 0)
(-1.43023 0.244114 0)
(-1.4938 0.423118 0)
(-2.12505 -0.343113 0)
(-1.85896 -0.191879 0)
(-1.94729 0.283064 0)
(-1.96781 -0.111984 0)
(-2.6795 -0.00223815 0)
(-2.26161 0.0297884 0)
(-1.99737 -0.0835772 0)
(-2.00284 0.320841 0)
(-2.6964 -0.0366832 0)
(-2.26225 0.0206591 0)
(-2.15955 -0.0228167 0)
(-1.64822 0.29127 0)
(-1.64532 -0.00689546 0)
(-2.50255 -0.0914064 0)
(-1.71326 -0.0182792 0)
(-1.72193 0.297109 0)
(-2.54014 -0.0882075 0)
(-2.18006 -0.0175812 0)
(-2.35357 -0.787821 0)
(-3.62695 0.349374 0)
(-3.05941 -0.361316 0)
(-3.17088 1.13145 0)
(-2.47748 -0.183923 0)
(-2.24031 0.230375 0)
(-2.82255 -0.0922833 0)
(-2.75901 0.322971 0)
(-1.49365 0.313619 0)
(-1.58776 0.473296 0)
(-2.00652 -0.416944 0)
(-1.7526 -0.227923 0)
(-1.71266 -0.0836437 0)
(-2.55456 -0.0179451 0)
(-1.68998 0.245614 0)
(-2.19823 0.0205515 0)
(-1.74971 0.351598 0)
(-1.91084 0.430756 0)
(-1.49567 -0.472413 0)
(-1.31253 -0.221157 0)
(-2.60397 -0.253446 0)
(-1.96354 0.043628 0)
(-2.09062 0.389933 0)
(-2.17063 -0.0533226 0)
(-2.37149 -0.359949 0)
(-2.03152 0.190897 0)
(-1.99919 -0.058789 0)
(-2.24101 0.462293 0)
(-2.19715 0.414662 0)
(-1.57946 -0.139558 0)
(-1.78554 -0.45088 0)
(-1.97297 0.30199 0)
(-2.18107 -0.0495707 0)
(-1.20074 -0.0115046 0)
(-1.9425 -0.0110923 0)
(-1.16498 0.198076 0)
(-1.60144 0.466295 0)
(-1.50872 0.298999 0)
(-1.7825 -0.21745 0)
(-2.0441 -0.404814 0)
(-2.46232 -0.317371 0)
(-2.14147 0.128781 0)
(-2.39329 0.425798 0)
(-2.07079 0.022579 0)
(-1.23867 0.421121 0)
(-1.6323 -0.233324 0)
(-1.19155 0.309365 0)
(-1.8343 -0.362151 0)
(-1.4409 0.0971014 0)
(-1.45986 0.329294 0)
(-2.0242 -0.0997855 0)
(-2.31895 -0.195236 0)
(-1.61402 -0.209001 0)
(-1.95586 0.483345 0)
(-1.78665 0.345292 0)
(-1.85355 -0.479932 0)
(-1.33147 0.373453 0)
(-1.41056 -0.299032 0)
(-1.42733 0.47459 0)
(-1.59243 -0.491297 0)
(-1.50216 -0.281048 0)
(-1.37622 0.465672 0)
(-1.69253 -0.453213 0)
(-1.29437 0.358865 0)
(-1.13957 0.384969 0)
(-1.87516 -0.301276 0)
(-1.67793 -0.198204 0)
(-1.11871 0.275416 0)
(-2.38843 -0.0491619 0)
(-2.09213 -0.00365273 0)
(-1.42681 0.226034 0)
(-1.4528 -0.0375371 0)
(-2.53729 0.421034 0)
(-2.30222 -0.0540667 0)
(-2.86266 0.084988 0)
(-2.71772 -0.18043 0)
(-1.43863 0.0856557 0)
(-2.12552 0.122007 0)
(-2.41439 0.137468 0)
(-1.52279 -0.216201 0)
(-1.74498 -0.11896 0)
(-2.58406 0.00964009 0)
(-1.71117 0.226196 0)
(-2.21878 0.0363019 0)
(-2.10078 0.107309 0)
(-2.52345 -0.304818 0)
(-2.09973 -0.0108092 0)
(-2.31254 0.435172 0)
(-2.0466 0.0491661 0)
(-0.976404 0.112756 0)
(-1.84796 0.0614556 0)
(-1.0289 -0.0872559 0)
(-1.8517 0.399075 0)
(-1.70338 0.347376 0)
(-1.10182 -0.226146 0)
(-1.24467 -0.451438 0)
(-1.72302 0.16851 0)
(-2.37935 -0.318804 0)
(-2.02992 -0.135813 0)
(-1.82172 0.425651 0)
(-2.29001 0.0660399 0)
(-2.48157 0.339928 0)
(-2.83223 -0.0812463 0)
(-2.37067 -0.149971 0)
(-2.67776 0.927264 0)
(-3.17983 0.0098799 0)
(-2.55822 -0.525042 0)
(-3.19587 0.249491 0)
(-2.12396 0.197571 0)
(-1.50301 0.0044587 0)
(-1.63233 -0.315886 0)
(-2.40364 0.253828 0)
(-2.37968 -0.336942 0)
(-1.77929 0.187042 0)
(-1.89601 0.446423 0)
(-2.02477 -0.133267 0)
(-1.54976 -0.112185 0)
(-2.15241 0.0415464 0)
(-2.46878 0.018088 0)
(-1.50619 0.186757 0)
(-2.54469 0.387434 0)
(-2.48365 -0.299014 0)
(-2.0984 0.0999666 0)
(-2.23314 0.0888174 0)
(-2.48563 -0.322228 0)
(-1.97324 0.141046 0)
(-2.0834 -0.0734831 0)
(-2.13936 0.446808 0)
(-1.47622 -0.27207 0)
(-1.58616 0.486183 0)
(-1.68058 -0.492925 0)
(-1.47373 0.374069 0)
(-1.20417 -0.273099 0)
(-1.10923 -0.0400775 0)
(-1.88598 0.203414 0)
(-2.09393 0.22519 0)
(-1.51038 -0.267018 0)
(-1.58637 0.492362 0)
(-1.7209 -0.483868 0)
(-1.47529 0.37451 0)
(-2.50182 0.155491 0)
(-1.66508 -0.23322 0)
(-1.56854 0.100051 0)
(-2.18488 0.126872 0)
(-1.79674 -0.174533 0)
(-2.02095 -0.280739 0)
(-1.21477 0.226186 0)
(-1.23735 0.368804 0)
(-1.24185 0.233822 0)
(-1.79797 -0.185678 0)
(-1.27378 0.379036 0)
(-2.02679 -0.300889 0)
(-1.69518 0.46127 0)
(-1.90144 -0.184521 0)
(-2.2007 -0.372647 0)
(-1.59893 0.255254 0)
(-1.7468 0.461725 0)
(-1.90478 -0.18503 0)
(-2.21047 -0.383672 0)
(-1.6402 0.252419 0)
(-1.77521 -0.1939 0)
(-1.28171 0.398014 0)
(-2.00287 -0.314021 0)
(-1.24496 0.256558 0)
(-1.95753 0.528457 0)
(-3.6132 -0.697291 0)
(-3.82164 0.09878 0)
(-2.81004 0.299847 0)
(-1.82788 -0.422951 0)
(-1.61563 -0.255742 0)
(-1.40474 0.462937 0)
(-1.32667 0.339235 0)
(-1.47102 0.202548 0)
(-2.44322 -0.0139684 0)
(-2.13202 0.0210753 0)
(-1.50364 -0.0862398 0)
(-1.96133 0.269938 0)
(-1.77776 0.243986 0)
(-1.12157 -0.301982 0)
(-1.02335 -0.0920296 0)
(-2.75567 0.00406259 0)
(-2.1692 -0.143527 0)
(-2.28501 0.039419 0)
(-2.15953 0.313835 0)
(-1.0425 -0.0110893 0)
(-1.82348 -0.00026637 0)
(-2.02794 -0.0291271 0)
(-1.00317 0.169105 0)
(-1.77208 0.419601 0)
(-1.15725 -0.243157 0)
(-1.63574 0.358912 0)
(-1.31879 -0.466789 0)
(-1.97685 0.442595 0)
(-1.4054 -0.203565 0)
(-1.60061 -0.469516 0)
(-1.80348 0.348876 0)
(-2.25741 -0.0700783 0)
(-1.99835 -0.0228277 0)
(-1.26306 0.216789 0)
(-1.29072 -0.00893336 0)
(-2.82511 -0.564626 0)
(-2.39373 0.711302 0)
(-3.32349 0.128886 0)
(-3.0752 0.22249 0)
(-1.87886 0.258948 0)
(-2.06112 0.476393 0)
(-1.89252 -0.147516 0)
(-2.21209 -0.427524 0)
(-2.26868 -0.406683 0)
(-1.93528 -0.123453 0)
(-2.11104 0.46814 0)
(-1.92225 0.235729 0)
(-2.39577 0.423329 0)
(-2.00938 0.000320916 0)
(-2.12293 0.162017 0)
(-2.36531 -0.368213 0)
(-1.86229 -0.301524 0)
(-2.21954 0.160038 0)
(-1.72772 0.0654924 0)
(-2.5451 0.228329 0)
(-2.73605 -0.549845 0)
(-2.44062 0.753477 0)
(-3.2773 0.0852108 0)
(-3.07432 0.195234 0)
(-2.22458 0.171899 0)
(-1.91756 -0.323773 0)
(-2.55038 0.257535 0)
(-1.76333 0.0518734 0)
(-2.2027 -0.0259817 0)
(-1.82813 -0.0143125 0)
(-2.5938 -0.121848 0)
(-1.86555 0.321244 0)
(-2.22017 -0.0347801 0)
(-2.03949 0.348015 0)
(-1.95839 -0.0108834 0)
(-2.65187 -0.177682 0)
(-1.31995 0.420483 0)
(-1.72724 -0.218637 0)
(-1.9514 -0.355123 0)
(-1.2685 0.285058 0)
(-2.23049 -0.0196944 0)
(-2.11736 0.348546 0)
(-2.02443 -0.029788 0)
(-2.68068 -0.170386 0)
(-1.56405 -0.091953 0)
(-1.74658 -0.414683 0)
(-2.29935 0.367761 0)
(-2.04877 0.271548 0)
(-1.12433 -0.0798402 0)
(-1.86885 0.23578 0)
(-2.06992 0.264506 0)
(-1.23114 -0.314388 0)
(-1.31224 0.18536 0)
(-1.88793 -0.151398 0)
(-2.13995 -0.258965 0)
(-1.33627 0.362863 0)
(-1.5443 -0.25087 0)
(-1.72673 0.485461 0)
(-1.76711 -0.489538 0)
(-1.59623 0.362131 0)
(-2.16869 0.207445 0)
(-2.04962 -0.380553 0)
(-1.8312 -0.000766589 0)
(-2.47191 0.346999 0)
(-1.54367 0.421874 0)
(-2.20765 -0.316723 0)
(-1.48232 0.219923 0)
(-1.92024 -0.169175 0)
(-1.59003 0.430998 0)
(-2.19541 -0.343631 0)
(-1.51561 0.231857 0)
(-1.90761 -0.181202 0)
(-1.67664 0.236221 0)
(-2.26775 -0.364665 0)
(-1.94503 -0.168922 0)
(-1.78278 0.462035 0)
(-1.98354 0.247717 0)
(-1.79545 0.223422 0)
(-1.12389 -0.286833 0)
(-1.03125 -0.0746881 0)
(-1.44303 0.224352 0)
(-1.89988 -0.172905 0)
(-2.17655 -0.315994 0)
(-1.50019 0.416627 0)
(-2.19055 0.197601 0)
(-1.96832 -0.362952 0)
(-1.78294 0.0134444 0)
(-2.50227 0.308577 0)
(-1.61958 0.338006 0)
(-1.68978 -0.233726 0)
(-1.94335 -0.463518 0)
(-1.74652 0.492322 0)
(-2.43964 -0.323582 0)
(-2.18208 0.128215 0)
(-2.46051 0.416986 0)
(-2.05834 0.0436451 0)
(-1.95359 -0.464595 0)
(-2.03819 0.466157 0)
(-1.85425 0.312889 0)
(-1.70025 -0.180494 0)
(-2.25535 -0.0882502 0)
(-1.29691 0.0161838 0)
(-1.27426 0.238378 0)
(-1.99425 -0.0357484 0)
(-1.62567 -0.478897 0)
(-1.42491 -0.212743 0)
(-1.95689 0.446702 0)
(-1.78663 0.349555 0)
(-1.77081 -0.21575 0)
(-1.39711 0.425603 0)
(-2.0088 -0.36217 0)
(-1.33762 0.27578 0)
(-1.624 -0.253997 0)
(-1.55382 0.481913 0)
(-1.85018 -0.452044 0)
(-1.45431 0.348549 0)
(-2.16342 -0.103223 0)
(-3.21737 0.554002 0)
(-2.85991 -0.00878771 0)
(-3.35017 -0.164263 0)
(-2.22176 0.411942 0)
(-1.56731 -0.122336 0)
(-1.77036 -0.434641 0)
(-1.9921 0.300761 0)
(-1.86429 0.0092427 0)
(-2.20187 -0.0354375 0)
(-2.60299 -0.14715 0)
(-1.91478 0.349398 0)
(-1.57183 0.341292 0)
(-2.38682 -0.185695 0)
(-1.54578 0.086745 0)
(-2.06816 -0.0852986 0)
(-1.55755 0.189655 0)
(-2.28667 -0.304871 0)
(-1.97793 -0.153009 0)
(-1.62525 0.413997 0)
(-1.167 0.284453 0)
(-1.89079 -0.32641 0)
(-1.68453 -0.210841 0)
(-1.20072 0.400599 0)
(-1.65563 -0.47735 0)
(-1.46543 -0.288193 0)
(-1.43589 0.475881 0)
(-1.34291 0.369874 0)
(-1.98798 0.268704 0)
(-2.09414 -0.433105 0)
(-1.81404 -0.113764 0)
(-2.21046 0.451638 0)
(-2.09667 -0.424327 0)
(-2.03669 0.260309 0)
(-2.27765 0.44073 0)
(-1.82239 -0.088576 0)
(-2.13255 0.425214 0)
(-1.9263 0.31597 0)
(-1.54382 -0.15666 0)
(-1.74899 -0.451442 0)
(-2.6122 -0.0467953 0)
(-1.83573 0.289651 0)
(-2.22386 0.00800557 0)
(-1.83703 -0.0629704 0)
(-2.2383 -0.368139 0)
(-2.19663 0.170381 0)
(-1.96121 0.0310831 0)
(-2.51154 0.366835 0)
(-2.17086 -0.00441535 0)
(-2.68346 -0.215262 0)
(-2.34136 0.402491 0)
(-2.18937 0.0162984 0)
(-1.74978 -0.178337 0)
(-1.99243 0.489016 0)
(-2.02648 -0.452309 0)
(-1.82033 0.314723 0)
(-2.53233 0.379731 0)
(-2.21485 0.128186 0)
(-2.04966 0.0600901 0)
(-2.38385 -0.344914 0)
(-1.57687 0.11896 0)
(-2.37281 -0.247096 0)
(-2.04576 -0.116898 0)
(-1.62812 0.368995 0)
(-2.23702 -0.378152 0)
(-1.94939 0.00625137 0)
(-2.16389 0.185312 0)
(-2.45928 0.389128 0)
(-2.18255 -0.0371633 0)
(-1.75266 0.0127148 0)
(-2.55589 -0.128959 0)
(-1.78047 0.331183 0)
(-3.30101 -0.330739 0)
(-2.08502 0.240055 0)
(-3.37785 0.39701 0)
(-2.83305 0.127909 0)
(-2.74843 -0.636417 0)
(-2.53396 0.929158 0)
(-3.36359 0.042749 0)
(-3.1637 0.297616 0)
(-2.19686 0.336779 0)
(-1.36576 -0.0969419 0)
(-1.51508 -0.379063 0)
(-1.97459 0.272984 0)
(-2.09588 0.302299 0)
(-1.3352 -0.350473 0)
(-1.89519 0.261769 0)
(-1.20945 -0.101098 0)
(-2.16646 -0.405893 0)
(-2.33311 0.422414 0)
(-2.07668 0.228309 0)
(-1.88107 -0.055031 0)
(-2.32983 0.43135 0)
(-2.23188 -0.399612 0)
(-2.07617 0.215874 0)
(-1.92251 -0.0503012 0)
(-1.56165 0.149144 0)
(-2.50722 0.0824827 0)
(-2.18189 0.0805003 0)
(-1.62876 -0.176554 0)
(-1.59266 0.181849 0)
(-2.53015 0.0479561 0)
(-1.64583 -0.14583 0)
(-2.19253 0.0591212 0)
(-2.56363 0.0456361 0)
(-1.66143 0.197596 0)
(-1.71343 -0.144277 0)
(-2.21148 0.0560343 0)
(-2.25198 0.154393 0)
(-1.99119 -0.317265 0)
(-2.59686 0.248969 0)
(-1.83063 0.0765968 0)
(-2.60204 0.0829486 0)
(-1.69329 0.187542 0)
(-1.75943 -0.175197 0)
(-2.23713 0.0775019 0)
(-1.17141 0.316752 0)
(-1.769 -0.375135 0)
(-1.2221 0.419845 0)
(-1.57946 -0.245525 0)
(-1.49134 -0.274822 0)
(-1.31058 0.458796 0)
(-1.23868 0.355943 0)
(-1.6751 -0.431811 0)
(-2.62722 -0.0798644 0)
(-1.88426 0.316104 0)
(-1.86669 -0.0398346 0)
(-2.22693 -0.00544 0)
(-3.30739 -0.222813 0)
(-2.14638 -0.0112743 0)
(-2.85097 0.0101704 0)
(-3.25057 0.485175 0)
(-1.17231 0.0195166 0)
(-1.9594 0.152786 0)
(-2.18769 0.165349 0)
(-1.25735 -0.226441 0)
(-1.3652 -0.479132 0)
(-1.18522 -0.259408 0)
(-1.66854 0.439771 0)
(-1.54656 0.372127 0)
(-1.98575 -0.104098 0)
(-1.00363 0.220756 0)
(-1.03125 0.0553064 0)
(-1.78555 -0.0606267 0)
(-1.35061 -0.239214 0)
(-1.54944 -0.489269 0)
(-1.83814 0.457186 0)
(-1.68961 0.367408 0)
(-1.17796 0.244742 0)
(-1.92343 -0.0610112 0)
(-1.19984 0.0491997 0)
(-2.16227 -0.116164 0)
(-1.37103 -0.230349 0)
(-1.56853 -0.485077 0)
(-1.72756 0.358876 0)
(-1.8844 0.449529 0)
(-1.94783 -0.0461617 0)
(-1.20762 0.238902 0)
(-2.19353 -0.0987629 0)
(-1.23188 0.0336347 0)
(-1.8549 -0.317717 0)
(-1.14124 0.285186 0)
(-1.65638 -0.208241 0)
(-1.17112 0.393669 0)
(-1.40376 0.466709 0)
(-1.4391 -0.289551 0)
(-1.62166 -0.472988 0)
(-1.31557 0.365578 0)
(-1.72673 -0.466793 0)
(-1.38438 0.363399 0)
(-1.52468 -0.274059 0)
(-1.47939 0.478172 0)
(-2.15874 0.20785 0)
(-2.10086 -0.38817 0)
(-2.45556 0.369231 0)
(-1.85735 -0.00983898 0)
(-2.5166 -0.165816 0)
(-1.74588 0.344514 0)
(-1.70628 0.0420044 0)
(-2.15219 -0.0591142 0)
(-2.97044 0.527502 0)
(-2.88505 -0.01257 0)
(-2.23735 -0.146344 0)
(-3.13991 -0.151144 0)
(-1.89292 -0.27238 0)
(-2.24838 0.131022 0)
(-2.59374 0.189186 0)
(-1.77259 0.106073 0)
(-1.36785 -0.206393 0)
(-1.55602 -0.465979 0)
(-1.78933 0.347506 0)
(-1.95913 0.434174 0)
(-1.22745 0.203329 0)
(-1.9785 -0.0132133 0)
(-2.22863 -0.0557679 0)
(-1.26001 -0.0176307 0)
(-1.45049 0.251387 0)
(-1.46104 -0.00339171 0)
(-2.07947 -0.0325955 0)
(-2.37478 -0.0941211 0)
(-1.87444 0.170589 0)
(-1.07304 -0.0111733 0)
(-2.08054 0.184721 0)
(-1.15614 -0.24035 0)
(-1.89584 0.135417 0)
(-2.10893 0.142007 0)
(-1.14684 -0.196619 0)
(-1.07007 0.0315016 0)
(-2.31328 0.116298 0)
(-2.05235 0.112611 0)
(-1.37858 -0.190656 0)
(-1.30263 0.0787755 0)
(-1.95952 -0.417286 0)
(-1.73769 -0.0665903 0)
(-2.35655 0.393504 0)
(-2.08887 0.256687 0)
(-1.84817 -0.155557 0)
(-1.25656 0.197131 0)
(-1.2754 0.35864 0)
(-2.08541 -0.257894 0)
(-1.6944 -0.240625 0)
(-1.52625 0.47362 0)
(-1.43691 0.32847 0)
(-1.93201 -0.424732 0)
(-1.70977 -0.494888 0)
(-1.49725 -0.261526 0)
(-1.66636 0.482144 0)
(-1.54409 0.367485 0)
(-1.57465 0.474632 0)
(-1.68787 -0.242888 0)
(-1.47657 0.329125 0)
(-1.92749 -0.43795 0)
(-1.40632 0.100354 0)
(-1.41844 0.324101 0)
(-2.00707 -0.0954212 0)
(-2.29151 -0.184639 0)
(-2.66163 0.247292 0)
(-1.99682 0.120165 0)
(-2.29388 0.119424 0)
(-2.18489 -0.303531 0)
(-2.69526 0.191973 0)
(-2.01222 0.154373 0)
(-2.15598 -0.283165 0)
(-2.30501 0.104533 0)
(-1.76568 0.346023 0)
(-1.5816 -0.217949 0)
(-1.93082 0.474884 0)
(-1.81227 -0.485784 0)
(-1.89837 0.324977 0)
(-2.09263 0.443961 0)
(-1.7875 -0.451601 0)
(-1.57079 -0.164798 0)
(-2.85899 0.0433181 0)
(-2.77024 0.381303 0)
(-2.90461 -0.25035 0)
(-2.25384 -0.0538172 0)
(-2.08421 -0.0709671 0)
(-2.73099 -0.138226 0)
(-2.16559 0.338884 0)
(-2.25815 -0.00580892 0)
(-2.06251 -0.0702618 0)
(-2.72236 -0.102626 0)
(-2.11989 0.339279 0)
(-2.26101 0.00261881 0)
(-1.10798 -0.112262 0)
(-1.82889 0.268455 0)
(-1.22305 -0.340067 0)
(-2.01608 0.301616 0)
(-1.9703 -0.0952732 0)
(-2.23452 -0.174879 0)
(-1.3207 0.296333 0)
(-1.3196 0.0884395 0)
(-1.45991 -0.0368437 0)
(-1.60142 -0.345772 0)
(-2.33376 0.294199 0)
(-2.07483 0.232443 0)
(-2.19728 0.0962394 0)
(-1.67529 -0.206848 0)
(-2.52758 0.109503 0)
(-1.59731 0.130781 0)
(-2.05012 0.255852 0)
(-1.4977 -0.0757556 0)
(-1.65739 -0.385741 0)
(-2.2989 0.332194 0)
(-2.22449 0.0874999 0)
(-1.73535 -0.20341 0)
(-2.57081 0.0996587 0)
(-1.66023 0.150211 0)
(-1.55314 -0.328887 0)
(-2.32736 0.272555 0)
(-1.42187 -0.0271381 0)
(-2.06909 0.219852 0)
(-2.36204 0.242941 0)
(-1.5657 -0.311052 0)
(-1.44414 -0.0045092 0)
(-2.09341 0.19599 0)
(-2.83156 0.0335047 0)
(-3.43752 -0.246764 0)
(-2.08138 0.0496447 0)
(-3.41899 0.496668 0)
(-1.98497 0.241796 0)
(-1.45339 -0.348098 0)
(-2.21354 0.289867 0)
(-1.32269 -0.07267 0)
(-1.21781 -0.386186 0)
(-1.95772 0.338276 0)
(-1.7877 0.301094 0)
(-1.09341 -0.159547 0)
(-1.86298 0.13286 0)
(-2.06882 0.138565 0)
(-1.02359 0.0328821 0)
(-1.09618 -0.188013 0)
(-2.04269 0.462011 0)
(-2.01689 -0.11543 0)
(-1.88521 0.195227 0)
(-2.38301 -0.361902 0)
(-1.84847 -0.179026 0)
(-1.77304 0.282818 0)
(-1.92551 0.483184 0)
(-2.15051 -0.430237 0)
(-1.87682 0.478883 0)
(-1.49652 -0.227318 0)
(-1.72147 0.364529 0)
(-1.71382 -0.487005 0)
(-1.33222 0.352486 0)
(-1.75829 -0.444813 0)
(-1.55564 -0.268713 0)
(-1.41654 0.468506 0)
(-2.57086 -0.0556092 0)
(-1.74849 -0.0519454 0)
(-1.74453 0.27857 0)
(-2.2038 0.00112632 0)
(-2.11867 0.113847 0)
(-1.0707 0.0498082 0)
(-1.9032 0.11298 0)
(-1.14149 -0.175662 0)
(-1.41121 0.366112 0)
(-1.70495 -0.480016 0)
(-1.51317 0.478719 0)
(-1.50404 -0.277474 0)
(-2.57584 1.20925 0)
(-2.7884 -0.955246 0)
(-3.53918 -0.103956 0)
(-3.28966 0.488287 0)
(-1.55785 0.486988 0)
(-1.52457 -0.274258 0)
(-1.73375 -0.485032 0)
(-1.45032 0.368708 0)
(-2.01572 -0.114242 0)
(-1.45887 0.123296 0)
(-1.48767 0.35439 0)
(-2.31596 -0.221053 0)
(-1.76837 0.342402 0)
(-1.89454 -0.485179 0)
(-1.64674 -0.214996 0)
(-1.93492 0.488285 0)
(-1.9367 -0.173618 0)
(-1.68281 0.448039 0)
(-2.24344 -0.350478 0)
(-1.59462 0.232209 0)
(-2.32992 0.444901 0)
(-1.98483 -0.0319179 0)
(-2.08322 0.191166 0)
(-2.33508 -0.373849 0)
(-2.36591 -0.375072 0)
(-1.92948 0.202123 0)
(-2.00235 -0.107443 0)
(-2.10608 0.464883 0)
(-2.43338 -0.340836 0)
(-1.90049 0.169456 0)
(-2.05212 0.4519 0)
(-2.05362 -0.102992 0)
(-1.98129 -0.441474 0)
(-1.55416 0.327551 0)
(-1.66406 0.486252 0)
(-1.72573 -0.233079 0)
(-1.45662 0.260091 0)
(-1.5282 0.437585 0)
(-2.11021 -0.356814 0)
(-1.84352 -0.19646 0)
(-1.1285 0.27902 0)
(-1.84684 -0.106483 0)
(-1.14318 0.115954 0)
(-2.06626 -0.172392 0)
(-1.53511 -0.501323 0)
(-1.69255 0.463397 0)
(-1.56753 0.374778 0)
(-1.32952 -0.257022 0)
(-1.50188 0.483666 0)
(-1.56304 -0.268845 0)
(-1.40538 0.361949 0)
(-1.77408 -0.462936 0)
(-1.82782 -0.120606 0)
(-2.23681 0.0403587 0)
(-1.79178 0.243283 0)
(-2.61798 0.0200841 0)
(-1.93213 0.108879 0)
(-1.0994 0.0601265 0)
(-1.16872 -0.170569 0)
(-2.15531 0.108489 0)
(-1.77491 -0.485442 0)
(-1.76721 0.352422 0)
(-1.54978 -0.217352 0)
(-1.9324 0.475065 0)
(-1.75285 -0.480925 0)
(-1.53294 -0.20997 0)
(-1.79252 0.35068 0)
(-1.96383 0.468621 0)
(-1.38054 0.0846399 0)
(-2.28476 -0.171099 0)
(-1.38626 0.307531 0)
(-2.00524 -0.0884473 0)
(-2.29812 -0.146556 0)
(-1.37868 0.0595415 0)
(-1.37716 0.287614 0)
(-2.01866 -0.0722295 0)
(-1.86454 0.016786 0)
(-3.77028 -0.338189 0)
(-2.71271 0.011352 0)
(-3.73074 0.49913 0)
(-1.5671 0.364002 0)
(-1.79996 -0.483343 0)
(-1.69135 0.494044 0)
(-1.57215 -0.25206 0)
(-2.6334 -0.0173719 0)
(-1.84946 0.270334 0)
(-2.24121 0.0233019 0)
(-1.86527 -0.0964063 0)
(-2.12027 -0.291536 0)
(-1.86876 -0.171703 0)
(-1.32354 0.209117 0)
(-1.35913 0.382237 0)
(-1.97446 -0.436751 0)
(-1.51129 0.324379 0)
(-1.61308 0.479912 0)
(-1.72351 -0.23807 0)
(-1.52073 -0.141069 0)
(-2.45032 0.055624 0)
(-1.46377 0.157847 0)
(-2.14207 0.0660592 0)
(-2.24497 -0.139886 0)
(-1.31155 0.0656264 0)
(-1.98101 -0.0713085 0)
(-1.30254 0.279273 0)
(-2.58628 -0.234646 0)
(-1.90551 0.0493146 0)
(-2.00967 0.382407 0)
(-2.16807 -0.0632974 0)
(-1.90808 0.464395 0)
(-1.7469 0.35711 0)
(-1.68227 -0.489453 0)
(-1.47044 -0.226456 0)
(-2.17231 -0.379704 0)
(-2.1881 0.188594 0)
(-1.91276 0.0157191 0)
(-2.50299 0.367858 0)
(-1.95985 -0.314299 0)
(-1.21944 0.266964 0)
(-1.74121 -0.195814 0)
(-1.25498 0.39834 0)
(-2.24168 -0.340964 0)
(-1.55915 0.219379 0)
(-1.93933 -0.173987 0)
(-1.63889 0.43288 0)
(-1.5717 -0.215734 0)
(-2.15305 0.119257 0)
(-2.45658 0.136372 0)
(-1.48656 0.0987623 0)
(-2.19173 -0.0506522 0)
(-2.61337 -0.204315 0)
(-1.9951 0.356261 0)
(-1.90577 0.0152009 0)
(-2.06555 -0.381218 0)
(-1.4541 0.275399 0)
(-1.53242 0.443361 0)
(-1.80756 -0.211646 0)
(-2.02437 -0.00447462 0)
(-2.2905 -0.0467274 0)
(-1.31931 -0.0324635 0)
(-1.28809 0.205057 0)
(-2.0279 0.434135 0)
(-1.84394 0.34064 0)
(-1.61143 -0.464388 0)
(-1.41977 -0.191576 0)
(-1.49692 0.281976 0)
(-2.07103 -0.39524 0)
(-1.8071 -0.214163 0)
(-1.58492 0.453515 0)
(-2.16831 -0.397132 0)
(-2.39533 0.407384 0)
(-2.12044 0.217526 0)
(-1.89069 -0.0324018 0)
(-1.97638 -0.0965321 0)
(-1.34921 0.0991148 0)
(-1.35417 0.309461 0)
(-2.2455 -0.180374 0)
(-1.88497 0.473728 0)
(-1.72842 0.355412 0)
(-1.52818 -0.225529 0)
(-1.749 -0.486431 0)
(-2.2528 0.0908202 0)
(-2.08801 0.119283 0)
(-2.46156 -0.293811 0)
(-2.57799 0.378653 0)
(-1.37854 -0.239563 0)
(-1.28901 0.0313011 0)
(-2.28185 0.167354 0)
(-2.03101 0.151349 0)
(-1.95634 -0.0621045 0)
(-2.67226 -0.0729729 0)
(-1.98169 0.32093 0)
(-2.24626 0.0047101 0)
(-1.91628 0.148375 0)
(-1.09816 0.0226567 0)
(-2.13417 0.158365 0)
(-1.17854 -0.212214 0)
(-1.73256 -0.229883 0)
(-1.53091 0.467536 0)
(-1.97757 -0.409226 0)
(-1.44476 0.314506 0)
(-1.27197 0.00842026 0)
(-1.36968 -0.258858 0)
(-2.01084 0.174168 0)
(-2.25237 0.19653 0)
(-1.30153 -0.00165583 0)
(-1.4059 -0.274646 0)
(-2.01766 0.185382 0)
(-2.26061 0.212738 0)
(-2.29871 0.0421734 0)
(-2.16434 0.160875 0)
(-2.66036 0.339576 0)
(-2.53606 -0.282914 0)
(-2.73353 -0.188766 0)
(-2.28648 -0.0600273 0)
(-2.48672 0.363426 0)
(-2.22716 0.0662486 0)
(-1.31871 0.249937 0)
(-2.27936 -0.104158 0)
(-1.33463 0.0232671 0)
(-2.01042 -0.0452794 0)
(-2.69013 -0.194078 0)
(-2.28603 -0.0283039 0)
(-2.52766 0.38528 0)
(-2.18998 0.108833 0)
(-2.61253 0.0758994 0)
(-2.24356 0.0700171 0)
(-1.82683 -0.17121 0)
(-1.76187 0.196682 0)
(-1.80841 0.218336 0)
(-2.63865 0.0376247 0)
(-2.25077 0.05029 0)
(-1.85274 -0.158705 0)
(-2.15928 -0.0864007 0)
(-2.75841 -0.133729 0)
(-2.24761 0.344172 0)
(-2.26614 0.00271451 0)
(-1.97836 -0.0474559 0)
(-2.24583 -0.00582532 0)
(-2.02484 0.338737 0)
(-2.68318 -0.106265 0)
(-1.74111 0.313302 0)
(-1.76354 -0.201852 0)
(-1.89173 0.488464 0)
(-2.0403 -0.453776 0)
(-1.67434 -0.47544 0)
(-1.4674 -0.20627 0)
(-1.80041 0.349391 0)
(-1.97327 0.453801 0)
(-2.31303 -0.394778 0)
(-1.90107 0.224421 0)
(-1.96416 -0.123069 0)
(-2.07911 0.471158 0)
(-1.70298 -0.482524 0)
(-1.48977 -0.213455 0)
(-1.95392 0.46027 0)
(-1.78395 0.351092 0)
(-2.2776 -0.126284 0)
(-1.34292 0.0477874 0)
(-1.33347 0.271626 0)
(-2.00578 -0.0601818 0)
(-1.26469 -0.0461007 0)
(-1.2238 0.180298 0)
(-1.98517 0.0130042 0)
(-2.23443 -0.0198518 0)
(-1.3513 -0.194984 0)
(-1.53102 -0.456331 0)
(-1.81723 0.334388 0)
(-1.99334 0.41453 0)
(-2.22753 -0.0208314 0)
(-1.9336 -0.0216052 0)
(-2.6561 -0.137596 0)
(-1.99363 0.345175 0)
(-2.19306 -0.1836 0)
(-1.29182 0.104418 0)
(-1.93904 -0.102936 0)
(-1.29254 0.299281 0)
(-2.1844 -0.206811 0)
(-1.29833 0.131136 0)
(-1.30577 0.322125 0)
(-1.92899 -0.118001 0)
(-1.69072 -0.487086 0)
(-1.47597 -0.233226 0)
(-1.82752 0.474489 0)
(-1.68135 0.364275 0)
(-1.71779 -0.493378 0)
(-1.4986 -0.24175 0)
(-1.80175 0.480302 0)
(-1.65873 0.364978 0)
(-2.27826 -0.392244 0)
(-1.84824 0.241632 0)
(-2.00909 0.476334 0)
(-1.94388 -0.137358 0)
(-2.32305 0.455313 0)
(-2.02067 -0.0172571 0)
(-2.39081 -0.338365 0)
(-2.09306 0.181029 0)
(-2.26747 0.0310961 0)
(-2.78651 -0.0898483 0)
(-2.34413 0.369183 0)
(-2.26282 -0.101197 0)
(-1.49586 -0.188585 0)
(-1.42506 0.108573 0)
(-2.12279 0.0991997 0)
(-2.41476 0.101035 0)
)
;

boundaryField
{
    insideCircle
    {
        type            myHeatFlux;
        alpha           uniform 1;
        Theta_wall      uniform 4;
        value           nonuniform List<vector> 
24
(
(-2.45886 1.6024 0)
(-4.37269 0.136703 0)
(-3.20978 -1.35916 0)
(-3.37304 0.864132 -0)
(-1.69471 -0.212429 0)
(-4.256 0.728431 0)
(-2.6138 -0.136883 0)
(-4.38795 -0.198752 -0)
(-4.28656 -0.607756 -0)
(-1.58777 0.311787 0)
(-2.55094 0.197191 -0)
(-4.34748 0.301706 0)
(-2.65603 -1.35335 0)
(-3.03751 1.66032 0)
(-3.71588 0.826634 -0)
(-3.32935 -0.785377 0)
(-4.17075 0.433711 -0)
(-1.98148 -0.940334 0)
(-2.82025 -0.60065 0)
(-3.76142 1.34954 0)
(-3.85404 -1.16599 0)
(-1.85289 1.02628 0)
(-2.81785 0.640861 -0)
(-4.16423 -0.359773 0)
)
;
    }
    outsideCircle
    {
        type            myHeatFlux;
        alpha           uniform 1;
        Theta_wall      uniform 1;
        value           nonuniform List<vector> 
124
(
(-1.52003 -0.508854 0)
(-1.32259 -0.281776 -0)
(-1.50123 0.503473 0)
(-1.39894 0.405996 0)
(-1.75724 -0.184387 -0)
(-1.06942 0.204816 0)
(-1.07315 0.322586 0)
(-1.95453 -0.268867 0)
(-1.21038 -0.431936 0)
(-1.73461 0.347805 0)
(-1.07453 -0.206644 -0)
(-1.88785 0.395845 0)
(-1.84877 0.0831899 0)
(-2.05039 0.0775844 0)
(-0.967865 0.0723643 -0)
(-1.02355 -0.13382 0)
(-1.97224 0.223052 0)
(-1.00067 -0.0597906 -0)
(-1.08582 -0.265166 0)
(-1.78345 0.203437 0)
(-1.75287 0.28421 0)
(-1.03263 -0.140436 -0)
(-1.92 0.31545 0)
(-1.14279 -0.350293 0)
(-1.05564 -0.218504 1.07347e-18)
(-0.979395 -0.00108536 -4.65043e-19)
(-1.9936 0.166233 5.3275e-18)
(-1.80358 0.156663 -4.82266e-18)
(-1.4829 0.377931 0)
(-1.20689 -0.254367 -0)
(-1.59046 0.448427 0)
(-1.4095 -0.48894 0)
(-1.95486 -0.158513 -5.22185e-18)
(-1.03299 0.101532 7.54804e-19)
(-1.76243 -0.104429 4.68966e-18)
(-1.01381 0.246053 -1.12627e-18)
(-1.17189 -0.384376 0)
(-1.7384 0.320213 0)
(-1.89425 0.358758 0)
(-1.04794 -0.168985 -0)
(-1.81939 0.115515 -4.86673e-18)
(-0.970625 0.0305964 -2.4683e-19)
(-2.01622 0.116509 5.38935e-18)
(-1.03598 -0.180903 8.30126e-19)
(-1.19554 0.341233 0)
(-1.52443 -0.266115 -0)
(-1.25628 0.443253 0)
(-1.70868 -0.407551 0)
(-1.01433 0.012388 0)
(-1.79164 -0.0217669 -0)
(-1.99012 -0.0550148 0)
(-0.980962 0.183998 0)
(-1.30979 -0.469507 0)
(-1.14636 -0.251809 -0)
(-1.71447 0.428833 0)
(-1.58707 0.367459 0)
(-1.13022 0.297591 0)
(-1.80294 -0.334628 0)
(-1.1635 0.397701 0)
(-1.61238 -0.221109 -0)
(-1.26133 -0.256813 -0)
(-1.432 0.391522 0)
(-1.5321 0.475781 0)
(-1.46702 -0.497554 0)
(-1.94534 -0.221265 0)
(-1.05243 0.152784 0)
(-1.75504 -0.15123 -0)
(-1.04208 0.277941 0)
(-1.43522 -0.288427 -0)
(-1.35093 0.458257 0)
(-1.26973 0.360643 0)
(-1.61322 -0.459504 0)
(-1.93008 -0.28591 0)
(-1.7295 -0.192237 -0)
(-1.08631 0.248187 0)
(-1.09931 0.360775 0)
(-1.55667 -0.513403 0)
(-1.36912 0.399739 0)
(-1.36865 -0.303464 -0)
(-1.47251 0.502013 0)
(-1.81053 0.0254634 -0)
(-1.01458 -0.0337072 0)
(-2.00992 0.00391919 0)
(-0.970088 0.147032 0)
(-1.11517 -0.242195 -0)
(-1.77708 0.407854 0)
(-1.64006 0.353613 0)
(-1.26628 -0.461653 0)
(-1.32086 0.375302 0)
(-1.40081 -0.301129 -0)
(-1.41434 0.473734 0)
(-1.58099 -0.491482 0)
(-1.12791 0.38495 0)
(-1.86517 -0.30257 0)
(-1.66905 -0.200233 -0)
(-1.10753 0.277244 0)
(-2.04749 0.0492207 0)
(-0.966447 0.111755 0)
(-1.84654 0.0612742 -0)
(-1.01843 -0.0866341 0)
(-1.84829 0.403091 0)
(-1.70079 0.351558 0)
(-1.09405 -0.230429 -0)
(-1.23667 -0.455761 0)
(-1.9541 0.271463 0)
(-1.77168 0.245514 0)
(-1.10913 -0.303086 0)
(-1.01185 -0.0947523 -0)
(-1.16252 0.31869 0)
(-1.75953 -0.375588 0)
(-1.21197 0.419327 0)
(-1.57143 -0.247023 -0)
(-1.48345 -0.27655 -0)
(-1.30082 0.458961 0)
(-1.23007 0.357781 0)
(-1.66569 -0.432179 0)
(-1.35668 -0.48132 0)
(-1.1763 -0.260796 -0)
(-1.65983 0.441233 0)
(-1.53992 0.374891 0)
(-1.97769 -0.104551 -5.28309e-18)
(-0.993657 0.218719 -9.16166e-19)
(-1.02127 0.057365 4.97349e-19)
(-1.77978 -0.0615487 4.74339e-18)
)
;
    }
    topAndBottom
    {
        type            empty;
    }
}


// ************************************************************************* //
