/*--------------------------------*- C++ -*----------------------------------*\
| =========                 |                                                 |
| \\      /  F ield         | OpenFOAM: The Open Source CFD Toolbox           |
|  \\    /   O peration     | Version:  2.2.0                                 |
|   \\  /    A nd           | Web:      www.OpenFOAM.org                      |
|    \\/     M anipulation  |                                                 |
\*---------------------------------------------------------------------------*/
FoamFile
{
    version     2.0;
    format      ascii;
    class       volScalarField;
    location    "6";
    object      Theta;
}
// * * * * * * * * * * * * * * * * * * * * * * * * * * * * * * * * * * * * * //

dimensions      [0 2 -2 0 0 0 0];

internalField   nonuniform List<scalar> 
7920
(
2.69363
2.90063
3.03648
3.21828
3.39649
3.64534
3.69835
4.54008
2.67073
2.85725
2.978
3.13612
3.29354
3.47272
3.58779
3.94538
2.63945
2.8106
2.9214
3.06526
3.21056
3.36114
3.50253
3.69558
2.60074
2.75527
2.85449
2.98285
3.11147
3.23825
3.36923
3.47378
2.56179
2.70629
2.79898
2.91932
3.03961
3.15735
3.28251
3.35881
2.53555
2.67513
2.76454
2.88107
2.99725
3.11096
3.23189
3.29706
2.53555
2.67513
2.76454
2.88107
2.99726
3.11096
3.23188
3.29705
2.56179
2.70629
2.79898
2.91933
3.03961
3.15735
3.28249
3.35879
2.60074
2.75527
2.85449
2.98286
3.11148
3.23824
3.3692
3.47376
2.63945
2.8106
2.92141
3.06527
3.21058
3.36114
3.50251
3.69555
2.67073
2.85724
2.97799
3.13611
3.29352
3.4727
3.58774
3.94535
2.69363
2.90067
3.0365
3.21826
3.39645
3.64528
3.69831
4.54003
2.30042
2.36408
2.40301
2.46026
2.51912
2.59779
2.64512
2.86422
2.30656
2.36456
2.39942
2.4498
2.5026
2.55968
2.629
2.68937
2.31529
2.36744
2.39817
2.44212
2.48769
2.53231
2.59478
2.61138
2.32866
2.3749
2.40185
2.44006
2.4793
2.51595
2.57088
2.57028
2.34478
2.38543
2.4091
2.44246
2.47648
2.50768
2.55457
2.54775
2.35667
2.39348
2.41506
2.4454
2.47636
2.50474
2.547
2.53935
2.35667
2.39348
2.41506
2.4454
2.47637
2.50474
2.547
2.53935
2.34478
2.38543
2.4091
2.44246
2.47649
2.50768
2.55457
2.54774
2.32866
2.3749
2.40185
2.44006
2.4793
2.51596
2.57088
2.57027
2.31529
2.36744
2.39817
2.44212
2.4877
2.53231
2.59478
2.61136
2.30656
2.36456
2.39942
2.44981
2.50261
2.55969
2.629
2.68936
2.30042
2.36408
2.403
2.46025
2.51912
2.59779
2.64512
2.86425
2.16148
2.18424
2.20104
2.22407
2.25029
2.28061
2.31717
2.36218
2.16542
2.18493
2.19922
2.21846
2.24061
2.26191
2.30184
2.29024
2.17098
2.18709
2.19874
2.21423
2.23173
2.24749
2.27739
2.26136
2.17944
2.19254
2.20215
2.2148
2.22914
2.24208
2.26675
2.25466
2.18947
2.19965
2.20741
2.2175
2.22911
2.23967
2.25956
2.25031
2.19683
2.20499
2.21159
2.22011
2.23016
2.23949
2.25694
2.25004
2.19683
2.20499
2.21158
2.22011
2.23016
2.23949
2.25694
2.25004
2.18947
2.19965
2.20741
2.2175
2.22911
2.23967
2.25955
2.2503
2.17944
2.19254
2.20216
2.2148
2.22914
2.24208
2.26675
2.25466
2.17098
2.18709
2.19875
2.21423
2.23174
2.2475
2.2774
2.26136
2.16542
2.18493
2.19922
2.21845
2.24061
2.26191
2.30184
2.29024
2.16148
2.18425
2.20104
2.22407
2.25029
2.2806
2.31717
2.36221
2.08655
2.09683
2.10468
2.11529
2.12786
2.14148
2.16331
2.17301
2.08868
2.09752
2.10419
2.11306
2.12358
2.13333
2.15489
2.14191
2.09164
2.09901
2.10448
2.11166
2.11993
2.12733
2.14275
2.13155
2.09609
2.10232
2.10699
2.11308
2.12009
2.1266
2.13934
2.1329
2.10128
2.10636
2.11028
2.11535
2.12124
2.12686
2.1373
2.13358
2.10506
2.10933
2.11277
2.1172
2.12247
2.12764
2.13697
2.13498
2.10506
2.10933
2.11277
2.1172
2.12247
2.12764
2.13696
2.13498
2.10128
2.10636
2.11028
2.11535
2.12124
2.12686
2.13729
2.13357
2.09609
2.10233
2.107
2.11308
2.12009
2.1266
2.13934
2.13289
2.09164
2.09901
2.10448
2.11166
2.11994
2.12733
2.14275
2.13154
2.08868
2.09752
2.10419
2.11306
2.12358
2.13333
2.15489
2.14191
2.08655
2.09683
2.10468
2.11529
2.12785
2.14148
2.1633
2.17304
2.04279
2.04701
2.05034
2.05474
2.06005
2.06559
2.07569
2.07703
2.04383
2.04736
2.0501
2.05366
2.05792
2.06169
2.07115
2.06278
2.04526
2.04811
2.05028
2.05305
2.05626
2.05897
2.06536
2.05856
2.0474
2.04975
2.05155
2.05383
2.05647
2.05881
2.06392
2.05985
2.04989
2.05172
2.05318
2.05501
2.05716
2.05912
2.06317
2.06062
2.05169
2.05315
2.0544
2.05595
2.05782
2.05959
2.06314
2.0615
2.05169
2.05315
2.0544
2.05595
2.05782
2.05959
2.06314
2.0615
2.04989
2.05172
2.05318
2.05501
2.05715
2.05912
2.06317
2.06062
2.0474
2.04975
2.05155
2.05383
2.05647
2.05881
2.06392
2.05985
2.04526
2.04811
2.05028
2.05305
2.05626
2.05897
2.06536
2.05857
2.04383
2.04736
2.0501
2.05366
2.05792
2.06169
2.07115
2.06278
2.04279
2.04702
2.05034
2.05474
2.06005
2.06559
2.07569
2.07705
2.0203
2.02227
2.02388
2.02597
2.02849
2.03113
2.03597
2.03641
2.02079
2.02245
2.02378
2.02548
2.02751
2.02936
2.03377
2.03004
2.02148
2.02283
2.02391
2.02525
2.02681
2.0282
2.03121
2.02832
2.02248
2.02361
2.02453
2.02566
2.02697
2.02819
2.03064
2.02903
2.02364
2.02455
2.02531
2.02624
2.02734
2.0284
2.03038
2.02949
2.02448
2.02522
2.02589
2.0267
2.02767
2.02864
2.03041
2.02994
2.02448
2.02522
2.02589
2.0267
2.02767
2.02864
2.03041
2.02994
2.02364
2.02455
2.02531
2.02624
2.02734
2.0284
2.03038
2.02949
2.02248
2.02361
2.02453
2.02566
2.02697
2.02819
2.03064
2.02903
2.02148
2.02283
2.02391
2.02525
2.02682
2.0282
2.03122
2.02832
2.02079
2.02245
2.02378
2.02548
2.02751
2.02936
2.03376
2.03004
2.0203
2.02227
2.02388
2.02596
2.02849
2.03113
2.03597
2.03643
2.00896
2.00978
2.01047
2.01136
2.01243
2.01356
2.01561
2.01575
2.00918
2.00987
2.01044
2.01115
2.012
2.01279
2.01462
2.01302
2.00948
2.01004
2.0105
2.01107
2.01172
2.0123
2.01355
2.01232
2.00992
2.01039
2.01078
2.01125
2.01179
2.01231
2.01331
2.01263
2.01043
2.0108
2.01112
2.01151
2.01196
2.01241
2.01322
2.01284
2.01079
2.0111
2.01138
2.01171
2.01211
2.01252
2.01324
2.01304
2.01079
2.0111
2.01138
2.01171
2.01211
2.01252
2.01324
2.01304
2.01043
2.0108
2.01112
2.01151
2.01196
2.01241
2.01322
2.01284
2.00992
2.01039
2.01078
2.01125
2.01179
2.01231
2.01331
2.01263
2.00948
2.01004
2.0105
2.01107
2.01172
2.0123
2.01355
2.01232
2.00918
2.00987
2.01044
2.01115
2.012
2.01279
2.01462
2.01302
2.00896
2.00979
2.01047
2.01136
2.01243
2.01356
2.01561
2.01575
2.0037
2.00404
2.00433
2.0047
2.00515
2.00562
2.00646
2.00654
2.0038
2.00408
2.00432
2.00462
2.00498
2.00531
2.00605
2.00546
2.00392
2.00416
2.00435
2.00459
2.00487
2.00513
2.00564
2.00519
2.0041
2.0043
2.00447
2.00467
2.00491
2.00513
2.00555
2.00531
2.00431
2.00447
2.00461
2.00478
2.00498
2.00518
2.00552
2.0054
2.00446
2.00459
2.00472
2.00487
2.00504
2.00522
2.00553
2.00548
2.00446
2.00459
2.00472
2.00487
2.00504
2.00522
2.00553
2.00548
2.00431
2.00447
2.00461
2.00478
2.00498
2.00518
2.00552
2.0054
2.0041
2.0043
2.00447
2.00467
2.00491
2.00513
2.00555
2.00531
2.00392
2.00416
2.00435
2.00459
2.00487
2.00513
2.00564
2.00519
2.0038
2.00408
2.00432
2.00462
2.00498
2.00531
2.00605
2.00546
2.0037
2.00404
2.00433
2.0047
2.00515
2.00562
2.00646
2.00654
2.00137
2.00149
2.0016
2.00174
2.0019
2.00208
2.00238
2.00242
2.0014
2.00151
2.0016
2.00171
2.00184
2.00197
2.00223
2.00204
2.00145
2.00153
2.00161
2.0017
2.00181
2.00191
2.00209
2.00195
2.00152
2.00159
2.00165
2.00173
2.00182
2.00191
2.00206
2.00199
2.00159
2.00165
2.00171
2.00177
2.00185
2.00193
2.00205
2.00202
2.00165
2.0017
2.00175
2.0018
2.00187
2.00194
2.00206
2.00205
2.00165
2.0017
2.00175
2.0018
2.00187
2.00194
2.00206
2.00205
2.00159
2.00165
2.00171
2.00177
2.00185
2.00193
2.00205
2.00202
2.00152
2.00159
2.00165
2.00173
2.00182
2.00191
2.00206
2.00199
2.00145
2.00154
2.00161
2.0017
2.00181
2.00191
2.00209
2.00195
2.0014
2.00151
2.0016
2.00171
2.00184
2.00197
2.00223
2.00204
2.00137
2.00149
2.0016
2.00174
2.0019
2.00208
2.00238
2.00242
2.00028
2.0003
2.00032
2.00035
2.00038
2.00041
2.00047
2.00047
2.00029
2.00031
2.00032
2.00034
2.00037
2.00039
2.00044
2.0004
2.0003
2.00031
2.00033
2.00034
2.00036
2.00038
2.00041
2.00039
2.00031
2.00032
2.00034
2.00035
2.00037
2.00038
2.00041
2.0004
2.00033
2.00034
2.00035
2.00036
2.00037
2.00039
2.00041
2.0004
2.00034
2.00035
2.00036
2.00037
2.00038
2.00039
2.00041
2.00041
2.00034
2.00035
2.00036
2.00037
2.00038
2.00039
2.00041
2.00041
2.00033
2.00034
2.00035
2.00036
2.00037
2.00039
2.00041
2.0004
2.00031
2.00032
2.00034
2.00035
2.00037
2.00038
2.00041
2.0004
2.0003
2.00031
2.00033
2.00034
2.00036
2.00038
2.00041
2.00039
2.00029
2.00031
2.00032
2.00034
2.00037
2.00039
2.00044
2.0004
2.00028
2.0003
2.00032
2.00035
2.00038
2.00041
2.00047
2.00047
1.99952
1.99948
1.99946
1.99942
1.99937
1.99933
1.99923
1.99925
1.99951
1.99948
1.99946
1.99943
1.9994
1.99938
1.99929
1.99941
1.99949
1.99947
1.99946
1.99944
1.99942
1.99941
1.99936
1.99946
1.99947
1.99946
1.99945
1.99943
1.99942
1.99941
1.99938
1.99945
1.99944
1.99944
1.99943
1.99942
1.99941
1.99941
1.99939
1.99944
1.99943
1.99942
1.99942
1.99941
1.99941
1.9994
1.99939
1.99943
1.99943
1.99942
1.99942
1.99941
1.99941
1.9994
1.99939
1.99943
1.99944
1.99944
1.99943
1.99942
1.99941
1.99941
1.99939
1.99944
1.99947
1.99946
1.99945
1.99943
1.99942
1.99941
1.99938
1.99945
1.99949
1.99947
1.99946
1.99944
1.99942
1.99941
1.99936
1.99946
1.99951
1.99948
1.99946
1.99943
1.9994
1.99938
1.99929
1.99941
1.99952
1.99948
1.99946
1.99942
1.99937
1.99933
1.99923
1.99925
1.99777
1.99747
1.99722
1.99691
1.99653
1.99611
1.99545
1.99521
1.99771
1.99745
1.99723
1.99696
1.99663
1.99631
1.9957
1.99591
1.99764
1.99741
1.99722
1.99698
1.99671
1.99643
1.99597
1.9961
1.99753
1.99732
1.99715
1.99694
1.99669
1.99644
1.99603
1.99603
1.9974
1.99722
1.99707
1.99688
1.99665
1.99641
1.99606
1.99599
1.99731
1.99715
1.99701
1.99683
1.99662
1.99639
1.99606
1.99594
1.99731
1.99715
1.99701
1.99683
1.99662
1.99639
1.99606
1.99594
1.9974
1.99722
1.99707
1.99688
1.99665
1.99641
1.99606
1.99599
1.99753
1.99732
1.99715
1.99694
1.99669
1.99644
1.99603
1.99603
1.99764
1.99741
1.99722
1.99698
1.99671
1.99643
1.99597
1.9961
1.99771
1.99745
1.99723
1.99696
1.99663
1.99631
1.9957
1.99591
1.99777
1.99747
1.99722
1.99691
1.99653
1.99611
1.99545
1.9952
1.99446
1.99413
1.99389
1.99355
1.99313
1.99273
1.99174
1.99206
1.99432
1.99409
1.99392
1.9937
1.99341
1.99325
1.99232
1.99398
1.99413
1.99399
1.9939
1.99379
1.99364
1.99363
1.99313
1.99455
1.99385
1.99378
1.99373
1.99368
1.99362
1.99364
1.99332
1.99435
1.99352
1.99352
1.99352
1.99353
1.99353
1.99361
1.99343
1.99424
1.99328
1.99333
1.99336
1.99341
1.99345
1.99354
1.99344
1.99411
1.99328
1.99333
1.99336
1.99341
1.99345
1.99354
1.99344
1.99411
1.99352
1.99352
1.99352
1.99353
1.99353
1.99361
1.99343
1.99424
1.99385
1.99378
1.99373
1.99369
1.99362
1.99364
1.99332
1.99435
1.99413
1.99399
1.9939
1.99379
1.99364
1.99363
1.99313
1.99455
1.99432
1.99409
1.99392
1.9937
1.99341
1.99325
1.99232
1.99398
1.99446
1.99413
1.99389
1.99355
1.99313
1.99273
1.99174
1.99206
1.97277
1.96638
1.96203
1.95594
1.94921
1.94173
1.93197
1.92352
1.97205
1.96612
1.96213
1.95659
1.95048
1.94429
1.93435
1.93411
1.97104
1.96558
1.96198
1.95699
1.95161
1.94623
1.9381
1.93803
1.96954
1.96447
1.96114
1.95652
1.95157
1.94653
1.93929
1.93811
1.96779
1.96312
1.96004
1.95578
1.95121
1.94649
1.94003
1.93814
1.96653
1.96213
1.95922
1.95517
1.95083
1.94627
1.9402
1.9378
1.96653
1.96213
1.95922
1.95517
1.95083
1.94627
1.9402
1.9378
1.96779
1.96312
1.96004
1.95578
1.95121
1.94649
1.94003
1.93814
1.96954
1.96447
1.96114
1.95652
1.95157
1.94653
1.93929
1.93811
1.97104
1.96558
1.96198
1.95699
1.95161
1.94623
1.9381
1.93803
1.97205
1.96612
1.96213
1.95659
1.95048
1.94429
1.93435
1.93411
1.97277
1.96638
1.96203
1.95594
1.94921
1.94173
1.93197
1.92351
1.97568
1.97053
1.96712
1.96234
1.95711
1.95138
1.94387
1.93761
1.97504
1.97034
1.96728
1.96303
1.95839
1.95388
1.94612
1.94756
1.97414
1.96993
1.96726
1.96354
1.9596
1.95586
1.94979
1.95142
1.97281
1.96901
1.96661
1.96327
1.95975
1.95635
1.95111
1.95169
1.97127
1.96788
1.96573
1.96275
1.9596
1.9565
1.95198
1.95187
1.97014
1.96704
1.96506
1.96229
1.95935
1.9564
1.95224
1.95163
1.97014
1.96704
1.96506
1.96229
1.95935
1.9564
1.95224
1.95163
1.97127
1.96788
1.96573
1.96275
1.9596
1.9565
1.95198
1.95187
1.97281
1.96901
1.96661
1.96327
1.95975
1.95635
1.95111
1.95169
1.97414
1.96993
1.96726
1.96354
1.9596
1.95586
1.94979
1.95142
1.97504
1.97034
1.96728
1.96303
1.95839
1.95388
1.94612
1.94756
1.97568
1.97053
1.96712
1.96234
1.95711
1.95138
1.94387
1.9376
2.73224
2.95503
3.10159
3.29695
3.48896
3.75104
3.81808
4.66524
2.72358
2.92918
3.06278
3.23671
3.41043
3.60319
3.74217
4.08637
2.71295
2.90565
3.03019
3.19009
3.35044
3.51145
3.66891
3.84023
2.70226
2.88124
2.99545
3.14043
3.28335
3.41918
3.56035
3.64631
2.69403
2.86455
2.9726
3.10889
3.24149
3.36573
3.49361
3.55345
2.68883
2.85446
2.95886
3.09013
3.21667
3.33465
3.45327
3.50342
2.68693
2.85161
2.95534
3.08572
3.21134
3.32827
3.4461
3.49436
2.68819
2.85575
2.96166
3.09516
3.22482
3.34563
3.47095
3.52393
2.69212
2.86597
2.97654
3.11674
3.2547
3.38464
3.52236
3.59483
2.69777
2.88243
3.00116
3.15336
3.30552
3.45585
3.60726
3.74709
2.70252
2.89798
3.02459
3.1893
3.35412
3.53447
3.67574
3.97156
2.70322
2.91126
3.04714
3.22813
3.40532
3.64489
3.7076
4.45999
2.27014
2.3338
2.37216
2.42935
2.4875
2.56782
2.60896
2.85299
2.26615
2.32503
2.35953
2.41047
2.46246
2.52251
2.57871
2.67699
2.26086
2.31667
2.34885
2.39622
2.44452
2.49602
2.55479
2.60955
2.25574
2.3085
2.33828
2.38214
2.42633
2.47098
2.52723
2.55418
2.25217
2.30301
2.33133
2.37304
2.41463
2.45546
2.50912
2.52166
2.25093
2.30078
2.32835
2.36896
2.4092
2.44817
2.50006
2.50636
2.25246
2.3024
2.33008
2.37081
2.41116
2.45034
2.50207
2.50945
2.25689
2.30807
2.33677
2.37892
2.421
2.46272
2.51599
2.53297
2.26394
2.31727
2.34764
2.39217
2.43702
2.48318
2.53767
2.57381
2.27314
2.33023
2.36371
2.41274
2.46285
2.51854
2.5756
2.65445
2.28307
2.34274
2.37799
2.42983
2.48205
2.54571
2.59009
2.72477
2.29333
2.35931
2.40004
2.46044
2.52191
2.61239
2.64654
2.96062
2.14061
2.16429
2.1817
2.20583
2.23292
2.26629
2.29909
2.36939
2.13852
2.15946
2.17452
2.19518
2.21811
2.24304
2.2743
2.29554
2.13586
2.15516
2.16892
2.18779
2.20859
2.23073
2.25928
2.27478
2.13342
2.1513
2.16389
2.18119
2.20016
2.21998
2.24658
2.25721
2.13184
2.14883
2.1607
2.17703
2.19487
2.21326
2.23858
2.24591
2.13154
2.14808
2.15959
2.17543
2.1927
2.21038
2.23498
2.24084
2.13276
2.14933
2.16086
2.17674
2.19403
2.21181
2.23615
2.24308
2.13556
2.15268
2.16467
2.18115
2.19914
2.21803
2.24262
2.25413
2.13981
2.15786
2.1706
2.1881
2.2072
2.22788
2.25239
2.27163
2.14521
2.16505
2.17931
2.19891
2.22046
2.24522
2.27131
2.30738
2.15104
2.17195
2.18691
2.2075
2.22972
2.25641
2.27723
2.3281
2.15722
2.18182
2.20012
2.22563
2.25412
2.29351
2.32056
2.44193
2.07363
2.08373
2.0914
2.10194
2.11432
2.1289
2.14804
2.17138
2.07267
2.08148
2.088
2.0969
2.10711
2.11798
2.13434
2.13858
2.07149
2.07962
2.08555
2.09367
2.10289
2.11277
2.1269
2.13179
2.07048
2.07811
2.08361
2.09117
2.09971
2.10886
2.12193
2.12667
2.06994
2.07729
2.08254
2.08979
2.09795
2.10666
2.11914
2.12339
2.07005
2.0773
2.08245
2.08959
2.0976
2.10614
2.11837
2.12253
2.07091
2.07824
2.08345
2.09067
2.09876
2.10745
2.11959
2.12458
2.07256
2.08015
2.08561
2.09313
2.10157
2.1108
2.12307
2.1303
2.07491
2.08293
2.08875
2.09674
2.10569
2.11572
2.12797
2.13857
2.07783
2.08665
2.09318
2.10212
2.11222
2.12404
2.13728
2.15489
2.08095
2.09026
2.09713
2.1065
2.11691
2.12929
2.14061
2.16246
2.08428
2.0955
2.10416
2.11609
2.12997
2.14848
2.16567
2.21789
2.0358
2.03992
2.04315
2.04751
2.05273
2.0587
2.06756
2.07542
2.03537
2.03889
2.04155
2.04513
2.04928
2.05356
2.06072
2.06044
2.03485
2.03805
2.04043
2.04364
2.04731
2.05115
2.05706
2.05772
2.03444
2.03743
2.03962
2.04258
2.04595
2.04951
2.05486
2.05592
2.03427
2.03714
2.03922
2.04206
2.04527
2.04867
2.05373
2.05483
2.03441
2.03725
2.0393
2.0421
2.04526
2.04861
2.05355
2.05477
2.03491
2.0378
2.03988
2.04273
2.04594
2.04936
2.05427
2.05595
2.03579
2.03879
2.04099
2.04398
2.04735
2.05102
2.05599
2.0587
2.03699
2.04019
2.04256
2.04576
2.04937
2.0534
2.05839
2.06254
2.03846
2.04202
2.04471
2.04834
2.05247
2.05728
2.0628
2.06987
2.04002
2.04381
2.04668
2.05051
2.05481
2.05983
2.06467
2.07313
2.04167
2.04635
2.05008
2.05513
2.06112
2.06896
2.07709
2.0989
2.01678
2.01868
2.02022
2.02225
2.0247
2.02749
2.03176
2.03504
2.0166
2.01823
2.01951
2.02119
2.02315
2.02519
2.0286
2.0284
2.01639
2.01787
2.01902
2.02054
2.02228
2.02412
2.02694
2.02726
2.01622
2.01762
2.01869
2.0201
2.02172
2.02345
2.02601
2.02662
2.01618
2.01753
2.01855
2.01992
2.02147
2.02314
2.02557
2.02626
2.01627
2.01762
2.01864
2.01999
2.02153
2.02319
2.02557
2.02635
2.01654
2.01791
2.01894
2.02032
2.02189
2.02359
2.02597
2.02697
2.01697
2.0184
2.01949
2.02093
2.02257
2.02439
2.0268
2.02826
2.01755
2.01907
2.02023
2.02178
2.02353
2.0255
2.02795
2.03004
2.01825
2.01992
2.02124
2.02297
2.02495
2.02726
2.02996
2.03328
2.019
2.02077
2.02218
2.02401
2.02609
2.0285
2.03096
2.0348
2.01977
2.02195
2.02374
2.02612
2.02896
2.03262
2.03668
2.04633
2.00734
2.00813
2.00878
2.00964
2.01067
2.01185
2.01367
2.01496
2.00726
2.00794
2.00848
2.00919
2.01001
2.01087
2.01231
2.01216
2.00718
2.00779
2.00828
2.00891
2.00964
2.01041
2.01158
2.01168
2.00711
2.00769
2.00814
2.00873
2.00941
2.01013
2.0112
2.01143
2.0071
2.00767
2.0081
2.00867
2.00932
2.01001
2.01102
2.0113
2.00715
2.00772
2.00815
2.00871
2.00936
2.01005
2.01104
2.01136
2.00728
2.00785
2.00829
2.00887
2.00953
2.01024
2.01123
2.01165
2.00748
2.00807
2.00854
2.00914
2.00983
2.0106
2.01161
2.01222
2.00774
2.00837
2.00887
2.00952
2.01026
2.0111
2.01213
2.013
2.00805
2.00875
2.00931
2.01004
2.01088
2.01186
2.013
2.01437
2.00838
2.00913
2.00973
2.01051
2.0114
2.01242
2.01349
2.01508
2.00872
2.00964
2.01041
2.01142
2.01263
2.01417
2.01595
2.01995
2.00302
2.00334
2.00361
2.00397
2.00439
2.00488
2.00563
2.00615
2.00299
2.00327
2.0035
2.00379
2.00413
2.0045
2.00509
2.00505
2.00295
2.00321
2.00341
2.00368
2.00399
2.00431
2.0048
2.00486
2.00293
2.00317
2.00336
2.00361
2.0039
2.00421
2.00465
2.00477
2.00293
2.00316
2.00335
2.00359
2.00387
2.00416
2.00459
2.00473
2.00295
2.00319
2.00337
2.00361
2.00389
2.00418
2.0046
2.00476
2.00301
2.00325
2.00344
2.00368
2.00396
2.00427
2.00468
2.00488
2.00309
2.00334
2.00354
2.0038
2.00409
2.00442
2.00484
2.00512
2.0032
2.00346
2.00368
2.00395
2.00427
2.00462
2.00506
2.00543
2.00333
2.00362
2.00386
2.00416
2.00452
2.00493
2.00541
2.00598
2.00347
2.00378
2.00403
2.00436
2.00474
2.00517
2.00563
2.00628
2.00361
2.00398
2.0043
2.00472
2.00522
2.00586
2.0066
2.00819
2.00111
2.00123
2.00133
2.00146
2.00162
2.0018
2.00207
2.00226
2.0011
2.0012
2.00129
2.0014
2.00153
2.00166
2.00188
2.00188
2.00109
2.00118
2.00126
2.00136
2.00147
2.0016
2.00177
2.00181
2.00108
2.00117
2.00124
2.00134
2.00144
2.00156
2.00172
2.00178
2.00108
2.00117
2.00124
2.00133
2.00143
2.00155
2.0017
2.00176
2.00109
2.00118
2.00125
2.00134
2.00144
2.00156
2.00171
2.00178
2.00111
2.0012
2.00127
2.00136
2.00147
2.00159
2.00174
2.00182
2.00114
2.00123
2.00131
2.00141
2.00152
2.00164
2.0018
2.00191
2.00118
2.00128
2.00136
2.00146
2.00158
2.00172
2.00188
2.00202
2.00123
2.00134
2.00143
2.00154
2.00167
2.00183
2.00201
2.00221
2.00128
2.00139
2.00149
2.00161
2.00175
2.00192
2.00209
2.00233
2.00133
2.00147
2.00159
2.00174
2.00193
2.00216
2.00244
2.003
2.00023
2.00025
2.00027
2.00029
2.00032
2.00035
2.0004
2.00043
2.00022
2.00024
2.00026
2.00028
2.0003
2.00033
2.00036
2.00036
2.00022
2.00024
2.00025
2.00027
2.00029
2.00031
2.00034
2.00035
2.00022
2.00024
2.00025
2.00027
2.00029
2.00031
2.00034
2.00035
2.00022
2.00024
2.00025
2.00027
2.00028
2.00031
2.00033
2.00034
2.00022
2.00024
2.00025
2.00027
2.00029
2.00031
2.00033
2.00035
2.00023
2.00024
2.00026
2.00027
2.00029
2.00031
2.00034
2.00036
2.00023
2.00025
2.00027
2.00028
2.0003
2.00033
2.00035
2.00037
2.00024
2.00026
2.00028
2.00029
2.00032
2.00034
2.00037
2.0004
2.00025
2.00027
2.00029
2.00031
2.00033
2.00036
2.00039
2.00043
2.00026
2.00028
2.0003
2.00033
2.00035
2.00038
2.00041
2.00046
2.00027
2.0003
2.00032
2.00035
2.00038
2.00043
2.00048
2.00058
1.99961
1.99957
1.99955
1.99951
1.99947
1.99942
1.99933
1.99928
1.99961
1.99958
1.99956
1.99954
1.99951
1.99948
1.99942
1.99945
1.99962
1.99959
1.99958
1.99955
1.99953
1.9995
1.99946
1.99948
1.99962
1.9996
1.99959
1.99957
1.99954
1.99952
1.99949
1.9995
1.99962
1.9996
1.99959
1.99957
1.99955
1.99953
1.9995
1.99951
1.99962
1.9996
1.99959
1.99957
1.99955
1.99953
1.9995
1.99951
1.99961
1.99959
1.99958
1.99956
1.99954
1.99952
1.99949
1.99949
1.9996
1.99958
1.99957
1.99955
1.99952
1.9995
1.99947
1.99946
1.99959
1.99956
1.99955
1.99952
1.9995
1.99947
1.99944
1.99942
1.99957
1.99954
1.99952
1.99949
1.99946
1.99943
1.99939
1.99933
1.99955
1.99952
1.9995
1.99947
1.99943
1.99939
1.99936
1.99929
1.99953
1.99949
1.99946
1.99941
1.99936
1.99929
1.99921
1.999
1.99813
1.99785
1.99761
1.9973
1.99693
1.99651
1.9959
1.99538
1.99815
1.99789
1.99769
1.99742
1.9971
1.99676
1.99625
1.9961
1.99818
1.99793
1.99774
1.99749
1.9972
1.99687
1.99643
1.99623
1.99819
1.99796
1.99778
1.99753
1.99726
1.99695
1.99653
1.9963
1.9982
1.99797
1.99779
1.99755
1.99728
1.99698
1.99658
1.99634
1.99819
1.99796
1.99778
1.99755
1.99728
1.99698
1.99658
1.99633
1.99816
1.99793
1.99775
1.99751
1.99724
1.99693
1.99654
1.99627
1.99812
1.99788
1.99769
1.99745
1.99717
1.99685
1.99645
1.99613
1.99806
1.99781
1.99761
1.99736
1.99706
1.99673
1.99632
1.99594
1.99798
1.99772
1.99751
1.99723
1.99691
1.99654
1.99611
1.9956
1.9979
1.99763
1.99741
1.99712
1.99679
1.9964
1.99599
1.99543
1.99782
1.9975
1.99724
1.99689
1.99648
1.99596
1.99537
1.99419
1.99546
1.99514
1.9949
1.99456
1.99415
1.99368
1.99286
1.99223
1.99552
1.99527
1.99511
1.99488
1.9946
1.99436
1.99376
1.99426
1.99558
1.99538
1.99526
1.99507
1.99486
1.99468
1.99425
1.99462
1.99563
1.99546
1.99536
1.99521
1.99504
1.99489
1.99454
1.99486
1.99565
1.99549
1.9954
1.99527
1.99512
1.99499
1.99468
1.99499
1.99562
1.99547
1.99539
1.99525
1.99511
1.99499
1.9947
1.99498
1.99555
1.99539
1.9953
1.99516
1.99501
1.99488
1.99459
1.99481
1.99542
1.99525
1.99514
1.99499
1.99481
1.99465
1.99435
1.99442
1.99526
1.99505
1.99493
1.99474
1.99454
1.99432
1.99403
1.99389
1.99505
1.9948
1.99463
1.99439
1.99412
1.9938
1.99343
1.99286
1.99484
1.99456
1.99437
1.99411
1.99382
1.99348
1.99322
1.99245
1.99461
1.99422
1.99391
1.99348
1.99297
1.99223
1.99154
1.98892
1.97673
1.97041
1.96611
1.96005
1.95339
1.94564
1.93669
1.92433
1.97701
1.97108
1.96715
1.9616
1.95562
1.94909
1.94082
1.9354
1.97735
1.97164
1.9679
1.9626
1.95694
1.95078
1.94311
1.93808
1.97764
1.97209
1.96849
1.96339
1.95796
1.95208
1.94476
1.94009
1.97778
1.97233
1.96882
1.96383
1.95853
1.95281
1.9457
1.9413
1.97774
1.97233
1.96885
1.9639
1.95865
1.953
1.94599
1.94166
1.97748
1.97204
1.96855
1.96358
1.95831
1.95261
1.94563
1.94105
1.977
1.97147
1.9679
1.96283
1.95744
1.95157
1.94453
1.93922
1.97631
1.97065
1.96696
1.96173
1.95617
1.95003
1.94298
1.93651
1.97544
1.96952
1.9656
1.96005
1.95412
1.94736
1.93998
1.93098
1.97451
1.96843
1.9644
1.95872
1.95268
1.94568
1.93906
1.92809
1.97349
1.96682
1.96221
1.95572
1.9486
1.93958
1.93136
1.90971
1.97943
1.9742
1.97076
1.96587
1.96059
1.95445
1.94764
1.93728
1.97969
1.97483
1.97172
1.96732
1.96264
1.95765
1.95135
1.9476
1.98
1.97536
1.97243
1.96827
1.9639
1.95927
1.95349
1.95026
1.98027
1.9758
1.97302
1.96905
1.96491
1.96056
1.95512
1.95232
1.98041
1.97604
1.97334
1.96949
1.96549
1.96131
1.95608
1.95357
1.98037
1.97604
1.97338
1.96958
1.96564
1.96153
1.95641
1.95398
1.98012
1.97578
1.97311
1.96929
1.96534
1.9612
1.95611
1.95345
1.97965
1.97524
1.9725
1.96859
1.96453
1.96023
1.95509
1.95174
1.97899
1.97445
1.97161
1.96756
1.96335
1.95879
1.95365
1.94919
1.97817
1.97339
1.97033
1.96599
1.96143
1.95629
1.95086
1.94398
1.97729
1.97238
1.96923
1.96477
1.96013
1.95478
1.9501
1.94128
1.97635
1.9709
1.96724
1.96205
1.95643
1.94923
1.9432
1.92443
2.73264
2.95551
3.1021
3.29747
3.48949
3.75113
3.81876
4.66063
2.72489
2.93113
3.06522
3.23978
3.41429
3.60762
3.74911
4.08984
2.71519
2.90884
3.03405
3.19481
3.35609
3.51779
3.67705
3.84551
2.70559
2.88603
3.00128
3.14759
3.29196
3.42917
3.57256
3.65773
2.69864
2.87119
2.98068
3.11884
3.25342
3.37967
3.51011
3.57054
2.69498
2.86338
2.96976
3.10358
3.23282
3.35364
3.47541
3.52773
2.69498
2.86338
2.96976
3.10358
3.23282
3.35364
3.47541
3.52773
2.69864
2.87119
2.98069
3.11884
3.25343
3.37967
3.51009
3.57052
2.70559
2.88603
3.00128
3.1476
3.29197
3.42917
3.57254
3.65771
2.71519
2.90883
3.03405
3.19481
3.35609
3.51779
3.67702
3.8455
2.72488
2.93111
3.06519
3.23974
3.41424
3.60758
3.74905
4.08983
2.73265
2.9556
3.10215
3.29744
3.48939
3.75102
3.8187
4.66056
2.26988
2.33367
2.37214
2.4295
2.4878
2.56874
2.60928
2.85797
2.26528
2.32429
2.35884
2.4099
2.46194
2.52245
2.57761
2.67979
2.25932
2.31535
2.34766
2.39526
2.44377
2.49584
2.55433
2.61224
2.25337
2.30635
2.33622
2.38027
2.42462
2.46967
2.52574
2.55474
2.24882
2.29986
2.32824
2.37013
2.41187
2.45303
2.50668
2.52074
2.24635
2.29637
2.32392
2.36466
2.40497
2.44413
2.49612
2.50325
2.24635
2.29637
2.32392
2.36466
2.40497
2.44413
2.49612
2.50325
2.24882
2.29986
2.32824
2.37013
2.41187
2.45303
2.50668
2.52073
2.25337
2.30635
2.33622
2.38027
2.42462
2.46967
2.52574
2.55473
2.25931
2.31535
2.34766
2.39526
2.44378
2.49584
2.55433
2.61222
2.26528
2.32429
2.35884
2.4099
2.46194
2.52245
2.5776
2.67977
2.26988
2.33366
2.37213
2.42949
2.48779
2.56873
2.60928
2.85802
2.14043
2.16426
2.1818
2.20611
2.23339
2.26741
2.29964
2.37497
2.13791
2.15901
2.17419
2.19503
2.21808
2.24354
2.27377
2.29955
2.13475
2.15435
2.16834
2.18754
2.2087
2.23157
2.25999
2.27933
2.13167
2.14987
2.1627
2.18035
2.19969
2.22016
2.24679
2.26015
2.12931
2.14665
2.15879
2.1755
2.19377
2.2128
2.23843
2.24793
2.12803
2.14493
2.1567
2.17293
2.19063
2.20891
2.23401
2.24137
2.12803
2.14493
2.1567
2.17293
2.19063
2.20891
2.23401
2.24137
2.12931
2.14665
2.15879
2.1755
2.19377
2.2128
2.23843
2.24792
2.13167
2.14987
2.1627
2.18035
2.1997
2.22016
2.24679
2.26014
2.13475
2.15435
2.16834
2.18754
2.2087
2.23158
2.25999
2.27933
2.13791
2.15901
2.17418
2.19502
2.21806
2.24353
2.27376
2.29954
2.14043
2.16427
2.18181
2.20611
2.23338
2.26739
2.29964
2.37501
2.0735
2.0837
2.09146
2.10214
2.11466
2.12972
2.14849
2.17578
2.0722
2.0811
2.08768
2.09667
2.10694
2.11815
2.1337
2.14147
2.07063
2.07891
2.08496
2.09327
2.10269
2.11302
2.12697
2.13479
2.06914
2.0769
2.08249
2.09021
2.0989
2.10839
2.12135
2.12803
2.068
2.07546
2.08078
2.08816
2.09646
2.10543
2.11793
2.12357
2.06739
2.0747
2.07989
2.08709
2.09519
2.1039
2.1162
2.12113
2.06739
2.0747
2.07989
2.08709
2.09519
2.1039
2.1162
2.12113
2.068
2.07546
2.08078
2.08816
2.09646
2.10543
2.11793
2.12356
2.06914
2.0769
2.08249
2.09021
2.09891
2.10839
2.12135
2.12802
2.07063
2.07891
2.08496
2.09327
2.10269
2.11302
2.12698
2.13479
2.0722
2.0811
2.08767
2.09666
2.10694
2.11814
2.13369
2.14146
2.0735
2.0837
2.09146
2.10214
2.11465
2.12971
2.14848
2.17581
2.03571
2.0399
2.04319
2.04764
2.05295
2.05921
2.06788
2.07821
2.03507
2.03864
2.04135
2.04499
2.04919
2.05367
2.06036
2.0623
2.0343
2.0376
2.04006
2.04338
2.04718
2.0513
2.05712
2.05959
2.03359
2.03665
2.0389
2.04196
2.04544
2.0492
2.0545
2.05674
2.03304
2.03598
2.03811
2.04103
2.04432
2.04788
2.05295
2.05487
2.03275
2.03563
2.0377
2.04054
2.04375
2.0472
2.05218
2.05384
2.03275
2.03563
2.0377
2.04054
2.04375
2.0472
2.05218
2.05384
2.03304
2.03598
2.03811
2.04103
2.04432
2.04788
2.05295
2.05487
2.03359
2.03665
2.0389
2.04196
2.04544
2.0492
2.0545
2.05674
2.0343
2.0376
2.04006
2.04338
2.04718
2.0513
2.05712
2.05959
2.03506
2.03864
2.04135
2.04499
2.04918
2.05367
2.06036
2.06229
2.03571
2.03991
2.04319
2.04764
2.05295
2.05921
2.06787
2.07823
2.01673
2.01867
2.02023
2.02232
2.02482
2.02776
2.03194
2.03655
2.01643
2.01809
2.01939
2.02111
2.0231
2.02525
2.02842
2.02941
2.01607
2.01761
2.0188
2.02037
2.02218
2.02417
2.02695
2.02824
2.01574
2.01718
2.01827
2.01973
2.0214
2.02323
2.02577
2.02699
2.01549
2.01687
2.01792
2.01931
2.02091
2.02265
2.02508
2.02617
2.01535
2.01671
2.01773
2.0191
2.02065
2.02234
2.02474
2.02572
2.01535
2.01671
2.01773
2.0191
2.02065
2.02234
2.02474
2.02572
2.01549
2.01687
2.01792
2.01931
2.02091
2.02265
2.02508
2.02617
2.01574
2.01718
2.01827
2.01974
2.0214
2.02324
2.02577
2.02699
2.01607
2.01761
2.0188
2.02037
2.02218
2.02417
2.02695
2.02824
2.01643
2.01809
2.01939
2.02111
2.0231
2.02524
2.02842
2.02941
2.01673
2.01867
2.02024
2.02232
2.02482
2.02776
2.03194
2.03656
2.00731
2.00812
2.00879
2.00967
2.01073
2.01197
2.01376
2.01568
2.00718
2.00787
2.00843
2.00915
2.00999
2.0109
2.01223
2.01265
2.00702
2.00766
2.00816
2.00882
2.00958
2.01042
2.01158
2.01213
2.00687
2.00747
2.00794
2.00855
2.00925
2.01002
2.01107
2.01159
2.00676
2.00734
2.00778
2.00836
2.00903
2.00976
2.01077
2.01123
2.0067
2.00727
2.0077
2.00827
2.00892
2.00963
2.01062
2.01103
2.0067
2.00727
2.0077
2.00827
2.00892
2.00963
2.01062
2.01103
2.00676
2.00734
2.00778
2.00836
2.00903
2.00976
2.01077
2.01123
2.00687
2.00747
2.00794
2.00855
2.00925
2.01002
2.01107
2.01159
2.00702
2.00766
2.00816
2.00883
2.00959
2.01042
2.01158
2.01213
2.00718
2.00787
2.00842
2.00915
2.00999
2.01089
2.01223
2.01265
2.00731
2.00812
2.00879
2.00967
2.01073
2.01197
2.01376
2.01569
2.003
2.00333
2.00361
2.00398
2.00442
2.00493
2.00567
2.00646
2.00295
2.00323
2.00347
2.00377
2.00412
2.00451
2.00506
2.00526
2.00288
2.00315
2.00336
2.00364
2.00396
2.00431
2.0048
2.00505
2.00282
2.00307
2.00327
2.00353
2.00382
2.00415
2.00459
2.00483
2.00278
2.00302
2.00321
2.00345
2.00373
2.00405
2.00447
2.00468
2.00275
2.00299
2.00317
2.00341
2.00369
2.00399
2.00441
2.0046
2.00275
2.00299
2.00317
2.00341
2.00369
2.00399
2.00441
2.0046
2.00278
2.00302
2.00321
2.00345
2.00373
2.00405
2.00447
2.00468
2.00282
2.00307
2.00327
2.00353
2.00382
2.00415
2.00459
2.00483
2.00288
2.00315
2.00336
2.00364
2.00396
2.00431
2.0048
2.00505
2.00295
2.00323
2.00347
2.00377
2.00412
2.00451
2.00506
2.00526
2.003
2.00334
2.00362
2.00398
2.00442
2.00493
2.00567
2.00646
2.0011
2.00122
2.00133
2.00146
2.00163
2.00182
2.00209
2.00237
2.00108
2.00119
2.00128
2.00139
2.00152
2.00167
2.00187
2.00195
2.00106
2.00116
2.00124
2.00134
2.00146
2.0016
2.00177
2.00187
2.00104
2.00113
2.00121
2.0013
2.00141
2.00154
2.0017
2.0018
2.00102
2.00111
2.00118
2.00127
2.00138
2.0015
2.00166
2.00174
2.00101
2.0011
2.00117
2.00126
2.00136
2.00148
2.00163
2.00171
2.00101
2.0011
2.00117
2.00126
2.00136
2.00148
2.00163
2.00171
2.00102
2.00111
2.00118
2.00127
2.00138
2.0015
2.00166
2.00174
2.00104
2.00113
2.00121
2.0013
2.00141
2.00154
2.0017
2.0018
2.00106
2.00116
2.00124
2.00134
2.00146
2.0016
2.00177
2.00187
2.00108
2.00119
2.00128
2.00139
2.00152
2.00167
2.00187
2.00195
2.0011
2.00122
2.00133
2.00146
2.00162
2.00182
2.00209
2.00237
2.00022
2.00025
2.00027
2.00029
2.00032
2.00035
2.0004
2.00045
2.00022
2.00024
2.00026
2.00028
2.0003
2.00033
2.00036
2.00038
2.00022
2.00023
2.00025
2.00027
2.00029
2.00031
2.00034
2.00036
2.00021
2.00023
2.00024
2.00026
2.00028
2.0003
2.00033
2.00035
2.00021
2.00022
2.00024
2.00025
2.00027
2.00029
2.00032
2.00034
2.00021
2.00022
2.00023
2.00025
2.00027
2.00029
2.00032
2.00033
2.00021
2.00022
2.00023
2.00025
2.00027
2.00029
2.00032
2.00033
2.00021
2.00022
2.00024
2.00025
2.00027
2.00029
2.00032
2.00034
2.00021
2.00023
2.00024
2.00026
2.00028
2.0003
2.00033
2.00035
2.00022
2.00023
2.00025
2.00027
2.00029
2.00031
2.00034
2.00036
2.00022
2.00024
2.00026
2.00028
2.0003
2.00033
2.00036
2.00038
2.00022
2.00025
2.00027
2.00029
2.00032
2.00035
2.0004
2.00045
1.99961
1.99957
1.99954
1.99951
1.99946
1.99941
1.99933
1.99924
1.99962
1.99959
1.99957
1.99954
1.99951
1.99947
1.99942
1.99942
1.99962
1.9996
1.99958
1.99956
1.99953
1.9995
1.99946
1.99946
1.99963
1.99961
1.9996
1.99958
1.99955
1.99953
1.99949
1.99949
1.99964
1.99962
1.99961
1.99959
1.99957
1.99954
1.99951
1.99951
1.99964
1.99962
1.99961
1.99959
1.99957
1.99955
1.99952
1.99953
1.99964
1.99962
1.99961
1.99959
1.99957
1.99955
1.99952
1.99953
1.99964
1.99962
1.99961
1.99959
1.99957
1.99954
1.99951
1.99951
1.99963
1.99961
1.9996
1.99958
1.99955
1.99953
1.99949
1.99949
1.99962
1.9996
1.99958
1.99956
1.99953
1.9995
1.99946
1.99946
1.99962
1.99959
1.99957
1.99954
1.99951
1.99947
1.99942
1.99942
1.99961
1.99957
1.99954
1.99951
1.99946
1.99941
1.99933
1.99924
1.99814
1.99785
1.99761
1.99729
1.99692
1.99648
1.99589
1.99522
1.99817
1.99791
1.9977
1.99743
1.99711
1.99675
1.99627
1.996
1.99821
1.99796
1.99777
1.99751
1.99721
1.99687
1.99643
1.99613
1.99824
1.99801
1.99782
1.99757
1.99729
1.99697
1.99656
1.99627
1.99827
1.99804
1.99786
1.99762
1.99735
1.99704
1.99663
1.99636
1.99829
1.99806
1.99788
1.99764
1.99737
1.99707
1.99667
1.9964
1.99829
1.99806
1.99788
1.99764
1.99737
1.99707
1.99667
1.9964
1.99827
1.99804
1.99786
1.99762
1.99735
1.99704
1.99663
1.99636
1.99824
1.99801
1.99782
1.99757
1.99729
1.99697
1.99656
1.99627
1.99821
1.99796
1.99777
1.99751
1.99721
1.99687
1.99643
1.99613
1.99817
1.99791
1.9977
1.99743
1.99711
1.99675
1.99627
1.996
1.99814
1.99785
1.99761
1.99729
1.99692
1.99648
1.99589
1.99522
1.99548
1.99514
1.99489
1.99454
1.99411
1.9936
1.99281
1.99179
1.99557
1.99531
1.99514
1.9949
1.99462
1.99434
1.99382
1.99396
1.99567
1.99545
1.99531
1.99511
1.99488
1.99465
1.99424
1.99432
1.99577
1.99558
1.99547
1.9953
1.99512
1.99494
1.9946
1.99473
1.99584
1.99567
1.99558
1.99543
1.99527
1.99511
1.99481
1.99499
1.99588
1.99572
1.99563
1.99549
1.99534
1.99521
1.99491
1.99513
1.99588
1.99572
1.99563
1.99549
1.99534
1.99521
1.99491
1.99513
1.99584
1.99567
1.99558
1.99543
1.99527
1.99511
1.9948
1.99499
1.99577
1.99558
1.99547
1.9953
1.99512
1.99494
1.9946
1.99473
1.99567
1.99545
1.99531
1.99511
1.99488
1.99465
1.99424
1.99432
1.99557
1.99531
1.99514
1.9949
1.99462
1.99434
1.99382
1.99396
1.99548
1.99514
1.99489
1.99454
1.99411
1.99359
1.99281
1.99179
1.97677
1.97042
1.9661
1.95999
1.95329
1.9454
1.93657
1.923
1.97716
1.97121
1.96726
1.9617
1.9557
1.94908
1.94109
1.93461
1.97762
1.97187
1.96809
1.96275
1.95703
1.95074
1.94314
1.93722
1.97805
1.97247
1.96885
1.96371
1.95823
1.95226
1.94499
1.93974
1.97838
1.9729
1.96937
1.96434
1.95901
1.95322
1.94611
1.9413
1.97855
1.97312
1.96964
1.96467
1.95941
1.95371
1.94669
1.94212
1.97855
1.97312
1.96964
1.96467
1.95941
1.95371
1.94669
1.94212
1.97838
1.9729
1.96937
1.96434
1.95901
1.95322
1.94612
1.9413
1.97805
1.97247
1.96885
1.96371
1.95823
1.95226
1.94499
1.93974
1.97762
1.97187
1.96809
1.96275
1.95703
1.95074
1.94314
1.93722
1.97716
1.97121
1.96726
1.9617
1.9557
1.94909
1.94109
1.93461
1.97677
1.97042
1.96609
1.95999
1.95329
1.9454
1.93656
1.923
1.97947
1.97421
1.97074
1.96581
1.96048
1.9542
1.9475
1.93594
1.97983
1.97494
1.97181
1.96737
1.96267
1.95757
1.9515
1.94668
1.98027
1.97557
1.9726
1.96837
1.96393
1.95915
1.95341
1.94929
1.98068
1.97616
1.97333
1.9693
1.96511
1.96064
1.95521
1.95182
1.98099
1.97657
1.97384
1.96993
1.96587
1.96159
1.95632
1.95339
1.98116
1.9768
1.97411
1.97025
1.96627
1.96208
1.9569
1.95422
1.98116
1.9768
1.97411
1.97025
1.96627
1.96208
1.9569
1.95422
1.98099
1.97657
1.97384
1.96993
1.96587
1.96159
1.95632
1.95339
1.98068
1.97616
1.97333
1.9693
1.96511
1.96064
1.95521
1.95182
1.98027
1.97557
1.9726
1.96837
1.96393
1.95915
1.95341
1.94929
1.97983
1.97494
1.97181
1.96737
1.96268
1.95758
1.95151
1.94668
1.97947
1.97421
1.97073
1.96581
1.96048
1.95419
1.9475
1.93593
2.70322
2.91121
3.0471
3.22814
3.40536
3.64493
3.70762
4.45999
2.70252
2.89798
3.0246
3.18931
3.35413
3.53448
3.67576
3.97157
2.69777
2.88242
3.00115
3.15334
3.3055
3.45583
3.60726
3.74709
2.69211
2.86596
2.97653
3.11673
3.25468
3.38462
3.52235
3.59483
2.68819
2.85574
2.96165
3.09515
3.22481
3.34562
3.47095
3.52393
2.68692
2.85161
2.95533
3.08572
3.21133
3.32826
3.4461
3.49436
2.68883
2.85446
2.95886
3.09013
3.21667
3.33465
3.45326
3.50341
2.69403
2.86456
2.9726
3.1089
3.2415
3.36574
3.49361
3.55345
2.70226
2.88125
2.99546
3.14045
3.28337
3.4192
3.56036
3.64631
2.71295
2.90565
3.0302
3.19011
3.35047
3.51148
3.66893
3.84024
2.72358
2.92917
3.06276
3.23668
3.41041
3.60317
3.74214
4.08637
2.73225
2.95513
3.10165
3.29694
3.48888
3.75096
3.81804
4.66519
2.29333
2.35932
2.40004
2.46044
2.52192
2.61239
2.64652
2.9606
2.28307
2.34274
2.37799
2.42982
2.48204
2.5457
2.59008
2.72478
2.27314
2.33023
2.3637
2.41273
2.46284
2.51852
2.57559
2.65445
2.26394
2.31726
2.34763
2.39216
2.43701
2.48317
2.53766
2.5738
2.25689
2.30807
2.33677
2.37892
2.421
2.46271
2.51599
2.53296
2.25246
2.3024
2.33008
2.37081
2.41116
2.45034
2.50207
2.50945
2.25093
2.30078
2.32835
2.36896
2.4092
2.44817
2.50007
2.50637
2.25217
2.30301
2.33133
2.37304
2.41464
2.45547
2.50913
2.52167
2.25574
2.3085
2.33829
2.38215
2.42634
2.471
2.52725
2.55419
2.26086
2.31668
2.34886
2.39624
2.44454
2.49605
2.55481
2.60956
2.26615
2.32504
2.35954
2.41047
2.46248
2.52253
2.57873
2.677
2.27014
2.33379
2.37216
2.42934
2.4875
2.56782
2.60899
2.85303
2.15722
2.18181
2.20012
2.22564
2.25413
2.29353
2.32057
2.44193
2.15104
2.17195
2.18691
2.20751
2.22973
2.25643
2.27724
2.32811
2.14521
2.16505
2.1793
2.19891
2.22045
2.24522
2.2713
2.30738
2.1398
2.15786
2.1706
2.1881
2.20719
2.22787
2.25238
2.27163
2.13556
2.15268
2.16467
2.18115
2.19914
2.21802
2.24261
2.25412
2.13276
2.14933
2.16086
2.17674
2.19403
2.21181
2.23615
2.24308
2.13154
2.14808
2.15959
2.17544
2.19271
2.21038
2.23498
2.24084
2.13184
2.14883
2.1607
2.17703
2.19488
2.21326
2.23859
2.24591
2.13342
2.1513
2.16389
2.18119
2.20017
2.21999
2.24659
2.25722
2.13586
2.15517
2.16893
2.18779
2.2086
2.23074
2.2593
2.27479
2.13852
2.15946
2.17452
2.19517
2.2181
2.24303
2.27429
2.29553
2.14061
2.1643
2.18172
2.20582
2.23291
2.26628
2.29909
2.36941
2.08428
2.09549
2.10416
2.11609
2.12998
2.14849
2.16567
2.21789
2.08095
2.09026
2.09713
2.1065
2.11692
2.1293
2.14061
2.16246
2.07783
2.08665
2.09318
2.10212
2.11221
2.12404
2.13727
2.15488
2.07491
2.08293
2.08874
2.09673
2.10569
2.11571
2.12797
2.13857
2.07256
2.08015
2.08561
2.09312
2.10157
2.1108
2.12306
2.13029
2.07091
2.07824
2.08345
2.09066
2.09876
2.10745
2.11959
2.12458
2.07005
2.0773
2.08245
2.08959
2.0976
2.10614
2.11837
2.12253
2.06994
2.07729
2.08254
2.08979
2.09795
2.10666
2.11914
2.12339
2.07049
2.07812
2.08361
2.09118
2.09972
2.10887
2.12193
2.12667
2.07149
2.07962
2.08555
2.09368
2.1029
2.11277
2.12691
2.1318
2.07267
2.08148
2.088
2.09689
2.10711
2.11797
2.13434
2.13857
2.07363
2.08373
2.0914
2.10194
2.11431
2.12889
2.14804
2.1714
2.04167
2.04635
2.05008
2.05513
2.06112
2.06897
2.0771
2.0989
2.04002
2.04381
2.04668
2.05051
2.05481
2.05984
2.06468
2.07313
2.03846
2.04202
2.04471
2.04834
2.05247
2.05728
2.06279
2.06987
2.03699
2.04019
2.04256
2.04576
2.04936
2.05339
2.05839
2.06254
2.03579
2.03879
2.04099
2.04398
2.04735
2.05102
2.05599
2.0587
2.03491
2.0378
2.03988
2.04273
2.04593
2.04936
2.05427
2.05595
2.03441
2.03725
2.0393
2.0421
2.04526
2.04861
2.05355
2.05478
2.03427
2.03714
2.03923
2.04206
2.04527
2.04867
2.05373
2.05483
2.03444
2.03743
2.03962
2.04258
2.04595
2.04952
2.05486
2.05592
2.03485
2.03805
2.04043
2.04364
2.04731
2.05116
2.05706
2.05772
2.03537
2.03889
2.04155
2.04512
2.04928
2.05355
2.06071
2.06043
2.0358
2.03993
2.04316
2.04751
2.05273
2.0587
2.06756
2.07544
2.01977
2.02195
2.02374
2.02612
2.02896
2.03263
2.03668
2.04633
2.019
2.02078
2.02218
2.02401
2.02609
2.0285
2.03096
2.0348
2.01825
2.01992
2.02124
2.02297
2.02495
2.02726
2.02996
2.03328
2.01755
2.01907
2.02023
2.02178
2.02353
2.0255
2.02794
2.03004
2.01697
2.0184
2.01949
2.02093
2.02257
2.02439
2.0268
2.02826
2.01654
2.01791
2.01894
2.02032
2.02189
2.02359
2.02596
2.02697
2.01627
2.01762
2.01864
2.01999
2.02153
2.02319
2.02557
2.02635
2.01618
2.01753
2.01856
2.01992
2.02147
2.02314
2.02557
2.02626
2.01623
2.01762
2.01869
2.0201
2.02172
2.02345
2.02601
2.02662
2.01639
2.01787
2.01902
2.02054
2.02228
2.02412
2.02694
2.02726
2.0166
2.01823
2.01951
2.02119
2.02315
2.02519
2.0286
2.0284
2.01678
2.01869
2.02022
2.02225
2.0247
2.02749
2.03176
2.03505
2.00872
2.00964
2.01041
2.01142
2.01263
2.01418
2.01595
2.01995
2.00838
2.00913
2.00973
2.01051
2.0114
2.01242
2.01349
2.01508
2.00805
2.00875
2.00931
2.01004
2.01088
2.01186
2.013
2.01437
2.00774
2.00837
2.00887
2.00952
2.01026
2.0111
2.01213
2.013
2.00748
2.00807
2.00854
2.00914
2.00983
2.0106
2.01161
2.01222
2.00728
2.00785
2.00829
2.00887
2.00953
2.01024
2.01123
2.01165
2.00715
2.00772
2.00815
2.00871
2.00936
2.01005
2.01104
2.01136
2.0071
2.00767
2.0081
2.00867
2.00932
2.01002
2.01102
2.0113
2.00711
2.00769
2.00815
2.00874
2.00941
2.01013
2.0112
2.01143
2.00718
2.00779
2.00828
2.00891
2.00964
2.01041
2.01158
2.01168
2.00726
2.00794
2.00848
2.00919
2.01001
2.01087
2.0123
2.01216
2.00734
2.00813
2.00878
2.00964
2.01067
2.01185
2.01367
2.01497
2.00361
2.00398
2.0043
2.00472
2.00522
2.00586
2.0066
2.00819
2.00347
2.00378
2.00403
2.00436
2.00474
2.00517
2.00563
2.00628
2.00333
2.00362
2.00386
2.00416
2.00452
2.00493
2.00541
2.00598
2.0032
2.00346
2.00368
2.00395
2.00427
2.00462
2.00506
2.00543
2.00309
2.00334
2.00354
2.0038
2.00409
2.00441
2.00484
2.00512
2.00301
2.00325
2.00343
2.00368
2.00396
2.00427
2.00468
2.00488
2.00295
2.00319
2.00337
2.00361
2.00389
2.00418
2.0046
2.00476
2.00293
2.00316
2.00335
2.00359
2.00387
2.00417
2.00459
2.00473
2.00293
2.00317
2.00336
2.00361
2.0039
2.00421
2.00465
2.00477
2.00295
2.00321
2.00342
2.00368
2.00399
2.00431
2.0048
2.00486
2.00299
2.00327
2.0035
2.00379
2.00413
2.0045
2.00509
2.00505
2.00302
2.00334
2.00361
2.00397
2.00439
2.00488
2.00563
2.00615
2.00133
2.00147
2.00159
2.00174
2.00193
2.00216
2.00244
2.003
2.00128
2.00139
2.00149
2.00161
2.00175
2.00192
2.00209
2.00233
2.00123
2.00134
2.00143
2.00154
2.00167
2.00183
2.00201
2.00221
2.00118
2.00128
2.00136
2.00146
2.00158
2.00172
2.00188
2.00202
2.00114
2.00123
2.00131
2.00141
2.00152
2.00164
2.0018
2.00191
2.00111
2.0012
2.00127
2.00136
2.00147
2.00159
2.00174
2.00182
2.00109
2.00118
2.00125
2.00134
2.00144
2.00156
2.00171
2.00178
2.00108
2.00117
2.00124
2.00133
2.00143
2.00155
2.0017
2.00176
2.00108
2.00117
2.00124
2.00134
2.00144
2.00156
2.00172
2.00178
2.00109
2.00118
2.00126
2.00136
2.00147
2.0016
2.00178
2.00181
2.0011
2.0012
2.00129
2.0014
2.00153
2.00166
2.00188
2.00188
2.00111
2.00123
2.00133
2.00146
2.00162
2.0018
2.00207
2.00226
2.00027
2.0003
2.00032
2.00035
2.00038
2.00043
2.00048
2.00058
2.00026
2.00028
2.0003
2.00033
2.00035
2.00038
2.00041
2.00046
2.00025
2.00027
2.00029
2.00031
2.00033
2.00036
2.00039
2.00043
2.00024
2.00026
2.00028
2.00029
2.00032
2.00034
2.00037
2.0004
2.00023
2.00025
2.00027
2.00028
2.0003
2.00033
2.00035
2.00037
2.00023
2.00024
2.00026
2.00027
2.00029
2.00031
2.00034
2.00036
2.00022
2.00024
2.00025
2.00027
2.00029
2.00031
2.00033
2.00035
2.00022
2.00024
2.00025
2.00027
2.00028
2.00031
2.00033
2.00034
2.00022
2.00024
2.00025
2.00027
2.00029
2.00031
2.00034
2.00035
2.00022
2.00024
2.00025
2.00027
2.00029
2.00031
2.00034
2.00035
2.00022
2.00024
2.00026
2.00028
2.0003
2.00033
2.00036
2.00036
2.00023
2.00025
2.00027
2.00029
2.00032
2.00035
2.0004
2.00043
1.99953
1.99949
1.99946
1.99941
1.99936
1.99929
1.99921
1.999
1.99955
1.99952
1.9995
1.99947
1.99943
1.99939
1.99936
1.99929
1.99957
1.99954
1.99952
1.99949
1.99946
1.99943
1.99939
1.99933
1.99959
1.99956
1.99955
1.99952
1.9995
1.99947
1.99944
1.99942
1.9996
1.99958
1.99957
1.99955
1.99952
1.9995
1.99947
1.99946
1.99961
1.99959
1.99958
1.99956
1.99954
1.99952
1.99949
1.99949
1.99962
1.9996
1.99959
1.99957
1.99955
1.99953
1.9995
1.99951
1.99962
1.9996
1.99959
1.99957
1.99955
1.99953
1.9995
1.99951
1.99962
1.9996
1.99959
1.99957
1.99954
1.99952
1.99949
1.9995
1.99962
1.99959
1.99958
1.99955
1.99953
1.9995
1.99946
1.99948
1.99961
1.99958
1.99956
1.99954
1.99951
1.99948
1.99942
1.99945
1.99961
1.99957
1.99955
1.99951
1.99947
1.99942
1.99933
1.99928
1.99782
1.9975
1.99724
1.99689
1.99648
1.99596
1.99537
1.99419
1.9979
1.99763
1.99741
1.99712
1.99679
1.9964
1.99599
1.99543
1.99798
1.99772
1.99751
1.99723
1.99691
1.99654
1.99611
1.9956
1.99806
1.99781
1.99761
1.99736
1.99706
1.99673
1.99632
1.99594
1.99812
1.99788
1.99769
1.99745
1.99717
1.99685
1.99645
1.99613
1.99816
1.99793
1.99775
1.99751
1.99724
1.99693
1.99654
1.99627
1.99819
1.99796
1.99778
1.99755
1.99728
1.99698
1.99658
1.99633
1.9982
1.99797
1.99779
1.99755
1.99728
1.99698
1.99658
1.99634
1.99819
1.99796
1.99778
1.99753
1.99726
1.99695
1.99653
1.9963
1.99818
1.99793
1.99774
1.99749
1.9972
1.99687
1.99643
1.99623
1.99815
1.99789
1.99769
1.99742
1.9971
1.99676
1.99625
1.9961
1.99813
1.99784
1.99761
1.9973
1.99693
1.99651
1.9959
1.99538
1.99461
1.99422
1.99391
1.99349
1.99297
1.99223
1.99154
1.98893
1.99484
1.99456
1.99437
1.99411
1.99382
1.99348
1.99322
1.99245
1.99505
1.9948
1.99463
1.99439
1.99412
1.9938
1.99343
1.99286
1.99526
1.99505
1.99493
1.99474
1.99454
1.99432
1.99403
1.99389
1.99542
1.99525
1.99514
1.99499
1.99481
1.99465
1.99435
1.99442
1.99555
1.99539
1.9953
1.99516
1.99501
1.99488
1.99459
1.99481
1.99562
1.99547
1.99539
1.99525
1.99511
1.99499
1.9947
1.99498
1.99565
1.99549
1.9954
1.99527
1.99512
1.99499
1.99468
1.99499
1.99563
1.99546
1.99536
1.99521
1.99504
1.99489
1.99454
1.99486
1.99558
1.99538
1.99526
1.99507
1.99486
1.99468
1.99425
1.99462
1.99552
1.99527
1.99511
1.99488
1.9946
1.99436
1.99376
1.99426
1.99546
1.99514
1.9949
1.99456
1.99415
1.99367
1.99286
1.99223
1.97349
1.96682
1.96222
1.95572
1.9486
1.93958
1.93137
1.90971
1.97451
1.96843
1.9644
1.95872
1.95268
1.94568
1.93906
1.92808
1.97544
1.96952
1.9656
1.96006
1.95412
1.94736
1.93998
1.93098
1.97631
1.97065
1.96696
1.96173
1.95617
1.95003
1.94298
1.93651
1.977
1.97147
1.9679
1.96283
1.95745
1.95157
1.94454
1.93922
1.97748
1.97204
1.96855
1.96358
1.95831
1.95261
1.94563
1.94105
1.97774
1.97233
1.96885
1.9639
1.95865
1.953
1.94599
1.94166
1.97778
1.97233
1.96882
1.96383
1.95853
1.95281
1.9457
1.9413
1.97764
1.97209
1.96849
1.96339
1.95796
1.95208
1.94476
1.94009
1.97735
1.97164
1.9679
1.9626
1.95693
1.95078
1.9431
1.93808
1.97701
1.97108
1.96715
1.96161
1.95562
1.94909
1.94082
1.93541
1.97673
1.9704
1.96611
1.96005
1.95339
1.94563
1.93669
1.92433
1.97635
1.9709
1.96724
1.96205
1.95644
1.94924
1.9432
1.92443
1.97729
1.97238
1.96923
1.96477
1.96013
1.95478
1.9501
1.94128
1.97817
1.97339
1.97033
1.96599
1.96143
1.95629
1.95086
1.94398
1.97899
1.97445
1.97161
1.96756
1.96335
1.95879
1.95365
1.94919
1.97965
1.97524
1.9725
1.96859
1.96454
1.96023
1.95509
1.95174
1.98012
1.97578
1.97311
1.96929
1.96534
1.9612
1.95611
1.95345
1.98037
1.97604
1.97338
1.96958
1.96564
1.96153
1.95641
1.95398
1.98041
1.97604
1.97334
1.96949
1.96549
1.96131
1.95608
1.95357
1.98027
1.9758
1.97302
1.96905
1.96491
1.96056
1.95512
1.95232
1.98
1.97536
1.97243
1.96827
1.9639
1.95927
1.95349
1.95026
1.97969
1.97483
1.97172
1.96732
1.96265
1.95766
1.95135
1.9476
1.97943
1.9742
1.97075
1.96587
1.96059
1.95445
1.94764
1.93727
3.2711
3.25406
3.3979
3.41554
3.4544
3.46373
3.46374
3.45442
3.41556
3.39793
3.25408
3.27113
3.44246
3.607
3.6702
3.73556
3.75898
3.76942
3.76943
3.75898
3.73557
3.67021
3.60706
3.44253
3.51102
3.70033
3.80202
3.86039
3.89198
3.90333
3.90333
3.89198
3.86039
3.80202
3.70034
3.51106
3.57184
3.82242
3.90802
3.97397
3.99948
4.00941
4.00941
3.99948
3.97397
3.90802
3.82243
3.57187
3.61526
3.88615
3.97612
4.03928
4.06179
4.06989
4.06989
4.06179
4.03927
3.97612
3.88615
3.61527
3.63629
3.92549
4.01579
4.08019
4.10175
4.10942
4.10942
4.10175
4.08019
4.01579
3.92549
3.63629
3.6417
3.93765
4.0315
4.09972
4.12397
4.1331
4.1331
4.12397
4.09972
4.0315
3.93766
3.64171
3.63269
3.92275
4.02316
4.09769
4.12831
4.14085
4.14084
4.12831
4.09769
4.02317
3.92275
3.63269
3.59241
3.88151
3.98407
4.07001
4.10955
4.12723
4.12723
4.10955
4.07002
3.98408
3.88152
3.59239
3.55634
3.78646
3.90909
3.99294
4.04261
4.0642
4.0642
4.04261
3.99295
3.9091
3.78646
3.55631
3.43178
3.69745
3.79137
3.89507
3.94543
3.97109
3.97109
3.94543
3.89508
3.79139
3.69742
3.43173
3.36157
3.45044
3.57104
3.6133
3.65756
3.67201
3.67201
3.65755
3.6133
3.57105
3.45043
3.36156
2.58399
2.66582
2.64137
2.66469
2.66723
2.66994
2.66994
2.66724
2.66471
2.6414
2.66586
2.58403
2.52394
2.72003
2.75336
2.80834
2.83618
2.8517
2.8517
2.83618
2.80834
2.75336
2.72004
2.52398
2.60005
2.75884
2.83626
2.9019
2.94179
2.96197
2.96197
2.9418
2.9019
2.83627
2.75885
2.60007
2.61149
2.79492
2.89098
2.97271
3.02251
3.04768
3.04768
3.02251
2.97271
2.89098
2.79492
2.61149
2.63709
2.81588
2.92774
3.01637
3.07207
3.09997
3.09997
3.07207
3.01637
2.92774
2.81588
2.63709
2.64608
2.82612
2.94442
3.03674
3.0952
3.12442
3.12442
3.0952
3.03674
2.94442
2.82612
2.64608
2.6468
2.82419
2.9423
3.03388
3.092
3.12103
3.12103
3.09199
3.03388
2.9423
2.82419
2.6468
2.63785
2.80964
2.92102
3.00759
3.06236
3.08973
3.08973
3.06236
3.00759
2.92102
2.80964
2.63784
2.62068
2.78523
2.88071
2.95809
3.00613
3.03029
3.03029
3.00612
2.95808
2.88071
2.78522
2.62068
2.59609
2.73946
2.81786
2.87956
2.91869
2.93825
2.93825
2.91868
2.87955
2.81785
2.73945
2.59607
2.57866
2.70973
2.73955
2.78392
2.8071
2.82001
2.82001
2.8071
2.78392
2.73954
2.70972
2.57863
2.55943
2.57277
2.5938
2.61715
2.63466
2.64354
2.64354
2.63465
2.61714
2.59379
2.57274
2.5594
2.33498
2.37937
2.33444
2.33615
2.32612
2.32304
2.32304
2.32613
2.33616
2.33445
2.37939
2.33499
2.26192
2.37934
2.3867
2.40927
2.41893
2.42467
2.42467
2.41893
2.40927
2.38669
2.37935
2.26195
2.30144
2.39351
2.43023
2.4632
2.48162
2.49106
2.49106
2.48162
2.4632
2.43023
2.39351
2.30146
2.29712
2.40393
2.45696
2.50219
2.52904
2.54247
2.54247
2.52904
2.50219
2.45696
2.40393
2.29713
2.30735
2.41109
2.47556
2.52703
2.5589
2.5747
2.5747
2.5589
2.52703
2.47556
2.41109
2.30735
2.31108
2.41498
2.48457
2.53917
2.57349
2.59047
2.59047
2.57349
2.53917
2.48457
2.41498
2.31108
2.31302
2.41476
2.48452
2.53876
2.573
2.58993
2.58993
2.573
2.53876
2.48452
2.41475
2.31302
2.31223
2.40996
2.475
2.52546
2.55716
2.57284
2.57284
2.55716
2.52546
2.475
2.40996
2.31223
2.31106
2.4021
2.4562
2.49905
2.52547
2.53863
2.53863
2.52547
2.49905
2.4562
2.4021
2.31106
2.30809
2.38541
2.42498
2.45596
2.47496
2.48455
2.48454
2.47496
2.45596
2.42498
2.3854
2.30808
2.31677
2.37838
2.38617
2.40231
2.41016
2.41483
2.41483
2.41016
2.40231
2.38617
2.37837
2.31676
2.32339
2.31016
2.30621
2.30871
2.3113
2.31325
2.31324
2.31129
2.30871
2.3062
2.31014
2.32338
2.18864
2.21212
2.18448
2.18403
2.17763
2.17564
2.17564
2.17763
2.18403
2.1845
2.21214
2.18865
2.14275
2.20789
2.21234
2.22463
2.23027
2.23364
2.23364
2.23027
2.22463
2.21234
2.20789
2.14277
2.16087
2.21381
2.23598
2.2563
2.26824
2.27451
2.27451
2.26824
2.25631
2.23599
2.21382
2.16088
2.15609
2.21717
2.25038
2.27923
2.29744
2.30677
2.30677
2.29744
2.27923
2.25038
2.21716
2.15609
2.15956
2.21951
2.26009
2.29388
2.31608
2.32741
2.32741
2.31608
2.29388
2.26009
2.21951
2.15956
2.16061
2.22043
2.26432
2.30044
2.32455
2.33684
2.33684
2.32455
2.30044
2.26432
2.22043
2.16061
2.16137
2.21944
2.26314
2.29876
2.32261
2.33475
2.33475
2.32261
2.29876
2.26314
2.21944
2.16138
2.16141
2.21632
2.25641
2.28876
2.31023
2.32116
2.32116
2.31024
2.28876
2.25641
2.21632
2.16141
2.16222
2.2119
2.2445
2.27073
2.28777
2.29644
2.29644
2.28777
2.27073
2.2445
2.2119
2.16222
2.1625
2.20354
2.22595
2.24358
2.25473
2.26047
2.26047
2.25473
2.24358
2.22595
2.20353
2.1625
2.17043
2.19977
2.20357
2.21086
2.21456
2.2168
2.2168
2.21456
2.21086
2.20357
2.19977
2.17042
2.17608
2.1643
2.15985
2.15887
2.1587
2.15904
2.15904
2.1587
2.15886
2.15985
2.16428
2.17607
2.08895
2.09962
2.08549
2.08446
2.08095
2.07975
2.07975
2.08095
2.08447
2.08549
2.09963
2.08895
2.0656
2.09664
2.09811
2.10319
2.10532
2.10662
2.10662
2.10532
2.10319
2.09811
2.09664
2.06561
2.07322
2.09845
2.10847
2.11758
2.12283
2.12557
2.12557
2.12283
2.11759
2.10847
2.09846
2.07322
2.07032
2.09906
2.11448
2.12783
2.13624
2.14054
2.14054
2.13624
2.12783
2.11448
2.09906
2.07032
2.07139
2.09945
2.11837
2.13424
2.14472
2.15007
2.15007
2.14472
2.13424
2.11838
2.09945
2.07139
2.07167
2.09945
2.11994
2.13697
2.14843
2.1543
2.1543
2.14843
2.13697
2.11994
2.09945
2.07167
2.07206
2.09887
2.11923
2.13598
2.14728
2.15306
2.15306
2.14728
2.13598
2.11923
2.09887
2.07206
2.07237
2.0976
2.11618
2.13123
2.14127
2.14639
2.14639
2.14127
2.13123
2.11619
2.0976
2.07237
2.07331
2.09597
2.11094
2.12285
2.13059
2.13453
2.13453
2.13059
2.12285
2.11094
2.09597
2.07331
2.07415
2.09272
2.10271
2.11034
2.1151
2.11753
2.11753
2.1151
2.11034
2.10271
2.09271
2.07414
2.07891
2.09149
2.09267
2.09525
2.09643
2.09717
2.09717
2.09643
2.09525
2.09267
2.09149
2.07891
2.08199
2.07496
2.07237
2.07113
2.07058
2.07049
2.07049
2.07058
2.07113
2.07237
2.07495
2.08198
2.04295
2.04776
2.04139
2.04084
2.03928
2.03874
2.03874
2.03928
2.04085
2.04139
2.04777
2.04295
2.0322
2.04662
2.04757
2.05
2.0511
2.05174
2.05174
2.0511
2.05
2.04757
2.04662
2.0322
2.03542
2.04751
2.05254
2.05705
2.05971
2.06109
2.06109
2.05971
2.05705
2.05255
2.04751
2.03542
2.03409
2.04782
2.05549
2.06209
2.06632
2.06849
2.06849
2.06632
2.06209
2.05549
2.04782
2.03409
2.03447
2.04799
2.05736
2.06523
2.07051
2.07322
2.07322
2.07051
2.06523
2.05736
2.04799
2.03447
2.03456
2.04795
2.05807
2.06653
2.07229
2.07526
2.07526
2.07229
2.06653
2.05807
2.04795
2.03456
2.03471
2.0476
2.05764
2.06594
2.07162
2.07454
2.07454
2.07162
2.06594
2.05764
2.0476
2.03471
2.03484
2.04692
2.05605
2.06348
2.0685
2.07108
2.07108
2.0685
2.06348
2.05605
2.04692
2.03484
2.03529
2.04603
2.05338
2.05923
2.06308
2.06505
2.06505
2.06308
2.05923
2.05338
2.04603
2.03529
2.0357
2.0444
2.0493
2.05301
2.05536
2.05657
2.05657
2.05536
2.05301
2.0493
2.0444
2.03569
2.03797
2.0436
2.04433
2.04555
2.04616
2.04653
2.04653
2.04616
2.04555
2.04433
2.0436
2.03796
2.03923
2.03577
2.03465
2.03402
2.03375
2.03369
2.03369
2.03375
2.03402
2.03464
2.03577
2.03923
2.01867
2.02068
2.01799
2.0177
2.01704
2.0168
2.0168
2.01704
2.01771
2.01799
2.02068
2.01868
2.01406
2.02021
2.02065
2.02167
2.02213
2.0224
2.0224
2.02213
2.02167
2.02065
2.02021
2.01407
2.01534
2.02056
2.02276
2.02469
2.02584
2.02644
2.02644
2.02584
2.02469
2.02276
2.02056
2.01534
2.01476
2.02066
2.024
2.02684
2.02868
2.02962
2.02962
2.02868
2.02684
2.024
2.02066
2.01476
2.01488
2.0207
2.02476
2.02817
2.03046
2.03164
2.03164
2.03046
2.02817
2.02476
2.0207
2.01488
2.01489
2.02065
2.02504
2.0287
2.0312
2.0325
2.0325
2.0312
2.0287
2.02504
2.02065
2.01489
2.01495
2.02049
2.02482
2.02841
2.03088
2.03215
2.03215
2.03088
2.02841
2.02483
2.02049
2.01495
2.01501
2.02018
2.02412
2.02732
2.0295
2.03061
2.03061
2.0295
2.02732
2.02412
2.02018
2.01501
2.01522
2.01979
2.02296
2.02546
2.02712
2.02797
2.02797
2.02712
2.02546
2.02296
2.01979
2.01522
2.01542
2.01911
2.0212
2.02278
2.02377
2.02428
2.02428
2.02377
2.02278
2.0212
2.01911
2.01542
2.01642
2.01874
2.01906
2.01954
2.01979
2.01994
2.01994
2.01979
2.01954
2.01906
2.01874
2.01642
2.01693
2.01537
2.01489
2.01459
2.01446
2.01442
2.01442
2.01446
2.01459
2.01489
2.01536
2.01693
2.00776
2.00855
2.00751
2.00739
2.00713
2.00704
2.00704
2.00714
2.00739
2.00751
2.00855
2.00776
2.00594
2.0084
2.00862
2.00905
2.00925
2.00936
2.00936
2.00925
2.00905
2.00862
2.0084
2.00594
2.00642
2.00856
2.0095
2.01031
2.0108
2.01105
2.01105
2.0108
2.01031
2.0095
2.00856
2.00642
2.0062
2.00861
2.01002
2.01121
2.01198
2.01237
2.01237
2.01198
2.01121
2.01002
2.00861
2.0062
2.00623
2.00864
2.01034
2.01176
2.01272
2.01322
2.01322
2.01272
2.01176
2.01034
2.00864
2.00623
2.00624
2.00862
2.01045
2.01198
2.01303
2.01357
2.01357
2.01303
2.01198
2.01045
2.00862
2.00624
2.00626
2.00855
2.01036
2.01185
2.01288
2.01341
2.01341
2.01288
2.01185
2.01036
2.00855
2.00626
2.00628
2.00841
2.01005
2.01139
2.0123
2.01276
2.01276
2.0123
2.01139
2.01005
2.00841
2.00628
2.00635
2.00823
2.00956
2.0106
2.0113
2.01165
2.01165
2.0113
2.0106
2.00956
2.00823
2.00635
2.00643
2.00794
2.00881
2.00947
2.0099
2.01011
2.01011
2.0099
2.00947
2.00881
2.00794
2.00643
2.00683
2.00775
2.00791
2.00812
2.00823
2.00829
2.00829
2.00823
2.00812
2.00791
2.00775
2.00682
2.00701
2.00637
2.0062
2.00608
2.00603
2.00601
2.00601
2.00603
2.00608
2.0062
2.00637
2.007
2.00287
2.00315
2.00279
2.00275
2.00266
2.00263
2.00263
2.00266
2.00275
2.00279
2.00315
2.00287
2.00223
2.00311
2.0032
2.00336
2.00344
2.00348
2.00348
2.00344
2.00336
2.0032
2.00311
2.00223
2.00239
2.00317
2.00353
2.00383
2.00401
2.00411
2.00411
2.00401
2.00383
2.00353
2.00317
2.00239
2.00232
2.0032
2.00372
2.00416
2.00445
2.0046
2.0046
2.00445
2.00416
2.00372
2.0032
2.00232
2.00233
2.00321
2.00384
2.00437
2.00473
2.00491
2.00491
2.00473
2.00437
2.00384
2.00321
2.00233
2.00233
2.0032
2.00388
2.00445
2.00484
2.00504
2.00504
2.00484
2.00445
2.00388
2.0032
2.00233
2.00233
2.00318
2.00385
2.0044
2.00478
2.00498
2.00498
2.00478
2.0044
2.00385
2.00318
2.00233
2.00234
2.00312
2.00373
2.00423
2.00456
2.00474
2.00474
2.00456
2.00423
2.00373
2.00312
2.00234
2.00236
2.00305
2.00354
2.00393
2.00419
2.00432
2.00432
2.00419
2.00393
2.00354
2.00305
2.00236
2.00239
2.00294
2.00327
2.00351
2.00367
2.00375
2.00375
2.00367
2.00351
2.00327
2.00294
2.00239
2.00253
2.00286
2.00293
2.00301
2.00305
2.00308
2.00308
2.00305
2.00301
2.00293
2.00286
2.00253
2.00259
2.00236
2.0023
2.00226
2.00224
2.00224
2.00224
2.00224
2.00226
2.0023
2.00236
2.00259
2.00056
2.00061
2.00055
2.00054
2.00052
2.00052
2.00052
2.00052
2.00054
2.00055
2.00061
2.00056
2.00044
2.0006
2.00063
2.00065
2.00067
2.00068
2.00068
2.00067
2.00065
2.00063
2.00061
2.00044
2.00047
2.00062
2.00068
2.00074
2.00078
2.0008
2.0008
2.00078
2.00074
2.00068
2.00062
2.00047
2.00045
2.00062
2.00072
2.0008
2.00086
2.00089
2.00089
2.00086
2.0008
2.00072
2.00062
2.00045
2.00045
2.00062
2.00074
2.00084
2.00091
2.00094
2.00094
2.00091
2.00084
2.00074
2.00062
2.00045
2.00045
2.00062
2.00075
2.00085
2.00093
2.00097
2.00097
2.00093
2.00085
2.00075
2.00062
2.00045
2.00045
2.00061
2.00074
2.00084
2.00092
2.00095
2.00095
2.00092
2.00084
2.00074
2.00061
2.00045
2.00045
2.0006
2.00072
2.00081
2.00087
2.0009
2.0009
2.00087
2.00081
2.00072
2.0006
2.00045
2.00046
2.00059
2.00068
2.00075
2.0008
2.00082
2.00082
2.0008
2.00075
2.00068
2.00059
2.00046
2.00046
2.00057
2.00063
2.00067
2.0007
2.00072
2.00072
2.0007
2.00067
2.00063
2.00057
2.00046
2.00049
2.00055
2.00056
2.00058
2.00058
2.00059
2.00059
2.00058
2.00058
2.00056
2.00055
2.00049
2.0005
2.00046
2.00044
2.00043
2.00043
2.00043
2.00043
2.00043
2.00043
2.00044
2.00046
2.0005
1.99911
1.99901
1.99917
1.9992
1.99924
1.99926
1.99926
1.99924
1.9992
1.99917
1.99901
1.99911
1.99939
1.99906
1.99906
1.99902
1.99901
1.999
1.999
1.99901
1.99902
1.99906
1.99906
1.99939
1.99932
1.99906
1.99897
1.99889
1.99885
1.99883
1.99883
1.99885
1.99889
1.99897
1.99906
1.99932
1.99936
1.99907
1.99893
1.9988
1.99873
1.99869
1.99869
1.99873
1.9988
1.99893
1.99907
1.99936
1.99936
1.99908
1.9989
1.99875
1.99865
1.9986
1.9986
1.99865
1.99875
1.9989
1.99908
1.99936
1.99936
1.99909
1.9989
1.99874
1.99863
1.99857
1.99857
1.99863
1.99874
1.9989
1.99909
1.99936
1.99936
1.9991
1.99891
1.99875
1.99864
1.99859
1.99859
1.99864
1.99875
1.99891
1.9991
1.99936
1.99935
1.99911
1.99894
1.9988
1.9987
1.99866
1.99866
1.9987
1.9988
1.99894
1.99911
1.99935
1.99933
1.99912
1.99898
1.99887
1.99881
1.99877
1.99877
1.99881
1.99887
1.99898
1.99912
1.99933
1.99931
1.99914
1.99905
1.99899
1.99895
1.99894
1.99894
1.99895
1.99899
1.99905
1.99914
1.99931
1.99924
1.99913
1.99914
1.99913
1.99913
1.99913
1.99913
1.99913
1.99913
1.99914
1.99913
1.99924
1.9992
1.9993
1.99934
1.99936
1.99938
1.99938
1.99938
1.99938
1.99936
1.99934
1.9993
1.9992
1.99443
1.9939
1.99452
1.99454
1.99468
1.99473
1.99473
1.99468
1.99454
1.99452
1.9939
1.99443
1.99551
1.99387
1.99364
1.99329
1.9931
1.99299
1.99299
1.9931
1.99329
1.99364
1.99387
1.99551
1.99514
1.99366
1.99293
1.99229
1.9919
1.99169
1.99169
1.9919
1.99229
1.99293
1.99366
1.99514
1.99525
1.99352
1.99246
1.99155
1.99096
1.99065
1.99065
1.99096
1.99155
1.99246
1.99352
1.99525
1.99519
1.99343
1.99215
1.99107
1.99035
1.98997
1.98997
1.99034
1.99107
1.99215
1.99343
1.99519
1.99517
1.9934
1.99202
1.99086
1.99007
1.98966
1.98966
1.99007
1.99086
1.99202
1.9934
1.99517
1.99515
1.99344
1.99206
1.99093
1.99014
1.98974
1.98974
1.99014
1.99093
1.99206
1.99344
1.99515
1.99515
1.99355
1.99229
1.99127
1.99057
1.99021
1.99021
1.99057
1.99127
1.99229
1.99355
1.99515
1.99513
1.99372
1.99269
1.99187
1.99131
1.99103
1.99103
1.99131
1.99187
1.99269
1.99372
1.99513
1.99512
1.99399
1.99328
1.99273
1.99237
1.99218
1.99218
1.99237
1.99273
1.99328
1.99399
1.99512
1.99492
1.99419
1.994
1.99377
1.99364
1.99356
1.99356
1.99364
1.99377
1.994
1.99419
1.99492
1.99482
1.99516
1.99524
1.99527
1.99528
1.99527
1.99527
1.99528
1.99527
1.99524
1.99516
1.99482
1.99072
1.98925
1.99136
1.99158
1.99214
1.99234
1.99234
1.99214
1.99158
1.99136
1.98925
1.99072
1.9941
1.9901
1.99023
1.98978
1.98968
1.9896
1.9896
1.98968
1.98978
1.99023
1.9901
1.9941
1.99307
1.99016
1.98931
1.98848
1.98806
1.98784
1.98784
1.98806
1.98848
1.98931
1.99016
1.99307
1.99356
1.99034
1.98891
1.98763
1.98686
1.98648
1.98648
1.98686
1.98763
1.98891
1.99034
1.99356
1.99345
1.99047
1.98868
1.98714
1.98616
1.98566
1.98566
1.98616
1.98714
1.98867
1.99047
1.99345
1.99344
1.99058
1.98862
1.98698
1.9859
1.98534
1.98534
1.9859
1.98698
1.98862
1.99058
1.99344
1.99338
1.99066
1.98873
1.98712
1.98607
1.98553
1.98553
1.98607
1.98712
1.98872
1.99066
1.99338
1.9933
1.99074
1.98899
1.98758
1.98667
1.9862
1.9862
1.98667
1.98758
1.98899
1.99074
1.9933
1.99311
1.99079
1.98942
1.98835
1.98768
1.98735
1.98735
1.98768
1.98835
1.98942
1.99079
1.99311
1.99292
1.991
1.99014
1.98952
1.98917
1.98899
1.98899
1.98917
1.98952
1.99014
1.991
1.99292
1.99217
1.99086
1.991
1.99091
1.99093
1.99093
1.99093
1.99093
1.99091
1.991
1.99086
1.99217
1.99172
1.9928
1.99321
1.99346
1.99359
1.99363
1.99363
1.99359
1.99346
1.99321
1.9928
1.99172
1.92101
1.91254
1.91954
1.9188
1.92017
1.92051
1.92051
1.92017
1.9188
1.91953
1.91253
1.92101
1.93398
1.91186
1.90817
1.90267
1.89972
1.89808
1.89808
1.89972
1.90267
1.90817
1.91186
1.93397
1.92666
1.90765
1.89807
1.8898
1.88472
1.8821
1.8821
1.88472
1.8898
1.89807
1.90765
1.92666
1.92737
1.90495
1.89163
1.8805
1.87339
1.86977
1.86977
1.87339
1.8805
1.89163
1.90495
1.92737
1.92561
1.90303
1.88724
1.8745
1.86613
1.86189
1.86189
1.86613
1.8745
1.88724
1.90303
1.92561
1.92498
1.90217
1.88526
1.87176
1.8628
1.85826
1.85826
1.8628
1.87176
1.88526
1.90217
1.92498
1.92473
1.90247
1.88563
1.8723
1.86343
1.85894
1.85894
1.86343
1.8723
1.88562
1.90247
1.92473
1.92499
1.90399
1.88838
1.87613
1.86801
1.86391
1.86391
1.86801
1.87613
1.88838
1.90399
1.92499
1.92536
1.90651
1.89343
1.88317
1.87647
1.87308
1.87308
1.87647
1.88317
1.89343
1.90651
1.92536
1.92609
1.91074
1.90113
1.89375
1.88897
1.88653
1.88653
1.88897
1.89375
1.90113
1.91074
1.92609
1.92513
1.91415
1.91075
1.90689
1.90461
1.90336
1.90336
1.90461
1.90689
1.91075
1.91415
1.92513
1.92455
1.92714
1.92698
1.92648
1.9259
1.92551
1.92551
1.9259
1.92648
1.92698
1.92715
1.92455
1.937
1.92945
1.93651
1.93629
1.93794
1.93846
1.93846
1.93794
1.93629
1.93651
1.92945
1.937
1.94917
1.93007
1.92806
1.92415
1.92233
1.9213
1.9213
1.92233
1.92415
1.92806
1.93007
1.94917
1.9426
1.92726
1.92056
1.91473
1.91139
1.90968
1.90968
1.91139
1.91473
1.92056
1.92726
1.9426
1.94348
1.92564
1.91611
1.90815
1.90328
1.90084
1.90084
1.90328
1.90815
1.91611
1.92564
1.94348
1.94198
1.92449
1.91308
1.90399
1.8982
1.89531
1.89531
1.8982
1.90399
1.91308
1.92449
1.94198
1.94146
1.92397
1.91172
1.90209
1.89586
1.89275
1.89275
1.89586
1.90209
1.91172
1.92397
1.94146
1.94118
1.92415
1.91193
1.9024
1.89623
1.89314
1.89314
1.89623
1.9024
1.91193
1.92415
1.94118
1.94128
1.92512
1.91375
1.90497
1.89932
1.8965
1.8965
1.89932
1.90497
1.91375
1.92512
1.94128
1.9414
1.92669
1.91716
1.90981
1.90516
1.90284
1.90284
1.90516
1.90981
1.91716
1.92669
1.9414
1.94182
1.92962
1.92262
1.91736
1.91408
1.91243
1.91243
1.91408
1.91736
1.92262
1.92962
1.94182
1.94065
1.9316
1.92957
1.92689
1.92546
1.92466
1.92466
1.92546
1.92689
1.92957
1.9316
1.94065
1.93998
1.94241
1.94251
1.94226
1.94189
1.94163
1.94163
1.94189
1.94226
1.94251
1.94241
1.93998
)
;

boundaryField
{
    inlet
    {
        type            fixedValue;
        value           uniform 4;
    }
    wall
    {
        type            myTemperature;
        value           nonuniform List<scalar> 
720
(
2.6932
2.67032
2.63906
2.60037
2.56145
2.53523
2.53523
2.56145
2.60037
2.63906
2.67032
2.69321
2.30044
2.30658
2.31532
2.3287
2.34483
2.35672
2.35672
2.34483
2.3287
2.31532
2.30658
2.30044
2.16137
2.16531
2.17088
2.17933
2.18936
2.19671
2.19671
2.18936
2.17933
2.17088
2.16531
2.16137
2.08649
2.08863
2.09159
2.09604
2.10123
2.105
2.105
2.10123
2.09604
2.09159
2.08863
2.08649
2.04276
2.0438
2.04523
2.04737
2.04985
2.05165
2.05165
2.04985
2.04737
2.04523
2.0438
2.04276
2.02028
2.02077
2.02146
2.02246
2.02362
2.02445
2.02445
2.02362
2.02246
2.02146
2.02077
2.02028
2.00895
2.00917
2.00947
2.00991
2.01041
2.01078
2.01078
2.01041
2.00991
2.00947
2.00917
2.00895
2.0037
2.00379
2.00392
2.0041
2.00431
2.00446
2.00446
2.00431
2.0041
2.00392
2.00379
2.0037
2.00136
2.0014
2.00145
2.00151
2.00159
2.00164
2.00164
2.00159
2.00151
2.00145
2.0014
2.00136
2.00028
2.00029
2.0003
2.00031
2.00033
2.00034
2.00034
2.00033
2.00031
2.0003
2.00029
2.00028
1.99952
1.99951
1.99949
1.99947
1.99944
1.99942
1.99942
1.99944
1.99947
1.99949
1.99951
1.99952
1.99777
1.99772
1.99764
1.99753
1.99741
1.99732
1.99732
1.99741
1.99753
1.99764
1.99772
1.99777
1.99446
1.99432
1.99413
1.99385
1.99352
1.99328
1.99328
1.99352
1.99385
1.99413
1.99432
1.99446
1.97278
1.97206
1.97105
1.96955
1.9678
1.96653
1.96653
1.9678
1.96955
1.97105
1.97206
1.97278
1.97568
1.97504
1.97414
1.97281
1.97126
1.97014
1.97014
1.97126
1.97281
1.97414
1.97504
1.97568
2.73178
2.72312
2.71251
2.70183
2.69361
2.68842
2.68652
2.68779
2.6917
2.69735
2.70209
2.70279
2.27016
2.26618
2.26089
2.25577
2.25221
2.25096
2.2525
2.25692
2.26397
2.27316
2.2831
2.29335
2.1405
2.13842
2.13576
2.13332
2.13174
2.13144
2.13267
2.13547
2.13971
2.14511
2.15094
2.15711
2.07358
2.07263
2.07145
2.07044
2.0699
2.07001
2.07088
2.07252
2.07486
2.07778
2.08091
2.08422
2.03577
2.03534
2.03483
2.03442
2.03425
2.03439
2.03489
2.03577
2.03697
2.03843
2.04
2.04164
2.01677
2.01659
2.01637
2.01621
2.01616
2.01626
2.01652
2.01695
2.01754
2.01823
2.01898
2.01975
2.00733
2.00726
2.00717
2.00711
2.00709
2.00715
2.00727
2.00747
2.00773
2.00804
2.00837
2.00871
2.00301
2.00298
2.00295
2.00293
2.00292
2.00295
2.003
2.00309
2.00319
2.00332
2.00346
2.0036
2.00111
2.0011
2.00109
2.00108
2.00108
2.00109
2.00111
2.00114
2.00118
2.00123
2.00128
2.00133
2.00022
2.00022
2.00022
2.00022
2.00022
2.00022
2.00023
2.00023
2.00024
2.00025
2.00026
2.00027
1.99961
1.99961
1.99962
1.99962
1.99962
1.99962
1.99961
1.9996
1.99959
1.99957
1.99955
1.99953
1.99814
1.99816
1.99818
1.99819
1.9982
1.99819
1.99816
1.99812
1.99806
1.99798
1.99791
1.99782
1.99546
1.99552
1.99558
1.99563
1.99565
1.99562
1.99555
1.99542
1.99525
1.99505
1.99484
1.99461
1.97674
1.97702
1.97736
1.97764
1.97779
1.97775
1.97749
1.977
1.97631
1.97545
1.97452
1.9735
1.97943
1.97969
1.98
1.98027
1.98041
1.98037
1.98012
1.97965
1.97899
1.97817
1.97729
1.97635
2.73217
2.72442
2.71474
2.70516
2.69821
2.69456
2.69456
2.69821
2.70516
2.71474
2.72442
2.73218
2.2699
2.2653
2.25934
2.25341
2.24885
2.24639
2.24639
2.24885
2.25341
2.25934
2.2653
2.2699
2.14033
2.1378
2.13465
2.13157
2.12921
2.12793
2.12793
2.12921
2.13157
2.13465
2.1378
2.14033
2.07345
2.07215
2.07059
2.0691
2.06797
2.06736
2.06736
2.06797
2.0691
2.07059
2.07215
2.07345
2.03568
2.03504
2.03428
2.03356
2.03302
2.03273
2.03273
2.03302
2.03356
2.03428
2.03504
2.03569
2.01672
2.01641
2.01606
2.01573
2.01547
2.01534
2.01534
2.01547
2.01573
2.01606
2.01641
2.01672
2.0073
2.00717
2.00701
2.00687
2.00675
2.0067
2.0067
2.00675
2.00687
2.00701
2.00717
2.0073
2.003
2.00294
2.00288
2.00282
2.00277
2.00275
2.00275
2.00277
2.00282
2.00288
2.00294
2.003
2.0011
2.00108
2.00106
2.00104
2.00102
2.00101
2.00101
2.00102
2.00104
2.00106
2.00108
2.0011
2.00022
2.00022
2.00022
2.00021
2.00021
2.00021
2.00021
2.00021
2.00021
2.00022
2.00022
2.00022
1.99961
1.99962
1.99962
1.99963
1.99964
1.99964
1.99964
1.99964
1.99963
1.99962
1.99962
1.99961
1.99814
1.99817
1.99821
1.99825
1.99827
1.99829
1.99829
1.99827
1.99825
1.99821
1.99817
1.99814
1.99547
1.99556
1.99567
1.99577
1.99584
1.99588
1.99588
1.99584
1.99577
1.99567
1.99556
1.99547
1.97678
1.97717
1.97762
1.97806
1.97838
1.97856
1.97856
1.97838
1.97806
1.97762
1.97717
1.97678
1.97947
1.97983
1.98026
1.98068
1.98099
1.98116
1.98116
1.98099
1.98068
1.98026
1.97983
1.97947
2.70279
2.70209
2.69734
2.6917
2.68778
2.68652
2.68842
2.69361
2.70183
2.71251
2.72312
2.73179
2.29335
2.2831
2.27316
2.26397
2.25692
2.2525
2.25096
2.25221
2.25578
2.26089
2.26618
2.27017
2.15711
2.15094
2.14511
2.13971
2.13547
2.13267
2.13144
2.13175
2.13332
2.13577
2.13842
2.1405
2.08422
2.08091
2.07778
2.07486
2.07252
2.07088
2.07001
2.0699
2.07045
2.07145
2.07263
2.07359
2.04164
2.04
2.03843
2.03697
2.03577
2.03489
2.03439
2.03425
2.03442
2.03483
2.03535
2.03577
2.01975
2.01898
2.01823
2.01754
2.01695
2.01652
2.01626
2.01616
2.01621
2.01637
2.01659
2.01677
2.00871
2.00837
2.00804
2.00773
2.00747
2.00727
2.00715
2.00709
2.00711
2.00717
2.00726
2.00733
2.0036
2.00346
2.00332
2.00319
2.00309
2.003
2.00295
2.00293
2.00293
2.00295
2.00298
2.00301
2.00133
2.00128
2.00123
2.00118
2.00114
2.00111
2.00109
2.00108
2.00108
2.00109
2.0011
2.00111
2.00027
2.00026
2.00025
2.00024
2.00023
2.00023
2.00022
2.00022
2.00022
2.00022
2.00022
2.00022
1.99953
1.99955
1.99957
1.99959
1.9996
1.99961
1.99962
1.99962
1.99962
1.99962
1.99961
1.99961
1.99782
1.99791
1.99798
1.99806
1.99812
1.99816
1.99819
1.9982
1.99819
1.99818
1.99816
1.99814
1.99461
1.99484
1.99505
1.99525
1.99542
1.99555
1.99562
1.99565
1.99563
1.99558
1.99552
1.99546
1.9735
1.97452
1.97545
1.97631
1.977
1.97749
1.97775
1.97779
1.97764
1.97736
1.97702
1.97674
1.97635
1.97729
1.97817
1.97899
1.97965
1.98012
1.98037
1.98041
1.98027
1.98
1.97969
1.97943
)
;
    }
    outlet
    {
        type            fixedValue;
        value           uniform 1;
    }
}


// ************************************************************************* //
