/*--------------------------------*- C++ -*----------------------------------*\
| =========                 |                                                 |
| \\      /  F ield         | OpenFOAM: The Open Source CFD Toolbox           |
|  \\    /   O peration     | Version:  2.2.0                                 |
|   \\  /    A nd           | Web:      www.OpenFOAM.org                      |
|    \\/     M anipulation  |                                                 |
\*---------------------------------------------------------------------------*/
FoamFile
{
    version     2.0;
    format      ascii;
    class       volScalarField;
    location    "1";
    object      Theta;
}
// * * * * * * * * * * * * * * * * * * * * * * * * * * * * * * * * * * * * * //

dimensions      [0 2 -2 0 0 0 0];

internalField   nonuniform List<scalar> 
1600
(
1.92421
1.80811
1.72663
1.66721
1.6168
1.57353
1.5356
1.50191
1.47174
1.44454
1.4199
1.39751
1.37711
1.35849
1.34149
1.32594
1.31174
1.29863
1.28653
1.28866
1.92428
1.80812
1.72664
1.66721
1.6168
1.57353
1.5356
1.50191
1.47174
1.44454
1.4199
1.3975
1.37711
1.35849
1.34149
1.32594
1.31174
1.29863
1.28653
1.28866
1.92428
1.80812
1.72664
1.66722
1.6168
1.57353
1.5356
1.50191
1.47174
1.44454
1.4199
1.3975
1.37711
1.35849
1.34149
1.32594
1.31174
1.29863
1.28653
1.28866
1.92428
1.80813
1.72664
1.66722
1.6168
1.57353
1.5356
1.50191
1.47174
1.44454
1.4199
1.3975
1.37711
1.35849
1.34149
1.32594
1.31174
1.29863
1.28653
1.28866
1.92428
1.80813
1.72664
1.66722
1.61681
1.57353
1.5356
1.50191
1.47174
1.44454
1.4199
1.3975
1.37711
1.35849
1.34149
1.32594
1.31174
1.29863
1.28653
1.28866
1.92427
1.80813
1.72664
1.66722
1.61681
1.57353
1.5356
1.50191
1.47174
1.44454
1.4199
1.3975
1.37711
1.35849
1.34149
1.32594
1.31174
1.29863
1.28653
1.28866
1.92428
1.80813
1.72664
1.66722
1.61681
1.57353
1.5356
1.50191
1.47174
1.44454
1.4199
1.3975
1.37711
1.35849
1.34149
1.32594
1.31174
1.29863
1.28653
1.28866
1.92428
1.80813
1.72664
1.66722
1.61681
1.57353
1.5356
1.50191
1.47174
1.44454
1.4199
1.3975
1.37711
1.35849
1.34149
1.32594
1.31174
1.29863
1.28653
1.28866
1.92428
1.80813
1.72664
1.66722
1.61681
1.57353
1.5356
1.50191
1.47174
1.44454
1.4199
1.3975
1.37711
1.35849
1.34149
1.32594
1.31174
1.29863
1.28653
1.28866
1.92428
1.80813
1.72664
1.66722
1.61681
1.57353
1.5356
1.50191
1.47174
1.44454
1.4199
1.3975
1.37711
1.35849
1.34149
1.32594
1.31174
1.29863
1.28653
1.28866
1.92428
1.80813
1.72664
1.66722
1.61681
1.57353
1.5356
1.50192
1.47174
1.44454
1.4199
1.3975
1.37711
1.35849
1.34149
1.32594
1.31174
1.29863
1.28653
1.28866
1.92428
1.80813
1.72664
1.66722
1.61681
1.57353
1.5356
1.50192
1.47174
1.44454
1.4199
1.39751
1.37711
1.35849
1.34149
1.32594
1.31174
1.29863
1.28653
1.28866
1.92428
1.80813
1.72664
1.66722
1.61681
1.57353
1.5356
1.50192
1.47174
1.44454
1.4199
1.39751
1.37711
1.35849
1.34149
1.32594
1.31174
1.29863
1.28653
1.28866
1.92428
1.80813
1.72664
1.66722
1.61681
1.57353
1.5356
1.50191
1.47174
1.44454
1.4199
1.39751
1.37711
1.35849
1.34149
1.32594
1.31174
1.29863
1.28653
1.28866
1.92428
1.80813
1.72664
1.66722
1.61681
1.57353
1.5356
1.50191
1.47174
1.44454
1.4199
1.3975
1.37711
1.35849
1.34149
1.32594
1.31174
1.29863
1.28653
1.28866
1.92428
1.80813
1.72664
1.66722
1.61681
1.57353
1.5356
1.50191
1.47174
1.44454
1.4199
1.3975
1.37711
1.35849
1.34149
1.32594
1.31174
1.29863
1.28653
1.28866
1.92428
1.80813
1.72664
1.66722
1.61681
1.57353
1.5356
1.50191
1.47174
1.44454
1.4199
1.3975
1.37711
1.35849
1.34149
1.32594
1.31174
1.29863
1.28653
1.28866
1.92428
1.80812
1.72664
1.66722
1.6168
1.57353
1.5356
1.50191
1.47174
1.44454
1.4199
1.3975
1.37711
1.35849
1.34149
1.32594
1.31174
1.29863
1.28653
1.28866
1.92428
1.80812
1.72664
1.66721
1.6168
1.57353
1.5356
1.50191
1.47174
1.44454
1.4199
1.3975
1.37711
1.35849
1.34149
1.32594
1.31174
1.29863
1.28653
1.28866
1.92421
1.80811
1.72663
1.66721
1.6168
1.57353
1.5356
1.50191
1.47174
1.44454
1.4199
1.3975
1.37711
1.35849
1.34149
1.32594
1.31174
1.29863
1.28653
1.28866
1.92421
1.80811
1.72663
1.66721
1.6168
1.57353
1.5356
1.50191
1.47174
1.44454
1.4199
1.3975
1.37711
1.35849
1.34149
1.32594
1.31174
1.29863
1.28653
1.28866
1.92428
1.80812
1.72664
1.66721
1.6168
1.57353
1.5356
1.50191
1.47174
1.44454
1.4199
1.3975
1.37711
1.35849
1.34149
1.32594
1.31174
1.29863
1.28653
1.28866
1.92428
1.80812
1.72664
1.66722
1.6168
1.57353
1.5356
1.50191
1.47174
1.44454
1.4199
1.3975
1.37711
1.35849
1.34149
1.32594
1.31174
1.29863
1.28653
1.28866
1.92428
1.80813
1.72664
1.66722
1.61681
1.57353
1.5356
1.50191
1.47174
1.44454
1.4199
1.3975
1.37711
1.35849
1.34149
1.32594
1.31174
1.29863
1.28653
1.28866
1.92428
1.80813
1.72664
1.66722
1.61681
1.57353
1.5356
1.50192
1.47174
1.44454
1.4199
1.39751
1.37711
1.35849
1.34149
1.32594
1.31174
1.29863
1.28653
1.28866
1.92427
1.80813
1.72664
1.66722
1.61681
1.57353
1.5356
1.50192
1.47174
1.44454
1.4199
1.39751
1.37711
1.35849
1.34149
1.32594
1.31174
1.29863
1.28653
1.28866
1.92427
1.80813
1.72664
1.66722
1.61681
1.57353
1.5356
1.50192
1.47174
1.44454
1.4199
1.39751
1.37711
1.35849
1.34149
1.32594
1.31174
1.29863
1.28653
1.28866
1.92428
1.80813
1.72664
1.66722
1.61681
1.57353
1.5356
1.50192
1.47174
1.44454
1.4199
1.39751
1.37711
1.35849
1.34149
1.32594
1.31174
1.29863
1.28653
1.28866
1.92428
1.80813
1.72664
1.66722
1.61681
1.57353
1.5356
1.50192
1.47174
1.44454
1.4199
1.39751
1.37711
1.35849
1.34149
1.32594
1.31174
1.29863
1.28653
1.28866
1.92428
1.80813
1.72664
1.66722
1.61681
1.57353
1.5356
1.50192
1.47174
1.44454
1.4199
1.39751
1.37711
1.3585
1.34149
1.32594
1.31174
1.29863
1.28653
1.28866
1.92428
1.80813
1.72664
1.66722
1.61681
1.57353
1.5356
1.50192
1.47174
1.44454
1.4199
1.39751
1.37711
1.3585
1.34149
1.32594
1.31174
1.29863
1.28653
1.28866
1.92428
1.80813
1.72664
1.66722
1.61681
1.57353
1.5356
1.50192
1.47174
1.44454
1.4199
1.39751
1.37711
1.3585
1.34149
1.32594
1.31174
1.29863
1.28653
1.28866
1.92428
1.80813
1.72664
1.66722
1.61681
1.57353
1.5356
1.50192
1.47174
1.44454
1.4199
1.39751
1.37711
1.35849
1.34149
1.32594
1.31174
1.29863
1.28653
1.28866
1.92427
1.80813
1.72664
1.66722
1.61681
1.57353
1.5356
1.50192
1.47174
1.44454
1.4199
1.39751
1.37711
1.35849
1.34149
1.32594
1.31174
1.29863
1.28653
1.28866
1.92427
1.80813
1.72664
1.66722
1.61681
1.57353
1.5356
1.50192
1.47174
1.44454
1.4199
1.39751
1.37711
1.35849
1.34149
1.32594
1.31174
1.29863
1.28653
1.28866
1.92428
1.80813
1.72664
1.66722
1.61681
1.57353
1.5356
1.50191
1.47174
1.44454
1.4199
1.39751
1.37711
1.35849
1.34149
1.32594
1.31174
1.29863
1.28653
1.28866
1.92428
1.80813
1.72664
1.66722
1.61681
1.57353
1.5356
1.50191
1.47174
1.44454
1.4199
1.39751
1.37711
1.35849
1.34149
1.32594
1.31174
1.29863
1.28653
1.28866
1.92428
1.80812
1.72664
1.66722
1.6168
1.57353
1.5356
1.50191
1.47174
1.44454
1.4199
1.39751
1.37711
1.35849
1.34149
1.32594
1.31174
1.29863
1.28653
1.28866
1.92428
1.80812
1.72664
1.66721
1.6168
1.57353
1.5356
1.50191
1.47174
1.44454
1.4199
1.39751
1.37711
1.35849
1.34149
1.32594
1.31174
1.29863
1.28653
1.28866
1.92421
1.80811
1.72663
1.66721
1.6168
1.57353
1.5356
1.50191
1.47174
1.44454
1.4199
1.39751
1.37711
1.35849
1.34149
1.32594
1.31174
1.29863
1.28653
1.28866
1.92421
1.80811
1.72663
1.66721
1.6168
1.57353
1.5356
1.50191
1.47174
1.44454
1.4199
1.39751
1.37711
1.35849
1.34149
1.32594
1.31174
1.29863
1.28653
1.28866
1.92428
1.80812
1.72664
1.66721
1.6168
1.57353
1.5356
1.50191
1.47174
1.44454
1.4199
1.39751
1.37711
1.35849
1.34149
1.32594
1.31174
1.29863
1.28653
1.28866
1.92428
1.80812
1.72664
1.66722
1.6168
1.57353
1.5356
1.50192
1.47174
1.44454
1.4199
1.39751
1.37711
1.3585
1.34149
1.32594
1.31174
1.29863
1.28653
1.28866
1.92428
1.80813
1.72664
1.66722
1.61681
1.57353
1.5356
1.50192
1.47174
1.44454
1.4199
1.39751
1.37711
1.3585
1.34149
1.32594
1.31174
1.29863
1.28653
1.28866
1.92428
1.80813
1.72664
1.66722
1.61681
1.57353
1.5356
1.50192
1.47174
1.44454
1.4199
1.39751
1.37711
1.3585
1.34149
1.32594
1.31174
1.29863
1.28653
1.28866
1.92427
1.80813
1.72664
1.66722
1.61681
1.57353
1.5356
1.50192
1.47174
1.44454
1.4199
1.39751
1.37711
1.3585
1.34149
1.32594
1.31174
1.29863
1.28653
1.28866
1.92428
1.80813
1.72664
1.66722
1.61681
1.57353
1.5356
1.50192
1.47174
1.44454
1.4199
1.39751
1.37711
1.3585
1.34149
1.32594
1.31174
1.29863
1.28653
1.28866
1.92428
1.80813
1.72664
1.66722
1.61681
1.57353
1.5356
1.50192
1.47174
1.44454
1.4199
1.39751
1.37711
1.3585
1.34149
1.32594
1.31174
1.29863
1.28653
1.28866
1.92428
1.80813
1.72664
1.66722
1.61681
1.57353
1.5356
1.50192
1.47174
1.44454
1.4199
1.39751
1.37711
1.3585
1.34149
1.32594
1.31174
1.29863
1.28653
1.28866
1.92428
1.80813
1.72664
1.66722
1.61681
1.57353
1.5356
1.50192
1.47174
1.44454
1.4199
1.39751
1.37711
1.3585
1.34149
1.32594
1.31174
1.29863
1.28653
1.28866
1.92428
1.80813
1.72664
1.66722
1.61681
1.57353
1.5356
1.50192
1.47174
1.44454
1.4199
1.39751
1.37711
1.3585
1.34149
1.32594
1.31174
1.29863
1.28653
1.28866
1.92427
1.80813
1.72664
1.66722
1.61681
1.57353
1.5356
1.50192
1.47174
1.44454
1.4199
1.39751
1.37711
1.3585
1.34149
1.32594
1.31174
1.29863
1.28653
1.28866
1.92427
1.80813
1.72664
1.66722
1.61681
1.57353
1.5356
1.50192
1.47174
1.44454
1.4199
1.39751
1.37711
1.3585
1.34149
1.32594
1.31174
1.29863
1.28653
1.28866
1.92427
1.80813
1.72664
1.66722
1.61681
1.57353
1.5356
1.50192
1.47174
1.44454
1.4199
1.39751
1.37711
1.3585
1.34149
1.32594
1.31174
1.29863
1.28653
1.28866
1.92427
1.80813
1.72664
1.66722
1.61681
1.57353
1.5356
1.50192
1.47174
1.44454
1.4199
1.39751
1.37711
1.3585
1.34149
1.32594
1.31174
1.29863
1.28653
1.28866
1.92427
1.80813
1.72664
1.66722
1.61681
1.57353
1.5356
1.50192
1.47174
1.44454
1.4199
1.39751
1.37711
1.3585
1.34149
1.32594
1.31174
1.29863
1.28653
1.28866
1.92428
1.80813
1.72664
1.66722
1.61681
1.57353
1.5356
1.50192
1.47174
1.44454
1.4199
1.39751
1.37711
1.3585
1.34149
1.32594
1.31174
1.29863
1.28653
1.28866
1.92429
1.80812
1.72664
1.66722
1.61681
1.57353
1.5356
1.50192
1.47174
1.44454
1.4199
1.39751
1.37711
1.3585
1.34149
1.32594
1.31174
1.29863
1.28653
1.28866
1.92428
1.80812
1.72664
1.66721
1.6168
1.57353
1.5356
1.50191
1.47174
1.44454
1.4199
1.39751
1.37711
1.3585
1.34149
1.32594
1.31174
1.29863
1.28653
1.28866
1.92421
1.80811
1.72663
1.66721
1.6168
1.57353
1.5356
1.50191
1.47174
1.44454
1.4199
1.39751
1.37711
1.3585
1.34149
1.32594
1.31174
1.29863
1.28653
1.28866
1.92421
1.92428
1.92429
1.92428
1.92427
1.92428
1.92428
1.92428
1.92428
1.92428
1.92428
1.92427
1.92427
1.92427
1.92427
1.92428
1.92428
1.92429
1.92428
1.92421
1.80811
1.80812
1.80812
1.80813
1.80813
1.80813
1.80813
1.80813
1.80813
1.80813
1.80813
1.80813
1.80813
1.80813
1.80813
1.80813
1.80813
1.80812
1.80812
1.80811
1.72663
1.72664
1.72664
1.72664
1.72664
1.72664
1.72664
1.72664
1.72664
1.72664
1.72664
1.72664
1.72664
1.72664
1.72664
1.72664
1.72664
1.72664
1.72664
1.72663
1.66721
1.66721
1.66722
1.66722
1.66722
1.66722
1.66722
1.66722
1.66722
1.66722
1.66722
1.66722
1.66722
1.66722
1.66722
1.66722
1.66722
1.66722
1.66721
1.66721
1.6168
1.6168
1.6168
1.61681
1.61681
1.61681
1.61681
1.61681
1.61681
1.61681
1.61681
1.61681
1.61681
1.61681
1.61681
1.61681
1.61681
1.6168
1.6168
1.6168
1.57353
1.57353
1.57353
1.57353
1.57353
1.57353
1.57353
1.57353
1.57353
1.57353
1.57353
1.57353
1.57353
1.57353
1.57353
1.57353
1.57353
1.57353
1.57353
1.57353
1.5356
1.5356
1.5356
1.5356
1.5356
1.5356
1.5356
1.5356
1.5356
1.5356
1.5356
1.5356
1.5356
1.5356
1.5356
1.5356
1.5356
1.5356
1.5356
1.5356
1.50191
1.50191
1.50191
1.50191
1.50192
1.50192
1.50192
1.50192
1.50192
1.50192
1.50192
1.50192
1.50192
1.50192
1.50192
1.50192
1.50191
1.50191
1.50191
1.50191
1.47174
1.47174
1.47174
1.47174
1.47174
1.47174
1.47174
1.47174
1.47174
1.47174
1.47174
1.47174
1.47174
1.47174
1.47174
1.47174
1.47174
1.47174
1.47174
1.47174
1.44454
1.44454
1.44454
1.44454
1.44454
1.44454
1.44454
1.44454
1.44454
1.44454
1.44454
1.44454
1.44454
1.44454
1.44454
1.44454
1.44454
1.44454
1.44454
1.44454
1.4199
1.4199
1.4199
1.4199
1.4199
1.4199
1.4199
1.4199
1.4199
1.4199
1.4199
1.4199
1.4199
1.4199
1.4199
1.4199
1.4199
1.4199
1.4199
1.4199
1.39751
1.39751
1.39751
1.39751
1.39751
1.39751
1.39751
1.39751
1.39751
1.39751
1.39751
1.39751
1.39751
1.39751
1.39751
1.39751
1.39751
1.39751
1.39751
1.39751
1.37711
1.37711
1.37711
1.37711
1.37711
1.37711
1.37711
1.37711
1.37711
1.37711
1.37711
1.37711
1.37711
1.37711
1.37711
1.37711
1.37711
1.37711
1.37711
1.37711
1.35849
1.35849
1.35849
1.35849
1.35849
1.35849
1.35849
1.35849
1.35849
1.35849
1.35849
1.35849
1.35849
1.35849
1.3585
1.3585
1.3585
1.3585
1.3585
1.3585
1.34149
1.34149
1.34149
1.34149
1.34149
1.34149
1.34149
1.34149
1.34149
1.34149
1.34149
1.34149
1.34149
1.34149
1.34149
1.34149
1.34149
1.34149
1.34149
1.34149
1.32594
1.32594
1.32594
1.32594
1.32594
1.32594
1.32594
1.32594
1.32594
1.32594
1.32594
1.32594
1.32594
1.32594
1.32594
1.32594
1.32594
1.32594
1.32594
1.32594
1.31174
1.31174
1.31174
1.31174
1.31174
1.31174
1.31174
1.31174
1.31174
1.31174
1.31174
1.31174
1.31174
1.31174
1.31174
1.31174
1.31174
1.31174
1.31174
1.31174
1.29863
1.29863
1.29863
1.29863
1.29863
1.29863
1.29863
1.29863
1.29863
1.29863
1.29863
1.29863
1.29863
1.29863
1.29863
1.29863
1.29863
1.29863
1.29863
1.29863
1.28653
1.28653
1.28653
1.28653
1.28653
1.28653
1.28653
1.28653
1.28653
1.28653
1.28653
1.28653
1.28653
1.28653
1.28653
1.28653
1.28653
1.28653
1.28653
1.28653
1.28866
1.28866
1.28866
1.28866
1.28866
1.28866
1.28866
1.28866
1.28866
1.28866
1.28866
1.28866
1.28866
1.28866
1.28866
1.28866
1.28866
1.28866
1.28866
1.28866
)
;

boundaryField
{
    up
    {
        type            myTemperature;
        value           nonuniform List<scalar> 
80
(
1.24774
1.24774
1.24774
1.24774
1.24774
1.24774
1.24774
1.24774
1.24774
1.24774
1.24774
1.24774
1.24774
1.24774
1.24774
1.24774
1.24774
1.24774
1.24774
1.24774
1.24774
1.24774
1.24774
1.24774
1.24774
1.24774
1.24774
1.24774
1.24774
1.24774
1.24774
1.24774
1.24774
1.24774
1.24774
1.24774
1.24774
1.24774
1.24774
1.24774
1.24774
1.24774
1.24774
1.24774
1.24774
1.24774
1.24774
1.24774
1.24774
1.24774
1.24774
1.24774
1.24774
1.24774
1.24774
1.24774
1.24774
1.24774
1.24774
1.24774
1.24774
1.24774
1.24774
1.24774
1.24774
1.24774
1.24774
1.24774
1.24774
1.24774
1.24774
1.24774
1.24774
1.24774
1.24774
1.24774
1.24774
1.24774
1.24774
1.24774
)
;
    }
    hole
    {
        type            myTemperature;
        value           nonuniform List<scalar> 
80
(
1.83981
1.83981
1.83981
1.83982
1.83982
1.83982
1.83982
1.83982
1.83982
1.83982
1.83982
1.83982
1.83982
1.83982
1.83982
1.83982
1.83982
1.83982
1.83981
1.83981
1.83981
1.83981
1.83982
1.83982
1.83982
1.83982
1.83982
1.83982
1.83982
1.83982
1.83982
1.83982
1.83982
1.83982
1.83982
1.83982
1.83982
1.83981
1.83981
1.8398
1.8398
1.83981
1.83981
1.83982
1.83982
1.83982
1.83982
1.83982
1.83982
1.83982
1.83982
1.83982
1.83982
1.83982
1.83982
1.83982
1.83982
1.83981
1.83981
1.8398
1.83981
1.83981
1.83981
1.83982
1.83982
1.83982
1.83982
1.83982
1.83982
1.83982
1.83982
1.83982
1.83982
1.83982
1.83982
1.83982
1.83982
1.83981
1.83981
1.8398
)
;
    }
    frontAndBack
    {
        type            empty;
    }
}


// ************************************************************************* //
