/*--------------------------------*- C++ -*----------------------------------*\
| =========                 |                                                 |
| \\      /  F ield         | OpenFOAM: The Open Source CFD Toolbox           |
|  \\    /   O peration     | Version:  2.2.0                                 |
|   \\  /    A nd           | Web:      www.OpenFOAM.org                      |
|    \\/     M anipulation  |                                                 |
\*---------------------------------------------------------------------------*/
FoamFile
{
    version     2.0;
    format      ascii;
    class       volScalarField;
    location    "0.9";
    object      Theta;
}
// * * * * * * * * * * * * * * * * * * * * * * * * * * * * * * * * * * * * * //

dimensions      [0 2 -2 0 0 0 0];

internalField   nonuniform List<scalar> 
1600
(
1.87521
1.76586
1.68328
1.6232
1.57241
1.5289
1.49089
1.4573
1.42737
1.40055
1.37643
1.35468
1.33505
1.31732
1.3013
1.28685
1.27383
1.26198
1.25154
1.25375
1.87527
1.76587
1.68328
1.6232
1.57241
1.5289
1.49089
1.4573
1.42737
1.40055
1.37643
1.35468
1.33505
1.31732
1.3013
1.28685
1.27383
1.26198
1.25154
1.25375
1.87528
1.76587
1.68329
1.6232
1.57241
1.5289
1.49089
1.4573
1.42737
1.40055
1.37643
1.35468
1.33505
1.31732
1.3013
1.28685
1.27383
1.26198
1.25154
1.25375
1.87528
1.76587
1.68329
1.6232
1.57241
1.5289
1.49089
1.4573
1.42737
1.40055
1.37643
1.35468
1.33505
1.31732
1.3013
1.28685
1.27383
1.26198
1.25154
1.25375
1.87527
1.76588
1.68329
1.6232
1.57241
1.5289
1.49089
1.4573
1.42737
1.40055
1.37643
1.35468
1.33505
1.31732
1.3013
1.28685
1.27383
1.26198
1.25154
1.25375
1.87527
1.76588
1.68329
1.6232
1.57241
1.5289
1.4909
1.4573
1.42737
1.40055
1.37643
1.35468
1.33505
1.31732
1.3013
1.28685
1.27383
1.26198
1.25154
1.25375
1.87528
1.76588
1.68329
1.62321
1.57241
1.5289
1.4909
1.4573
1.42737
1.40055
1.37643
1.35468
1.33505
1.31732
1.3013
1.28685
1.27383
1.26198
1.25154
1.25375
1.87528
1.76588
1.68329
1.62321
1.57241
1.5289
1.4909
1.4573
1.42737
1.40055
1.37643
1.35468
1.33505
1.31732
1.3013
1.28685
1.27383
1.26198
1.25154
1.25375
1.87527
1.76588
1.68329
1.62321
1.57241
1.5289
1.4909
1.4573
1.42737
1.40055
1.37643
1.35468
1.33505
1.31732
1.3013
1.28685
1.27383
1.26198
1.25154
1.25375
1.87527
1.76588
1.68329
1.62321
1.57241
1.5289
1.4909
1.4573
1.42737
1.40055
1.37643
1.35468
1.33505
1.31732
1.3013
1.28685
1.27383
1.26198
1.25154
1.25375
1.87527
1.76588
1.68329
1.62321
1.57241
1.5289
1.4909
1.4573
1.42737
1.40055
1.37643
1.35468
1.33505
1.31732
1.3013
1.28685
1.27383
1.26198
1.25154
1.25375
1.87527
1.76588
1.68329
1.62321
1.57241
1.5289
1.4909
1.4573
1.42737
1.40055
1.37643
1.35468
1.33505
1.31732
1.3013
1.28685
1.27383
1.26198
1.25154
1.25375
1.87528
1.76588
1.68329
1.62321
1.57241
1.5289
1.4909
1.4573
1.42737
1.40055
1.37643
1.35468
1.33505
1.31732
1.3013
1.28685
1.27383
1.26198
1.25154
1.25375
1.87527
1.76588
1.68329
1.62321
1.57241
1.5289
1.4909
1.4573
1.42737
1.40055
1.37643
1.35468
1.33505
1.31732
1.3013
1.28685
1.27383
1.26198
1.25154
1.25375
1.87527
1.76588
1.68329
1.6232
1.57241
1.5289
1.4909
1.4573
1.42737
1.40055
1.37643
1.35468
1.33505
1.31732
1.3013
1.28685
1.27383
1.26198
1.25154
1.25375
1.87528
1.76588
1.68329
1.6232
1.57241
1.5289
1.4909
1.4573
1.42737
1.40055
1.37643
1.35468
1.33505
1.31732
1.3013
1.28685
1.27383
1.26198
1.25154
1.25375
1.87528
1.76587
1.68329
1.6232
1.57241
1.5289
1.4909
1.4573
1.42737
1.40055
1.37643
1.35468
1.33505
1.31732
1.3013
1.28685
1.27383
1.26198
1.25154
1.25375
1.87528
1.76587
1.68329
1.6232
1.57241
1.5289
1.49089
1.4573
1.42737
1.40055
1.37643
1.35468
1.33505
1.31732
1.3013
1.28685
1.27383
1.26198
1.25154
1.25375
1.87528
1.76587
1.68328
1.6232
1.57241
1.5289
1.49089
1.4573
1.42737
1.40055
1.37643
1.35468
1.33505
1.31732
1.3013
1.28685
1.27383
1.26198
1.25154
1.25375
1.87521
1.76586
1.68328
1.6232
1.57241
1.5289
1.49089
1.4573
1.42737
1.40055
1.37643
1.35468
1.33505
1.31732
1.3013
1.28685
1.27383
1.26198
1.25154
1.25375
1.87521
1.76586
1.68328
1.6232
1.57241
1.5289
1.49089
1.4573
1.42737
1.40055
1.37643
1.35468
1.33505
1.31732
1.3013
1.28685
1.27383
1.26198
1.25154
1.25375
1.87528
1.76587
1.68328
1.6232
1.57241
1.5289
1.49089
1.4573
1.42737
1.40055
1.37643
1.35468
1.33505
1.31732
1.3013
1.28685
1.27383
1.26198
1.25154
1.25375
1.87528
1.76587
1.68329
1.6232
1.57241
1.5289
1.4909
1.4573
1.42737
1.40055
1.37643
1.35468
1.33505
1.31732
1.3013
1.28685
1.27383
1.26198
1.25154
1.25375
1.87528
1.76587
1.68329
1.6232
1.57241
1.5289
1.4909
1.4573
1.42737
1.40055
1.37643
1.35468
1.33505
1.31732
1.3013
1.28685
1.27383
1.26198
1.25154
1.25375
1.87527
1.76588
1.68329
1.6232
1.57241
1.5289
1.4909
1.4573
1.42737
1.40055
1.37643
1.35468
1.33505
1.31732
1.3013
1.28685
1.27383
1.26198
1.25154
1.25375
1.87527
1.76588
1.68329
1.62321
1.57241
1.5289
1.4909
1.4573
1.42737
1.40055
1.37643
1.35468
1.33505
1.31732
1.3013
1.28685
1.27383
1.26198
1.25154
1.25375
1.87527
1.76588
1.68329
1.62321
1.57241
1.5289
1.4909
1.4573
1.42737
1.40055
1.37643
1.35468
1.33505
1.31732
1.3013
1.28685
1.27383
1.26198
1.25154
1.25375
1.87527
1.76588
1.68329
1.62321
1.57241
1.5289
1.4909
1.4573
1.42737
1.40055
1.37643
1.35468
1.33505
1.31732
1.3013
1.28685
1.27383
1.26198
1.25154
1.25375
1.87527
1.76588
1.68329
1.62321
1.57241
1.5289
1.4909
1.4573
1.42737
1.40055
1.37643
1.35468
1.33505
1.31732
1.3013
1.28685
1.27383
1.26198
1.25154
1.25375
1.87527
1.76588
1.68329
1.62321
1.57241
1.5289
1.4909
1.4573
1.42737
1.40055
1.37643
1.35468
1.33505
1.31732
1.3013
1.28685
1.27383
1.26198
1.25154
1.25375
1.87527
1.76588
1.68329
1.62321
1.57241
1.5289
1.4909
1.4573
1.42737
1.40055
1.37643
1.35468
1.33505
1.31732
1.3013
1.28685
1.27383
1.26198
1.25154
1.25375
1.87527
1.76588
1.68329
1.62321
1.57241
1.5289
1.4909
1.4573
1.42737
1.40055
1.37643
1.35468
1.33505
1.31732
1.3013
1.28685
1.27383
1.26198
1.25154
1.25375
1.87527
1.76588
1.68329
1.62321
1.57241
1.5289
1.4909
1.4573
1.42737
1.40055
1.37643
1.35468
1.33505
1.31732
1.3013
1.28685
1.27383
1.26198
1.25154
1.25375
1.87527
1.76588
1.68329
1.62321
1.57241
1.5289
1.4909
1.4573
1.42737
1.40055
1.37643
1.35468
1.33505
1.31732
1.3013
1.28685
1.27383
1.26198
1.25154
1.25375
1.87527
1.76588
1.68329
1.6232
1.57241
1.5289
1.4909
1.4573
1.42737
1.40055
1.37643
1.35468
1.33505
1.31732
1.3013
1.28685
1.27383
1.26198
1.25154
1.25375
1.87527
1.76588
1.68329
1.6232
1.57241
1.5289
1.4909
1.4573
1.42737
1.40055
1.37643
1.35468
1.33505
1.31732
1.3013
1.28685
1.27383
1.26198
1.25154
1.25375
1.87528
1.76587
1.68329
1.6232
1.57241
1.5289
1.4909
1.4573
1.42737
1.40055
1.37643
1.35468
1.33505
1.31732
1.3013
1.28685
1.27383
1.26198
1.25154
1.25375
1.87528
1.76587
1.68329
1.6232
1.57241
1.5289
1.4909
1.4573
1.42737
1.40055
1.37643
1.35468
1.33505
1.31732
1.3013
1.28685
1.27383
1.26198
1.25154
1.25375
1.87528
1.76587
1.68328
1.6232
1.57241
1.5289
1.49089
1.4573
1.42737
1.40055
1.37643
1.35468
1.33505
1.31732
1.3013
1.28685
1.27383
1.26198
1.25154
1.25375
1.87521
1.76586
1.68328
1.6232
1.57241
1.5289
1.49089
1.4573
1.42737
1.40055
1.37643
1.35468
1.33505
1.31732
1.3013
1.28685
1.27383
1.26198
1.25154
1.25375
1.87521
1.76586
1.68328
1.6232
1.57241
1.5289
1.4909
1.4573
1.42737
1.40055
1.37643
1.35468
1.33505
1.31732
1.3013
1.28685
1.27383
1.26198
1.25154
1.25375
1.87527
1.76587
1.68328
1.6232
1.57241
1.5289
1.4909
1.4573
1.42737
1.40055
1.37643
1.35468
1.33505
1.31732
1.3013
1.28685
1.27383
1.26198
1.25154
1.25375
1.87528
1.76587
1.68329
1.6232
1.57241
1.5289
1.4909
1.4573
1.42737
1.40055
1.37643
1.35468
1.33505
1.31732
1.3013
1.28685
1.27383
1.26198
1.25154
1.25375
1.87528
1.76587
1.68329
1.6232
1.57241
1.5289
1.4909
1.4573
1.42737
1.40055
1.37643
1.35468
1.33505
1.31732
1.3013
1.28685
1.27383
1.26198
1.25154
1.25375
1.87527
1.76588
1.68329
1.6232
1.57241
1.5289
1.4909
1.4573
1.42737
1.40055
1.37643
1.35468
1.33505
1.31732
1.3013
1.28685
1.27383
1.26198
1.25154
1.25375
1.87527
1.76588
1.68329
1.6232
1.57241
1.5289
1.4909
1.4573
1.42737
1.40055
1.37643
1.35468
1.33505
1.31732
1.3013
1.28685
1.27383
1.26198
1.25154
1.25375
1.87527
1.76588
1.68329
1.62321
1.57241
1.5289
1.4909
1.4573
1.42737
1.40055
1.37643
1.35468
1.33505
1.31732
1.3013
1.28685
1.27383
1.26198
1.25154
1.25375
1.87527
1.76588
1.68329
1.62321
1.57241
1.5289
1.4909
1.4573
1.42737
1.40055
1.37643
1.35468
1.33505
1.31732
1.3013
1.28685
1.27383
1.26198
1.25154
1.25375
1.87527
1.76588
1.68329
1.62321
1.57241
1.5289
1.4909
1.4573
1.42737
1.40055
1.37643
1.35468
1.33505
1.31732
1.3013
1.28685
1.27383
1.26198
1.25154
1.25375
1.87527
1.76588
1.68329
1.62321
1.57241
1.5289
1.4909
1.4573
1.42737
1.40055
1.37643
1.35468
1.33505
1.31732
1.3013
1.28685
1.27383
1.26198
1.25154
1.25375
1.87527
1.76588
1.68329
1.62321
1.57241
1.5289
1.4909
1.4573
1.42737
1.40055
1.37643
1.35468
1.33505
1.31732
1.3013
1.28685
1.27383
1.26198
1.25154
1.25375
1.87527
1.76588
1.68329
1.62321
1.57241
1.5289
1.4909
1.4573
1.42737
1.40055
1.37643
1.35468
1.33505
1.31732
1.3013
1.28685
1.27383
1.26198
1.25154
1.25375
1.87527
1.76588
1.68329
1.62321
1.57241
1.5289
1.4909
1.4573
1.42737
1.40055
1.37643
1.35468
1.33505
1.31732
1.3013
1.28685
1.27383
1.26198
1.25154
1.25375
1.87527
1.76588
1.68329
1.62321
1.57241
1.5289
1.4909
1.4573
1.42737
1.40055
1.37643
1.35468
1.33505
1.31732
1.3013
1.28685
1.27383
1.26198
1.25154
1.25375
1.87527
1.76588
1.68329
1.6232
1.57241
1.5289
1.4909
1.4573
1.42737
1.40055
1.37643
1.35468
1.33505
1.31732
1.3013
1.28685
1.27383
1.26198
1.25154
1.25375
1.87527
1.76587
1.68329
1.6232
1.57241
1.5289
1.4909
1.4573
1.42737
1.40055
1.37643
1.35468
1.33505
1.31732
1.3013
1.28685
1.27383
1.26198
1.25154
1.25375
1.87528
1.76587
1.68329
1.6232
1.57241
1.5289
1.4909
1.4573
1.42737
1.40055
1.37643
1.35468
1.33505
1.31732
1.3013
1.28685
1.27383
1.26198
1.25154
1.25375
1.87528
1.76587
1.68329
1.6232
1.57241
1.5289
1.4909
1.4573
1.42737
1.40055
1.37643
1.35468
1.33505
1.31732
1.3013
1.28685
1.27383
1.26198
1.25154
1.25375
1.87528
1.76587
1.68328
1.6232
1.57241
1.5289
1.4909
1.4573
1.42737
1.40055
1.37643
1.35468
1.33505
1.31732
1.3013
1.28685
1.27383
1.26198
1.25154
1.25375
1.87521
1.76586
1.68328
1.6232
1.57241
1.5289
1.49089
1.4573
1.42737
1.40055
1.37643
1.35468
1.33505
1.31732
1.3013
1.28685
1.27383
1.26198
1.25154
1.25375
1.87521
1.87528
1.87528
1.87528
1.87527
1.87528
1.87528
1.87527
1.87527
1.87527
1.87527
1.87527
1.87527
1.87527
1.87527
1.87527
1.87528
1.87529
1.87528
1.8752
1.76586
1.76587
1.76587
1.76587
1.76588
1.76588
1.76588
1.76588
1.76588
1.76588
1.76588
1.76588
1.76588
1.76588
1.76588
1.76588
1.76587
1.76587
1.76587
1.76586
1.68328
1.68328
1.68329
1.68329
1.68329
1.68329
1.68329
1.68329
1.68329
1.68329
1.68329
1.68329
1.68329
1.68329
1.68329
1.68329
1.68329
1.68329
1.68328
1.68328
1.6232
1.6232
1.6232
1.6232
1.6232
1.62321
1.62321
1.62321
1.62321
1.62321
1.62321
1.62321
1.62321
1.62321
1.6232
1.6232
1.6232
1.6232
1.6232
1.6232
1.57241
1.57241
1.57241
1.57241
1.57241
1.57241
1.57241
1.57241
1.57241
1.57241
1.57241
1.57241
1.57241
1.57241
1.57241
1.57241
1.57241
1.57241
1.57241
1.57241
1.5289
1.5289
1.5289
1.5289
1.5289
1.5289
1.5289
1.5289
1.5289
1.5289
1.5289
1.5289
1.5289
1.5289
1.5289
1.5289
1.5289
1.5289
1.5289
1.5289
1.49089
1.4909
1.4909
1.4909
1.4909
1.4909
1.4909
1.4909
1.4909
1.4909
1.4909
1.4909
1.4909
1.4909
1.4909
1.4909
1.4909
1.4909
1.49089
1.49089
1.4573
1.4573
1.4573
1.4573
1.4573
1.4573
1.4573
1.4573
1.4573
1.4573
1.4573
1.4573
1.4573
1.4573
1.4573
1.4573
1.4573
1.4573
1.4573
1.4573
1.42737
1.42737
1.42737
1.42737
1.42737
1.42737
1.42737
1.42737
1.42737
1.42737
1.42737
1.42737
1.42737
1.42737
1.42737
1.42737
1.42737
1.42737
1.42737
1.42737
1.40055
1.40055
1.40055
1.40055
1.40055
1.40055
1.40055
1.40055
1.40055
1.40055
1.40055
1.40055
1.40055
1.40055
1.40055
1.40055
1.40055
1.40055
1.40055
1.40055
1.37643
1.37643
1.37643
1.37643
1.37643
1.37643
1.37643
1.37643
1.37643
1.37643
1.37643
1.37643
1.37643
1.37643
1.37643
1.37643
1.37643
1.37643
1.37643
1.37643
1.35468
1.35468
1.35468
1.35468
1.35468
1.35468
1.35468
1.35468
1.35468
1.35468
1.35468
1.35468
1.35468
1.35468
1.35468
1.35468
1.35468
1.35468
1.35468
1.35468
1.33505
1.33505
1.33505
1.33505
1.33505
1.33505
1.33505
1.33505
1.33505
1.33505
1.33505
1.33505
1.33505
1.33505
1.33505
1.33505
1.33505
1.33505
1.33505
1.33505
1.31732
1.31732
1.31732
1.31732
1.31732
1.31732
1.31732
1.31732
1.31732
1.31732
1.31732
1.31732
1.31732
1.31732
1.31732
1.31732
1.31732
1.31732
1.31732
1.31732
1.3013
1.3013
1.3013
1.3013
1.3013
1.3013
1.3013
1.3013
1.3013
1.3013
1.3013
1.3013
1.3013
1.3013
1.3013
1.3013
1.3013
1.3013
1.3013
1.3013
1.28685
1.28685
1.28685
1.28685
1.28685
1.28685
1.28685
1.28685
1.28685
1.28685
1.28685
1.28685
1.28685
1.28685
1.28685
1.28685
1.28685
1.28685
1.28685
1.28685
1.27383
1.27383
1.27383
1.27383
1.27383
1.27383
1.27383
1.27383
1.27383
1.27383
1.27383
1.27383
1.27383
1.27383
1.27383
1.27383
1.27383
1.27383
1.27383
1.27383
1.26198
1.26198
1.26198
1.26198
1.26198
1.26198
1.26198
1.26198
1.26198
1.26198
1.26198
1.26198
1.26198
1.26198
1.26198
1.26198
1.26198
1.26198
1.26198
1.26198
1.25154
1.25154
1.25154
1.25154
1.25154
1.25154
1.25154
1.25154
1.25154
1.25154
1.25154
1.25154
1.25154
1.25154
1.25154
1.25154
1.25154
1.25154
1.25154
1.25154
1.25375
1.25375
1.25375
1.25375
1.25375
1.25375
1.25375
1.25375
1.25375
1.25375
1.25375
1.25375
1.25375
1.25375
1.25375
1.25375
1.25375
1.25375
1.25375
1.25375
)
;

boundaryField
{
    up
    {
        type            myTemperature;
        value           nonuniform List<scalar> 
80
(
1.21002
1.21002
1.21002
1.21002
1.21002
1.21002
1.21002
1.21002
1.21002
1.21002
1.21002
1.21002
1.21002
1.21002
1.21002
1.21002
1.21002
1.21002
1.21002
1.21002
1.21002
1.21002
1.21002
1.21002
1.21002
1.21002
1.21002
1.21002
1.21002
1.21002
1.21002
1.21002
1.21002
1.21002
1.21002
1.21002
1.21002
1.21002
1.21002
1.21002
1.21002
1.21002
1.21002
1.21002
1.21002
1.21002
1.21002
1.21002
1.21002
1.21002
1.21002
1.21002
1.21002
1.21002
1.21002
1.21002
1.21002
1.21002
1.21002
1.21002
1.21002
1.21002
1.21002
1.21002
1.21002
1.21002
1.21002
1.21002
1.21002
1.21002
1.21002
1.21002
1.21002
1.21002
1.21002
1.21002
1.21002
1.21002
1.21002
1.21002
)
;
    }
    hole
    {
        type            myTemperature;
        value           nonuniform List<scalar> 
80
(
1.79253
1.79254
1.79254
1.79255
1.79255
1.79255
1.79255
1.79255
1.79255
1.79255
1.79255
1.79255
1.79255
1.79255
1.79255
1.79255
1.79255
1.79254
1.79254
1.79253
1.79253
1.79254
1.79254
1.79255
1.79255
1.79255
1.79255
1.79255
1.79255
1.79255
1.79255
1.79255
1.79255
1.79255
1.79255
1.79255
1.79255
1.79254
1.79254
1.79253
1.79253
1.79254
1.79254
1.79255
1.79255
1.79255
1.79255
1.79255
1.79255
1.79255
1.79255
1.79255
1.79255
1.79255
1.79255
1.79255
1.79255
1.79254
1.79254
1.79253
1.79253
1.79254
1.79254
1.79255
1.79255
1.79255
1.79255
1.79255
1.79255
1.79255
1.79255
1.79255
1.79255
1.79255
1.79255
1.79255
1.79255
1.79254
1.79254
1.79253
)
;
    }
    frontAndBack
    {
        type            empty;
    }
}


// ************************************************************************* //
