/*--------------------------------*- C++ -*----------------------------------*\
| =========                 |                                                 |
| \\      /  F ield         | OpenFOAM: The Open Source CFD Toolbox           |
|  \\    /   O peration     | Version:  2.2.0                                 |
|   \\  /    A nd           | Web:      www.OpenFOAM.org                      |
|    \\/     M anipulation  |                                                 |
\*---------------------------------------------------------------------------*/
FoamFile
{
    version     2.0;
    format      ascii;
    class       volScalarField;
    location    "80";
    object      Theta;
}
// * * * * * * * * * * * * * * * * * * * * * * * * * * * * * * * * * * * * * //

dimensions      [0 2 -2 0 0 0 0];

internalField   nonuniform List<scalar> 
320
(
2.34858
2.05838
1.93754
1.77089
1.67965
1.56921
1.48851
1.41205
2.34858
2.05838
1.93754
1.7709
1.67965
1.56921
1.48851
1.41205
2.34858
2.05838
1.93754
1.77089
1.67965
1.56921
1.48851
1.41205
2.34858
2.05838
1.93754
1.7709
1.67965
1.56921
1.48851
1.41205
2.34858
2.05838
1.93754
1.7709
1.67965
1.56921
1.48851
1.41205
2.34858
2.05838
1.93754
1.7709
1.67965
1.56921
1.48851
1.41205
2.34858
2.05838
1.93754
1.7709
1.67965
1.56921
1.48851
1.41205
2.34858
2.05838
1.93754
1.7709
1.67965
1.56921
1.48851
1.41205
2.34858
2.05838
1.93754
1.7709
1.67965
1.56921
1.48851
1.41205
2.34858
2.05838
1.93754
1.77089
1.67965
1.56921
1.48851
1.41205
2.34858
2.05838
1.93754
1.77089
1.67965
1.56921
1.48851
1.41205
2.34858
2.05838
1.93754
1.7709
1.67965
1.56921
1.48851
1.41205
2.34858
2.05838
1.93754
1.7709
1.67965
1.56921
1.48851
1.41205
2.34858
2.05838
1.93754
1.7709
1.67965
1.56921
1.48851
1.41205
2.34858
2.05838
1.93754
1.7709
1.67965
1.56921
1.48851
1.41205
2.34858
2.05838
1.93754
1.7709
1.67965
1.56921
1.48851
1.41205
2.34858
2.05838
1.93754
1.7709
1.67965
1.56921
1.48851
1.41205
2.34858
2.05838
1.93754
1.7709
1.67965
1.56921
1.48851
1.41205
2.34858
2.05838
1.93754
1.7709
1.67965
1.56921
1.48851
1.41205
2.34858
2.05838
1.93754
1.77089
1.67965
1.56921
1.48851
1.41205
2.34858
2.05838
1.93754
1.77089
1.67965
1.56921
1.48851
1.41205
2.34858
2.05838
1.93754
1.7709
1.67965
1.56921
1.48851
1.41205
2.34858
2.05838
1.93754
1.7709
1.67965
1.56921
1.48851
1.41205
2.34858
2.05838
1.93754
1.7709
1.67965
1.56921
1.48851
1.41205
2.34858
2.05838
1.93754
1.7709
1.67965
1.56921
1.48851
1.41205
2.34858
2.05838
1.93754
1.7709
1.67965
1.56921
1.48851
1.41205
2.34858
2.05838
1.93754
1.7709
1.67965
1.56921
1.48851
1.41205
2.34858
2.05838
1.93754
1.7709
1.67965
1.56921
1.48851
1.41205
2.34858
2.05838
1.93754
1.7709
1.67965
1.56921
1.48851
1.41205
2.34858
2.05838
1.93754
1.77089
1.67965
1.56921
1.48851
1.41205
2.34858
2.05838
1.93754
1.77089
1.67965
1.56921
1.48851
1.41205
2.34858
2.05838
1.93754
1.7709
1.67965
1.56921
1.48851
1.41205
2.34858
2.05838
1.93754
1.7709
1.67965
1.56921
1.48851
1.41205
2.34858
2.05838
1.93754
1.7709
1.67965
1.56921
1.48851
1.41205
2.34858
2.05838
1.93754
1.7709
1.67965
1.56921
1.48851
1.41205
2.34858
2.05838
1.93754
1.7709
1.67965
1.56921
1.48851
1.41205
2.34858
2.05838
1.93754
1.7709
1.67965
1.56921
1.48851
1.41205
2.34858
2.05838
1.93754
1.7709
1.67965
1.56921
1.48851
1.41205
2.34858
2.05838
1.93754
1.77089
1.67965
1.56921
1.48851
1.41205
2.34858
2.05838
1.93754
1.7709
1.67965
1.56921
1.48851
1.41205
)
;

boundaryField
{
    up
    {
        type            myTemperature;
        value           nonuniform List<scalar> 
40
(
1.37441
1.37441
1.37441
1.37441
1.37441
1.37441
1.37441
1.37441
1.37441
1.37441
1.37441
1.37441
1.37441
1.37441
1.37441
1.37441
1.37441
1.37441
1.37441
1.37441
1.37441
1.37441
1.37441
1.37441
1.37441
1.37441
1.37441
1.37441
1.37441
1.37441
1.37441
1.37441
1.37441
1.37441
1.37441
1.37441
1.37441
1.37441
1.37441
1.37441
)
;
    }
    hole
    {
        type            myTemperature;
        value           nonuniform List<scalar> 
40
(
2.50229
2.50229
2.50229
2.50229
2.50229
2.50229
2.50229
2.50229
2.50229
2.50229
2.50229
2.50229
2.50229
2.50229
2.50229
2.50229
2.50229
2.50229
2.50229
2.50229
2.50229
2.50229
2.50229
2.50229
2.50229
2.50229
2.50229
2.50229
2.50229
2.50229
2.50229
2.50229
2.50229
2.50229
2.50229
2.50229
2.50229
2.50229
2.50229
2.50229
)
;
    }
    frontAndBack
    {
        type            empty;
    }
}


// ************************************************************************* //
