/*--------------------------------*- C++ -*----------------------------------*\
| =========                 |                                                 |
| \\      /  F ield         | OpenFOAM: The Open Source CFD Toolbox           |
|  \\    /   O peration     | Version:  2.2.0                                 |
|   \\  /    A nd           | Web:      www.OpenFOAM.org                      |
|    \\/     M anipulation  |                                                 |
\*---------------------------------------------------------------------------*/
FoamFile
{
    version     2.0;
    format      ascii;
    class       volScalarField;
    location    "1.7";
    object      Theta;
}
// * * * * * * * * * * * * * * * * * * * * * * * * * * * * * * * * * * * * * //

dimensions      [0 2 -2 0 0 0 0];

internalField   nonuniform List<scalar> 
1600
(
2.09406
1.93438
1.86172
1.80421
1.75492
1.71239
1.67466
1.64069
1.60976
1.58136
1.5551
1.53068
1.50789
1.48652
1.46643
1.44748
1.42958
1.41272
1.39407
1.39676
2.09411
1.93438
1.86173
1.80421
1.75492
1.71239
1.67466
1.64069
1.60976
1.58136
1.5551
1.53068
1.50789
1.48652
1.46643
1.44748
1.42958
1.41272
1.39407
1.39676
2.09411
1.93439
1.86173
1.80421
1.75492
1.71239
1.67466
1.6407
1.60976
1.58136
1.5551
1.53068
1.50789
1.48652
1.46643
1.44748
1.42958
1.41272
1.39407
1.39676
2.09411
1.93439
1.86173
1.80422
1.75492
1.71239
1.67466
1.6407
1.60976
1.58136
1.5551
1.53068
1.50789
1.48652
1.46643
1.44748
1.42958
1.41272
1.39407
1.39676
2.0941
1.93439
1.86173
1.80422
1.75492
1.71239
1.67467
1.6407
1.60976
1.58136
1.5551
1.53068
1.50789
1.48652
1.46643
1.44748
1.42958
1.41272
1.39407
1.39676
2.0941
1.93439
1.86173
1.80422
1.75492
1.71239
1.67467
1.6407
1.60976
1.58136
1.5551
1.53068
1.50789
1.48652
1.46643
1.44748
1.42958
1.41272
1.39407
1.39676
2.09411
1.93439
1.86173
1.80422
1.75492
1.7124
1.67467
1.6407
1.60976
1.58136
1.5551
1.53068
1.50789
1.48652
1.46643
1.44748
1.42958
1.41272
1.39407
1.39676
2.09411
1.93439
1.86173
1.80422
1.75492
1.7124
1.67467
1.6407
1.60976
1.58136
1.5551
1.53068
1.50789
1.48652
1.46643
1.44748
1.42958
1.41272
1.39407
1.39676
2.09411
1.93439
1.86173
1.80422
1.75493
1.7124
1.67467
1.6407
1.60976
1.58136
1.5551
1.53068
1.50789
1.48652
1.46643
1.44748
1.42958
1.41272
1.39407
1.39676
2.09411
1.93439
1.86173
1.80422
1.75493
1.7124
1.67467
1.6407
1.60976
1.58136
1.5551
1.53068
1.50789
1.48652
1.46643
1.44748
1.42958
1.41272
1.39407
1.39676
2.09411
1.93439
1.86173
1.80422
1.75493
1.7124
1.67467
1.6407
1.60976
1.58136
1.5551
1.53068
1.50789
1.48652
1.46643
1.44748
1.42958
1.41272
1.39407
1.39676
2.09411
1.93439
1.86173
1.80422
1.75493
1.7124
1.67467
1.6407
1.60976
1.58136
1.5551
1.53068
1.50789
1.48652
1.46643
1.44748
1.42958
1.41272
1.39407
1.39676
2.09411
1.93439
1.86173
1.80422
1.75493
1.7124
1.67467
1.6407
1.60976
1.58136
1.5551
1.53068
1.50789
1.48652
1.46643
1.44748
1.42958
1.41272
1.39407
1.39676
2.09411
1.93439
1.86173
1.80422
1.75492
1.7124
1.67467
1.6407
1.60976
1.58136
1.5551
1.53068
1.50789
1.48652
1.46643
1.44748
1.42958
1.41272
1.39407
1.39676
2.09411
1.93439
1.86173
1.80422
1.75492
1.7124
1.67467
1.6407
1.60976
1.58136
1.5551
1.53068
1.50789
1.48652
1.46643
1.44748
1.42958
1.41272
1.39407
1.39676
2.09411
1.93439
1.86173
1.80422
1.75492
1.71239
1.67467
1.6407
1.60976
1.58136
1.5551
1.53068
1.50789
1.48652
1.46643
1.44748
1.42958
1.41272
1.39407
1.39676
2.09411
1.93439
1.86173
1.80422
1.75492
1.71239
1.67467
1.6407
1.60976
1.58136
1.5551
1.53068
1.50789
1.48652
1.46643
1.44748
1.42958
1.41272
1.39407
1.39676
2.09411
1.93439
1.86173
1.80421
1.75492
1.71239
1.67467
1.6407
1.60976
1.58136
1.5551
1.53068
1.50789
1.48652
1.46643
1.44748
1.42958
1.41272
1.39407
1.39676
2.09412
1.93438
1.86173
1.80421
1.75492
1.71239
1.67466
1.6407
1.60976
1.58136
1.5551
1.53068
1.50789
1.48652
1.46643
1.44748
1.42958
1.41272
1.39407
1.39676
2.09406
1.93438
1.86172
1.80421
1.75492
1.71239
1.67466
1.6407
1.60976
1.58136
1.5551
1.53068
1.50789
1.48652
1.46643
1.44748
1.42958
1.41272
1.39407
1.39676
2.09406
1.93438
1.86172
1.80421
1.75492
1.71239
1.67466
1.6407
1.60976
1.58136
1.5551
1.53068
1.50789
1.48652
1.46643
1.44748
1.42958
1.41272
1.39407
1.39676
2.09412
1.93438
1.86173
1.80421
1.75492
1.71239
1.67466
1.6407
1.60976
1.58136
1.5551
1.53068
1.50789
1.48652
1.46643
1.44748
1.42958
1.41272
1.39407
1.39676
2.09411
1.93439
1.86173
1.80421
1.75492
1.71239
1.67467
1.6407
1.60976
1.58136
1.5551
1.53068
1.50789
1.48652
1.46643
1.44748
1.42958
1.41272
1.39407
1.39676
2.09411
1.93439
1.86173
1.80422
1.75492
1.71239
1.67467
1.6407
1.60976
1.58136
1.5551
1.53068
1.50789
1.48652
1.46643
1.44748
1.42958
1.41272
1.39407
1.39676
2.09411
1.93439
1.86173
1.80422
1.75492
1.71239
1.67467
1.6407
1.60976
1.58136
1.5551
1.53068
1.50789
1.48652
1.46643
1.44748
1.42958
1.41272
1.39407
1.39676
2.0941
1.93439
1.86173
1.80422
1.75492
1.7124
1.67467
1.6407
1.60976
1.58136
1.5551
1.53068
1.50789
1.48652
1.46643
1.44748
1.42958
1.41272
1.39407
1.39676
2.09411
1.93439
1.86173
1.80422
1.75492
1.7124
1.67467
1.6407
1.60976
1.58136
1.5551
1.53068
1.50789
1.48652
1.46643
1.44748
1.42958
1.41272
1.39407
1.39676
2.09411
1.93439
1.86173
1.80422
1.75492
1.7124
1.67467
1.6407
1.60977
1.58136
1.5551
1.53068
1.50789
1.48652
1.46643
1.44748
1.42958
1.41272
1.39407
1.39676
2.09411
1.93439
1.86173
1.80422
1.75492
1.7124
1.67467
1.6407
1.60977
1.58136
1.5551
1.53068
1.50789
1.48652
1.46643
1.44748
1.42958
1.41272
1.39407
1.39676
2.09411
1.93439
1.86173
1.80422
1.75492
1.7124
1.67467
1.6407
1.60977
1.58136
1.5551
1.53068
1.50789
1.48652
1.46643
1.44748
1.42958
1.41272
1.39407
1.39676
2.09411
1.93439
1.86173
1.80422
1.75492
1.7124
1.67467
1.6407
1.60977
1.58136
1.5551
1.53068
1.50789
1.48652
1.46643
1.44748
1.42958
1.41272
1.39407
1.39676
2.09411
1.93439
1.86173
1.80422
1.75492
1.7124
1.67467
1.6407
1.60977
1.58136
1.5551
1.53068
1.50789
1.48652
1.46643
1.44748
1.42958
1.41272
1.39407
1.39676
2.09411
1.93439
1.86173
1.80422
1.75492
1.7124
1.67467
1.6407
1.60976
1.58136
1.5551
1.53068
1.50789
1.48652
1.46643
1.44748
1.42958
1.41272
1.39407
1.39676
2.0941
1.93439
1.86173
1.80422
1.75492
1.7124
1.67467
1.6407
1.60976
1.58136
1.5551
1.53068
1.50789
1.48652
1.46643
1.44748
1.42958
1.41272
1.39407
1.39676
2.0941
1.93439
1.86173
1.80422
1.75492
1.71239
1.67467
1.6407
1.60976
1.58136
1.5551
1.53068
1.50789
1.48652
1.46643
1.44748
1.42958
1.41272
1.39407
1.39676
2.0941
1.93439
1.86173
1.80422
1.75492
1.71239
1.67467
1.6407
1.60976
1.58136
1.5551
1.53068
1.50789
1.48652
1.46643
1.44748
1.42958
1.41272
1.39407
1.39676
2.09411
1.93439
1.86173
1.80421
1.75492
1.71239
1.67467
1.6407
1.60976
1.58136
1.5551
1.53068
1.50789
1.48652
1.46643
1.44748
1.42958
1.41272
1.39407
1.39676
2.09411
1.93439
1.86173
1.80421
1.75492
1.71239
1.67466
1.6407
1.60976
1.58136
1.5551
1.53068
1.50789
1.48652
1.46643
1.44748
1.42958
1.41272
1.39407
1.39676
2.09412
1.93438
1.86173
1.80421
1.75492
1.71239
1.67466
1.6407
1.60976
1.58136
1.5551
1.53068
1.50789
1.48652
1.46643
1.44748
1.42958
1.41272
1.39407
1.39676
2.09405
1.93438
1.86172
1.80421
1.75492
1.71239
1.67466
1.6407
1.60976
1.58136
1.5551
1.53068
1.50789
1.48652
1.46643
1.44748
1.42958
1.41272
1.39407
1.39676
2.09405
1.93438
1.86172
1.80421
1.75492
1.71239
1.67466
1.6407
1.60976
1.58136
1.5551
1.53068
1.50789
1.48652
1.46643
1.44748
1.42958
1.41272
1.39407
1.39676
2.09412
1.93438
1.86173
1.80421
1.75492
1.71239
1.67466
1.6407
1.60976
1.58136
1.5551
1.53068
1.50789
1.48652
1.46643
1.44748
1.42958
1.41272
1.39407
1.39676
2.09411
1.93439
1.86173
1.80421
1.75492
1.71239
1.67466
1.6407
1.60976
1.58136
1.5551
1.53068
1.50789
1.48652
1.46643
1.44748
1.42958
1.41272
1.39407
1.39676
2.09411
1.93439
1.86173
1.80421
1.75492
1.71239
1.67466
1.6407
1.60976
1.58136
1.5551
1.53068
1.50789
1.48652
1.46643
1.44748
1.42958
1.41272
1.39407
1.39676
2.0941
1.93439
1.86173
1.80422
1.75492
1.71239
1.67467
1.6407
1.60976
1.58136
1.5551
1.53068
1.50789
1.48652
1.46643
1.44748
1.42958
1.41272
1.39407
1.39676
2.0941
1.93439
1.86173
1.80422
1.75492
1.71239
1.67467
1.6407
1.60976
1.58136
1.5551
1.53068
1.50789
1.48652
1.46643
1.44748
1.42958
1.41272
1.39407
1.39676
2.0941
1.93439
1.86173
1.80422
1.75492
1.71239
1.67467
1.6407
1.60976
1.58136
1.5551
1.53068
1.50789
1.48652
1.46643
1.44748
1.42958
1.41272
1.39407
1.39676
2.09411
1.93439
1.86173
1.80422
1.75492
1.7124
1.67467
1.6407
1.60976
1.58136
1.5551
1.53068
1.50789
1.48652
1.46643
1.44748
1.42958
1.41272
1.39407
1.39676
2.09411
1.93439
1.86173
1.80422
1.75492
1.7124
1.67467
1.6407
1.60977
1.58136
1.5551
1.53068
1.50789
1.48652
1.46643
1.44748
1.42958
1.41272
1.39407
1.39676
2.09411
1.93439
1.86173
1.80422
1.75492
1.7124
1.67467
1.6407
1.60977
1.58136
1.5551
1.53068
1.50789
1.48652
1.46643
1.44748
1.42958
1.41272
1.39407
1.39676
2.09411
1.93439
1.86173
1.80422
1.75492
1.7124
1.67467
1.6407
1.60977
1.58136
1.5551
1.53068
1.50789
1.48652
1.46643
1.44748
1.42958
1.41273
1.39407
1.39676
2.0941
1.93439
1.86173
1.80422
1.75492
1.7124
1.67467
1.6407
1.60977
1.58136
1.5551
1.53068
1.50789
1.48653
1.46643
1.44748
1.42958
1.41273
1.39407
1.39676
2.0941
1.93439
1.86173
1.80422
1.75492
1.7124
1.67467
1.6407
1.60977
1.58136
1.5551
1.53068
1.50789
1.48653
1.46643
1.44748
1.42958
1.41273
1.39407
1.39676
2.0941
1.93439
1.86173
1.80422
1.75492
1.7124
1.67467
1.6407
1.60977
1.58136
1.5551
1.53068
1.50789
1.48653
1.46643
1.44748
1.42958
1.41273
1.39407
1.39676
2.0941
1.93439
1.86173
1.80422
1.75492
1.71239
1.67467
1.6407
1.60977
1.58136
1.5551
1.53068
1.50789
1.48653
1.46643
1.44748
1.42958
1.41273
1.39407
1.39676
2.0941
1.93439
1.86173
1.80422
1.75492
1.71239
1.67467
1.6407
1.60977
1.58136
1.5551
1.53068
1.50789
1.48653
1.46643
1.44748
1.42958
1.41273
1.39407
1.39676
2.09411
1.93439
1.86173
1.80422
1.75492
1.71239
1.67467
1.6407
1.60977
1.58136
1.5551
1.53068
1.50789
1.48653
1.46643
1.44748
1.42958
1.41272
1.39407
1.39676
2.09411
1.93439
1.86173
1.80421
1.75492
1.71239
1.67467
1.6407
1.60976
1.58136
1.5551
1.53068
1.50789
1.48653
1.46643
1.44748
1.42958
1.41272
1.39407
1.39676
2.09412
1.93438
1.86173
1.80421
1.75492
1.71239
1.67467
1.6407
1.60976
1.58136
1.5551
1.53068
1.50789
1.48652
1.46643
1.44748
1.42958
1.41272
1.39407
1.39676
2.09406
1.93438
1.86172
1.80421
1.75492
1.71239
1.67467
1.6407
1.60976
1.58136
1.5551
1.53068
1.50789
1.48652
1.46643
1.44748
1.42958
1.41272
1.39407
1.39676
2.09405
2.09411
2.09411
2.09411
2.0941
2.09411
2.09411
2.09411
2.09411
2.09411
2.09411
2.09411
2.09411
2.0941
2.0941
2.09411
2.09411
2.09412
2.09412
2.09405
1.93438
1.93438
1.93439
1.93439
1.93439
1.93439
1.93439
1.93439
1.93439
1.93439
1.93439
1.93439
1.93439
1.93439
1.93439
1.93439
1.93439
1.93439
1.93438
1.93438
1.86172
1.86173
1.86173
1.86173
1.86173
1.86173
1.86173
1.86173
1.86173
1.86173
1.86173
1.86173
1.86173
1.86173
1.86173
1.86173
1.86173
1.86173
1.86173
1.86172
1.80421
1.80421
1.80421
1.80422
1.80422
1.80422
1.80422
1.80422
1.80422
1.80422
1.80422
1.80422
1.80422
1.80422
1.80422
1.80422
1.80422
1.80421
1.80421
1.80421
1.75492
1.75492
1.75492
1.75492
1.75492
1.75492
1.75492
1.75492
1.75492
1.75492
1.75492
1.75492
1.75492
1.75492
1.75492
1.75492
1.75492
1.75492
1.75492
1.75492
1.71239
1.71239
1.71239
1.71239
1.71239
1.71239
1.71239
1.7124
1.7124
1.7124
1.7124
1.7124
1.7124
1.7124
1.7124
1.71239
1.71239
1.71239
1.71239
1.71239
1.67466
1.67466
1.67466
1.67466
1.67467
1.67467
1.67467
1.67467
1.67467
1.67467
1.67467
1.67467
1.67467
1.67467
1.67467
1.67467
1.67467
1.67467
1.67467
1.67467
1.64069
1.64069
1.6407
1.6407
1.6407
1.6407
1.6407
1.6407
1.6407
1.6407
1.6407
1.6407
1.6407
1.6407
1.6407
1.6407
1.6407
1.6407
1.6407
1.6407
1.60976
1.60976
1.60976
1.60976
1.60976
1.60976
1.60976
1.60976
1.60976
1.60976
1.60977
1.60977
1.60977
1.60977
1.60977
1.60977
1.60976
1.60976
1.60976
1.60976
1.58136
1.58136
1.58136
1.58136
1.58136
1.58136
1.58136
1.58136
1.58136
1.58136
1.58136
1.58136
1.58136
1.58136
1.58136
1.58136
1.58136
1.58136
1.58136
1.58136
1.5551
1.5551
1.5551
1.5551
1.5551
1.5551
1.5551
1.5551
1.5551
1.5551
1.5551
1.5551
1.5551
1.5551
1.5551
1.5551
1.5551
1.5551
1.5551
1.5551
1.53068
1.53068
1.53068
1.53068
1.53068
1.53068
1.53068
1.53068
1.53068
1.53068
1.53068
1.53068
1.53068
1.53068
1.53068
1.53068
1.53068
1.53068
1.53068
1.53068
1.50789
1.50789
1.50789
1.50789
1.50789
1.50789
1.50789
1.50789
1.50789
1.50789
1.50789
1.50789
1.50789
1.50789
1.50789
1.50789
1.50789
1.50789
1.50789
1.50789
1.48652
1.48652
1.48652
1.48652
1.48652
1.48652
1.48652
1.48652
1.48652
1.48652
1.48652
1.48652
1.48652
1.48652
1.48652
1.48652
1.48652
1.48652
1.48652
1.48652
1.46643
1.46643
1.46643
1.46643
1.46643
1.46643
1.46643
1.46643
1.46643
1.46643
1.46643
1.46643
1.46643
1.46643
1.46643
1.46643
1.46643
1.46643
1.46643
1.46643
1.44748
1.44748
1.44748
1.44748
1.44748
1.44748
1.44748
1.44748
1.44748
1.44748
1.44748
1.44748
1.44748
1.44748
1.44748
1.44748
1.44748
1.44748
1.44748
1.44748
1.42958
1.42958
1.42958
1.42958
1.42958
1.42958
1.42958
1.42958
1.42958
1.42958
1.42958
1.42958
1.42958
1.42958
1.42958
1.42958
1.42958
1.42958
1.42958
1.42958
1.41272
1.41272
1.41272
1.41272
1.41272
1.41272
1.41272
1.41272
1.41272
1.41272
1.41272
1.41272
1.41272
1.41272
1.41272
1.41272
1.41272
1.41272
1.41272
1.41272
1.39407
1.39407
1.39407
1.39407
1.39407
1.39407
1.39407
1.39407
1.39407
1.39407
1.39407
1.39407
1.39407
1.39407
1.39407
1.39407
1.39407
1.39407
1.39407
1.39407
1.39676
1.39676
1.39676
1.39676
1.39676
1.39676
1.39676
1.39676
1.39676
1.39676
1.39676
1.39676
1.39676
1.39676
1.39676
1.39676
1.39676
1.39676
1.39676
1.39676
)
;

boundaryField
{
    up
    {
        type            myTemperature;
        value           nonuniform List<scalar> 
80
(
1.36536
1.36536
1.36536
1.36536
1.36536
1.36536
1.36536
1.36536
1.36536
1.36536
1.36536
1.36536
1.36536
1.36536
1.36536
1.36536
1.36536
1.36536
1.36536
1.36536
1.36536
1.36536
1.36536
1.36536
1.36536
1.36536
1.36536
1.36536
1.36536
1.36536
1.36536
1.36536
1.36536
1.36536
1.36536
1.36536
1.36536
1.36536
1.36536
1.36536
1.36536
1.36536
1.36536
1.36536
1.36536
1.36536
1.36536
1.36536
1.36536
1.36536
1.36536
1.36536
1.36536
1.36536
1.36536
1.36536
1.36536
1.36536
1.36536
1.36536
1.36536
1.36536
1.36536
1.36536
1.36536
1.36536
1.36536
1.36536
1.36536
1.36536
1.36536
1.36536
1.36536
1.36536
1.36536
1.36536
1.36536
1.36536
1.36536
1.36536
)
;
    }
    hole
    {
        type            myTemperature;
        value           nonuniform List<scalar> 
80
(
1.98714
1.98714
1.98715
1.98715
1.98715
1.98715
1.98715
1.98715
1.98715
1.98715
1.98715
1.98715
1.98715
1.98715
1.98715
1.98715
1.98715
1.98715
1.98714
1.98714
1.98714
1.98714
1.98715
1.98715
1.98715
1.98715
1.98715
1.98715
1.98715
1.98715
1.98715
1.98715
1.98715
1.98715
1.98715
1.98715
1.98715
1.98714
1.98714
1.98713
1.98713
1.98714
1.98714
1.98715
1.98715
1.98715
1.98715
1.98715
1.98715
1.98715
1.98715
1.98715
1.98715
1.98715
1.98715
1.98715
1.98715
1.98714
1.98714
1.98713
1.98714
1.98714
1.98715
1.98715
1.98715
1.98715
1.98715
1.98715
1.98715
1.98715
1.98715
1.98715
1.98715
1.98715
1.98715
1.98715
1.98715
1.98714
1.98714
1.98713
)
;
    }
    frontAndBack
    {
        type            empty;
    }
}


// ************************************************************************* //
