/*--------------------------------*- C++ -*----------------------------------*\
| =========                 |                                                 |
| \\      /  F ield         | OpenFOAM: The Open Source CFD Toolbox           |
|  \\    /   O peration     | Version:  2.2.0                                 |
|   \\  /    A nd           | Web:      www.OpenFOAM.org                      |
|    \\/     M anipulation  |                                                 |
\*---------------------------------------------------------------------------*/
FoamFile
{
    version     2.0;
    format      ascii;
    class       volVectorField;
    location    "15";
    object      s;
}
// * * * * * * * * * * * * * * * * * * * * * * * * * * * * * * * * * * * * * //

dimensions      [0 1 -1 0 0 0 0];

internalField   nonuniform List<vector> 
3012
(
(0.253641 -0.0444761 0)
(-0.0432445 -0.252134 0)
(-0.254246 0.0458569 0)
(0.0428385 0.252886 0)
(-0.0854605 0.47122 0)
(0.469598 0.0824413 0)
(0.0826381 -0.469604 0)
(-0.471655 -0.0823293 0)
(0.183283 -0.181393 0)
(-0.181169 -0.182397 0)
(0.180565 0.182461 0)
(-0.184696 0.184458 0)
(-0.00727641 -0.172767 0)
(0.173753 -0.00888308 0)
(-0.173823 0.00894994 0)
(0.0068186 0.173345 0)
(-0.117632 0.456443 0)
(0.452711 0.113719 0)
(0.113396 -0.452472 0)
(-0.454675 -0.113202 0)
(-0.0629626 0.132578 0)
(0.130623 0.0618867 0)
(-0.131417 -0.0620978 0)
(0.0626479 -0.13216 0)
(-0.284317 0.00439268 0)
(-0.00228484 -0.282197 0)
(0.00120005 0.283655 0)
(0.283464 -0.0034021 0)
(0.158277 -0.0856976 0)
(-0.158131 0.0873207 0)
(0.0854369 0.15637 0)
(-0.0854027 -0.156455 0)
(0.0723924 0.156192 0)
(-0.158073 0.074326 0)
(0.158473 -0.0728504 0)
(-0.0723474 -0.156299 0)
(-0.0113942 -0.303428 0)
(-0.305261 0.0134555 0)
(0.304231 -0.0121074 0)
(0.0100862 0.304548 0)
(-0.00615348 -0.156897 0)
(-0.157919 0.00734997 0)
(0.00556195 0.15758 0)
(0.157624 -0.00761939 0)
(0.0618309 0.161151 0)
(-0.061842 -0.161467 0)
(0.163832 -0.0625779 0)
(-0.163189 0.0638033 0)
(-0.0532977 -0.141192 0)
(-0.142898 0.0548364 0)
(0.143729 -0.053834 0)
(0.0536024 0.14088 0)
(0.24572 -0.0399144 0)
(-0.0385297 -0.244475 0)
(0.0381551 0.244847 0)
(-0.246237 0.0410541 0)
(0.226339 -0.371048 0)
(0.371197 0.226158 0)
(-0.234773 0.381915 0)
(-0.372309 -0.226177 0)
(0.203463 -0.410325 0)
(0.410314 0.203081 0)
(-0.211058 0.419925 0)
(-0.411847 -0.20326 0)
(0.00427712 -0.177624 0)
(0.178221 0.00265967 0)
(-0.178629 -0.00244208 0)
(-0.00464129 0.178383 0)
(-0.155109 -0.0273678 0)
(-0.0289303 0.155874 0)
(0.028995 -0.155303 0)
(0.154969 0.0277236 0)
(-0.124065 0.0986892 0)
(-0.0973416 -0.123115 0)
(0.0975811 0.12331 0)
(0.123488 -0.0971047 0)
(0.128498 -0.0783539 0)
(-0.128759 0.0795914 0)
(-0.0785366 -0.127351 0)
(0.0787346 0.127222 0)
(0.00705538 -0.191676 0)
(0.192306 0.00545329 0)
(-0.00750462 0.19225 0)
(-0.192513 -0.00518167 0)
(-0.149713 -0.00825275 0)
(-0.00937388 0.149941 0)
(0.00955018 -0.149119 0)
(0.149065 0.00852472 0)
(0.0685022 0.142279 0)
(-0.144404 0.0698583 0)
(0.144571 -0.0684996 0)
(-0.0682698 -0.142369 0)
(-0.191528 -0.18135 0)
(0.182194 -0.191724 0)
(0.190802 0.181369 0)
(-0.183774 0.194863 0)
(0.292939 0.125091 0)
(-0.128325 0.29662 0)
(0.125602 -0.292553 0)
(-0.293762 -0.124552 0)
(-0.1518 -0.028493 0)
(-0.0299496 0.152632 0)
(0.030021 -0.152105 0)
(0.151725 0.0288322 0)
(-0.120337 0.0981464 0)
(0.0972116 0.119661 0)
(-0.0969136 -0.119392 0)
(0.119707 -0.0966256 0)
(-0.124295 -0.0705945 0)
(0.0705091 -0.125807 0)
(0.123408 0.0704719 0)
(-0.0709695 0.126427 0)
(0.167626 -0.0460628 0)
(-0.16663 0.0469081 0)
(-0.0450326 -0.165076 0)
(0.0448346 0.164665 0)
(-0.0965842 -0.094913 0)
(0.0970402 0.0959451 0)
(-0.0951881 0.0970192 0)
(0.0944262 -0.0963345 0)
(0.131973 0.0389521 0)
(0.0393793 -0.132187 0)
(-0.0395316 0.132481 0)
(-0.130448 -0.0385781 0)
(-0.108242 -0.343354 0)
(0.344559 -0.10906 0)
(-0.346332 0.112295 0)
(0.10715 0.3438 0)
(-0.23902 -0.396709 0)
(0.238219 0.396691 0)
(-0.403504 0.248272 0)
(0.39754 -0.239634 0)
(-0.08776 -0.378392 0)
(0.379726 -0.088962 0)
(0.0870811 0.378928 0)
(-0.381237 0.0918586 0)
(-0.278559 -0.38397 0)
(-0.393436 0.290482 0)
(0.277746 0.383779 0)
(0.384426 -0.278705 0)
(-0.282008 0.0187651 0)
(0.0155931 0.281068 0)
(0.28115 -0.0175118 0)
(-0.0164608 -0.28004 0)
(-0.310841 0.32439 0)
(0.310541 0.300689 0)
(0.300556 -0.310717 0)
(-0.311584 -0.300342 0)
(-0.333776 0.293737 0)
(0.281956 0.324941 0)
(0.325146 -0.282617 0)
(-0.282713 -0.324983 0)
(0.0390813 0.137665 0)
(0.141748 -0.0395372 0)
(-0.0392107 -0.138862 0)
(-0.139964 0.0400644 0)
(-0.0583902 -0.14415 0)
(-0.146058 0.0599985 0)
(0.146778 -0.0588027 0)
(0.0586407 0.143844 0)
(-0.119847 -0.0768625 0)
(0.119024 0.0768229 0)
(-0.0769035 0.1212 0)
(0.0763981 -0.120506 0)
(0.34564 0.00666338 0)
(0.008238 -0.34501 0)
(-0.346599 -0.00533816 0)
(-0.00923533 0.346279 0)
(0.0769295 0.154629 0)
(-0.156481 0.0787373 0)
(0.156768 -0.0773001 0)
(-0.0769183 -0.154741 0)
(-0.273534 0.3298 0)
(-0.318787 -0.264191 0)
(0.264755 -0.317956 0)
(0.317804 0.264442 0)
(0.305072 -0.238415 0)
(-0.311287 0.24686 0)
(0.237452 0.304574 0)
(-0.238308 -0.304763 0)
(0.365417 -0.00531548 0)
(-0.00447034 -0.364856 0)
(-0.366544 0.00690175 0)
(0.00330365 0.365406 0)
(-0.0924056 0.171905 0)
(0.169744 0.0914207 0)
(0.0918888 -0.170573 0)
(-0.170203 -0.0911678 0)
(0.107471 -0.160816 0)
(-0.160492 -0.106828 0)
(-0.108036 0.162293 0)
(0.159951 0.1071 0)
(-0.123334 -0.0754043 0)
(0.122571 0.0753558 0)
(-0.075466 0.125308 0)
(0.0750296 -0.124654 0)
(-0.0939392 -0.167814 0)
(-0.169492 0.0961803 0)
(0.169476 -0.0944059 0)
(0.0937928 0.167775 0)
(0.00773226 -0.174656 0)
(0.175075 0.00619085 0)
(-0.00812 0.175402 0)
(-0.175383 -0.00606826 0)
(-0.0119942 -0.17526 0)
(-0.176422 0.0137929 0)
(0.176455 -0.0135994 0)
(0.0115137 0.175743 0)
(-0.0287477 -0.13472 0)
(-0.136107 0.0299374 0)
(0.0289114 0.133399 0)
(0.140117 -0.030546 0)
(0.0401627 -0.135828 0)
(0.135142 0.0391905 0)
(-0.133322 -0.0414417 0)
(-0.0396612 0.136368 0)
(-0.19168 -0.0105225 0)
(-0.0128563 0.191607 0)
(0.0123793 -0.190816 0)
(0.191182 0.0108482 0)
(-0.0995574 -0.0970958 0)
(0.0961406 -0.0997647 0)
(0.0997227 0.0978366 0)
(-0.0973553 0.100248 0)
(0.0872533 0.151713 0)
(0.15335 -0.0874949 0)
(-0.0872785 -0.151693 0)
(-0.153327 0.0891497 0)
(0.0447606 -0.138226 0)
(0.137239 0.0431676 0)
(-0.0449777 0.138776 0)
(-0.136147 -0.0432026 0)
(0.103222 0.0990167 0)
(-0.0986174 0.104344 0)
(0.0976392 -0.103175 0)
(-0.103273 -0.0981948 0)
(-0.165588 0.101231 0)
(-0.0990192 -0.16392 0)
(0.0989155 0.163938 0)
(0.165426 -0.0993661 0)
(-0.0626168 0.136947 0)
(0.134481 0.0609409 0)
(-0.135093 -0.0611676 0)
(0.0623405 -0.136448 0)
(0.0690819 -0.130877 0)
(-0.129397 -0.0690522 0)
(-0.0694634 0.131466 0)
(0.128677 0.0690145 0)
(-0.0977367 0.173234 0)
(0.170998 0.0966703 0)
(0.0971462 -0.171786 0)
(-0.171458 -0.0964098 0)
(0.105882 -0.167112 0)
(-0.106496 0.168648 0)
(-0.166846 -0.105178 0)
(0.166284 0.105461 0)
(-0.26125 -0.136223 0)
(0.137194 -0.260577 0)
(0.260425 0.136524 0)
(-0.139294 0.263927 0)
(0.0636084 0.129794 0)
(0.131871 -0.0639747 0)
(-0.0633828 -0.12937 0)
(-0.131828 0.0647684 0)
(-0.00599391 -0.143619 0)
(-0.144487 0.00675234 0)
(0.00536171 0.144444 0)
(0.143461 -0.00717491 0)
(-0.111541 0.175758 0)
(0.110825 -0.174059 0)
(0.173348 0.110397 0)
(-0.173965 -0.11002 0)
(-0.00687161 -0.159265 0)
(-0.160351 0.00831798 0)
(0.00648563 0.159833 0)
(0.16018 -0.00841123 0)
(-0.00306871 -0.172446 0)
(0.173234 -0.00460291 0)
(-0.173496 0.00477062 0)
(0.0027661 0.173066 0)
(0.272689 -0.0288741 0)
(-0.0275039 -0.271214 0)
(0.0269823 0.272231 0)
(-0.273427 0.0300857 0)
(0.036282 0.136719 0)
(-0.139143 0.0370646 0)
(0.141533 -0.036601 0)
(-0.0364277 -0.138115 0)
(-0.0267094 -0.407985 0)
(0.409649 -0.0280346 0)
(0.0254094 0.40908 0)
(-0.410742 0.0297247 0)
(-0.00318342 -0.431813 0)
(0.00166952 0.432851 0)
(0.432856 -0.00429755 0)
(-0.433957 0.00563413 0)
(0.0587283 0.159098 0)
(0.161932 -0.0594025 0)
(-0.0586837 -0.159478 0)
(-0.161155 0.0606258 0)
(-0.117315 0.17669 0)
(0.116582 -0.174902 0)
(0.174171 0.116146 0)
(-0.174827 -0.115742 0)
(-0.0487026 -0.160542 0)
(0.163261 -0.0496477 0)
(-0.162112 0.0505925 0)
(0.0485902 0.160012 0)
(0.269896 -0.0290025 0)
(-0.027818 -0.268704 0)
(0.027115 0.269563 0)
(-0.270706 0.0302572 0)
(-0.259592 -0.118571 0)
(0.119587 -0.25892 0)
(0.258859 0.118787 0)
(-0.121204 0.26182 0)
(-0.136691 -0.106026 0)
(-0.106886 0.138389 0)
(0.106322 -0.137076 0)
(0.136244 0.106403 0)
(0.00575772 -0.15055 0)
(-0.151334 -0.00457259 0)
(0.15058 0.00471495 0)
(-0.00572214 0.151618 0)
(0.0722401 -0.159707 0)
(0.158544 0.0715068 0)
(-0.0725285 0.160671 0)
(-0.158941 -0.0714101 0)
(0.284011 0.106662 0)
(-0.109589 0.28703 0)
(0.107552 -0.283873 0)
(-0.284809 -0.106138 0)
(-0.153603 -0.0124974 0)
(0.0139748 -0.153064 0)
(-0.0138579 0.153807 0)
(0.153025 0.0128254 0)
(-0.130233 0.0848618 0)
(0.129905 -0.0834819 0)
(-0.0837252 -0.128865 0)
(0.0839471 0.12871 0)
(-0.132228 0.0772191 0)
(0.132234 -0.0761003 0)
(-0.0762206 -0.130765 0)
(0.0762521 0.130543 0)
(0.085691 0.1188 0)
(-0.119923 0.0860419 0)
(0.119353 -0.0847972 0)
(-0.0851671 -0.118788 0)
(0.0192566 -0.145626 0)
(-0.145805 -0.017885 0)
(-0.0191232 0.145969 0)
(0.145372 0.0184535 0)
(-0.0268312 -0.134737 0)
(-0.136106 0.0275204 0)
(0.0274133 0.131938 0)
(0.141789 -0.0266012 0)
(0.0419827 0.131272 0)
(0.133993 -0.0425765 0)
(-0.133267 0.0428573 0)
(-0.0422615 -0.132233 0)
(0.087663 0.119779 0)
(-0.120812 0.0882588 0)
(-0.0872174 -0.119719 0)
(0.120279 -0.0868816 0)
(0.0210259 -0.147513 0)
(-0.147591 -0.0195486 0)
(0.147148 0.0199832 0)
(-0.0208472 0.147933 0)
(0.157482 -0.130447 0)
(-0.130215 -0.156536 0)
(0.129939 0.156685 0)
(-0.158036 0.132569 0)
(0.169494 -0.127061 0)
(-0.126765 -0.168404 0)
(-0.169979 0.129254 0)
(0.126498 0.168512 0)
(-0.171161 -0.063467 0)
(-0.0649253 0.172727 0)
(0.170848 0.0636598 0)
(0.0646334 -0.171766 0)
(0.135491 0.121477 0)
(0.121559 -0.135999 0)
(-0.122182 0.137649 0)
(-0.135824 -0.121184 0)
(0.0603008 0.166248 0)
(0.168859 -0.0612346 0)
(-0.168192 0.0624326 0)
(-0.0603594 -0.166538 0)
(-0.118788 0.195258 0)
(0.192705 0.117307 0)
(0.117912 -0.1933 0)
(-0.193382 -0.116999 0)
(-0.121498 0.205234 0)
(0.202594 0.119848 0)
(0.120588 -0.203259 0)
(-0.203297 -0.119552 0)
(0.13541 0.0824456 0)
(-0.0830365 0.137727 0)
(0.0825886 -0.136852 0)
(-0.136102 -0.08232 0)
(-0.0434876 0.200318 0)
(0.0429891 -0.19935 0)
(0.199258 0.0417884 0)
(-0.199617 -0.0413253 0)
(-0.0222652 -0.171775 0)
(0.173466 -0.0239541 0)
(0.0216746 0.17184 0)
(-0.173019 0.0240057 0)
(-0.131729 -0.290257 0)
(0.291443 -0.13227 0)
(-0.293572 0.136182 0)
(0.130959 0.290706 0)
(-0.0353268 0.207863 0)
(0.207035 0.0335137 0)
(0.0347518 -0.206917 0)
(-0.207378 -0.0329855 0)
(0.161202 0.37217 0)
(-0.376128 0.168255 0)
(0.373152 -0.163244 0)
(-0.162074 -0.371826 0)
(0.105065 0.114863 0)
(0.114411 -0.10476 0)
(-0.104918 -0.1144 0)
(-0.115175 0.106223 0)
(-0.0578837 -0.12422 0)
(0.12663 -0.0587558 0)
(0.0581598 0.12466 0)
(-0.12666 0.0590523 0)
(0.136636 -0.00964933 0)
(-0.137576 0.00934659 0)
(0.00889835 0.137196 0)
(-0.00913343 -0.136763 0)
(0.151293 0.0380776 0)
(0.0394878 -0.151934 0)
(-0.0395701 0.152474 0)
(-0.151111 -0.0377366 0)
(0.220773 0.0785712 0)
(-0.0801444 0.222731 0)
(-0.221356 -0.0781848 0)
(0.0794432 -0.220965 0)
(0.225417 0.0725891 0)
(-0.0744048 0.227033 0)
(-0.226028 -0.0722542 0)
(0.0735375 -0.22547 0)
(-0.0962614 -0.0965654 0)
(0.0953287 0.101295 0)
(-0.0973344 0.096696 0)
(0.0971206 -0.0948351 0)
(-0.243896 -0.0752707 0)
(-0.0780874 0.245442 0)
(0.243162 0.0758305 0)
(0.0766891 -0.243076 0)
(-0.0392022 0.134409 0)
(0.0378262 -0.134672 0)
(0.134323 0.0373553 0)
(-0.133645 -0.03396 0)
(0.483509 0.294302 0)
(0.294583 -0.483766 0)
(-0.315948 0.511074 0)
(-0.484779 -0.294705 0)
(-0.168633 -0.0595617 0)
(-0.0610553 0.170185 0)
(0.0607993 -0.169306 0)
(0.168377 0.0597839 0)
(-0.134019 0.0411592 0)
(0.0402604 0.132114 0)
(-0.04046 -0.13293 0)
(0.134872 -0.0408193 0)
(0.181268 0.303907 0)
(-0.308279 0.18799 0)
(0.304735 -0.182438 0)
(-0.182023 -0.303841 0)
(-0.0676688 0.237609 0)
(-0.236882 -0.0653032 0)
(0.236155 0.0657798 0)
(0.0667834 -0.236172 0)
(-0.0885427 0.138156 0)
(0.13585 0.0880948 0)
(0.0880612 -0.137195 0)
(-0.136475 -0.0878583 0)
(0.130693 0.120507 0)
(0.120546 -0.131219 0)
(-0.121159 0.132769 0)
(-0.131003 -0.120207 0)
(0.00108339 -0.183995 0)
(0.184777 -0.000547984 0)
(-0.00155055 0.184675 0)
(-0.185069 0.000767895 0)
(0.442412 0.210955 0)
(0.210649 -0.441675 0)
(-0.219461 0.452649 0)
(-0.443491 -0.210879 0)
(-0.132701 -0.108209 0)
(-0.109019 0.134391 0)
(0.108453 -0.133055 0)
(0.132297 0.108586 0)
(0.0678043 -0.159211 0)
(0.157966 0.0669389 0)
(-0.0681539 0.160061 0)
(-0.158329 -0.0668391 0)
(0.0772679 0.199468 0)
(-0.201215 0.0800576 0)
(-0.0774356 -0.199457 0)
(0.201072 -0.078397 0)
(0.0692154 0.144881 0)
(-0.1468 0.0707293 0)
(0.14706 -0.0693596 0)
(-0.0690889 -0.144922 0)
(0.427333 0.0377815 0)
(-0.0403419 0.428143 0)
(0.0382315 -0.426316 0)
(-0.428514 -0.0368702 0)
(0.0602018 -0.130833 0)
(-0.12836 -0.059183 0)
(-0.0604633 0.131183 0)
(0.127618 0.058952 0)
(-0.203913 0.0885704 0)
(0.0856153 0.202091 0)
(-0.0858679 -0.202131 0)
(0.203694 -0.0867386 0)
(0.0847906 -0.114018 0)
(-0.113645 -0.0848322 0)
(0.112997 0.0850938 0)
(-0.0853332 0.114771 0)
(0.0852056 -0.116907 0)
(-0.116476 -0.0854449 0)
(0.115842 0.0857283 0)
(-0.0858008 0.117748 0)
(-0.18839 0.0388642 0)
(0.0363733 0.186901 0)
(0.188681 -0.0381171 0)
(-0.0367561 -0.186925 0)
(-0.165149 -0.465281 0)
(0.164777 0.46567 0)
(0.467359 -0.166861 0)
(-0.469084 0.171007 0)
(-0.126689 0.124323 0)
(-0.122622 -0.125651 0)
(0.126057 -0.122702 0)
(0.122441 0.125931 0)
(-0.180333 0.0670994 0)
(0.0647639 0.17852 0)
(-0.0648378 -0.178681 0)
(0.180702 -0.0657567 0)
(0.0418765 0.188592 0)
(-0.0422517 -0.188592 0)
(0.190371 -0.0435857 0)
(-0.190087 0.0444599 0)
(0.0414582 0.138446 0)
(0.142635 -0.0419882 0)
(-0.140827 0.0426306 0)
(-0.0414122 -0.139599 0)
(-0.131992 0.124489 0)
(-0.122711 -0.130908 0)
(0.12252 0.131155 0)
(0.131461 -0.122789 0)
(0.0507776 -0.169766 0)
(-0.0509281 0.17057 0)
(0.169123 0.0494465 0)
(-0.16921 -0.0492401 0)
(0.048558 -0.174178 0)
(-0.0487423 0.175021 0)
(0.173643 0.0472305 0)
(-0.173807 -0.0469589 0)
(0.0438609 0.195726 0)
(0.197374 -0.0455205 0)
(-0.0441679 -0.195669 0)
(-0.19724 0.0464769 0)
(-0.101158 -0.114114 0)
(0.114089 -0.100876 0)
(0.101313 0.114467 0)
(-0.114859 0.102328 0)
(-0.182642 0.0698349 0)
(-0.0674886 -0.180965 0)
(0.0673454 0.180828 0)
(0.182923 -0.0683914 0)
(-0.0184553 -0.169951 0)
(0.171449 -0.0201574 0)
(0.0179202 0.170131 0)
(-0.171144 0.0201674 0)
(0.149265 0.0348216 0)
(0.0361503 -0.149774 0)
(-0.0362002 0.150301 0)
(-0.149003 -0.0344443 0)
(0.562863 -0.128937 0)
(-0.12681 -0.559572 0)
(0.12622 0.559617 0)
(-0.562165 0.129956 0)
(0.0387924 0.201771 0)
(-0.0391556 -0.201593 0)
(0.203128 -0.040588 0)
(-0.20317 0.0414143 0)
(-0.185306 0.0898405 0)
(-0.0873675 -0.183579 0)
(0.185231 -0.0880398 0)
(0.0871731 0.18344 0)
(0.168491 0.177408 0)
(-0.179327 0.171993 0)
(0.178222 -0.169286 0)
(-0.169009 -0.17732 0)
(-0.14065 -0.443854 0)
(0.139683 0.444312 0)
(0.445769 -0.141856 0)
(-0.447492 0.145619 0)
(0.379058 0.0531557 0)
(0.0541593 -0.378092 0)
(-0.380321 -0.0525776 0)
(-0.0559361 0.380394 0)
(0.200884 -0.104928 0)
(-0.104211 -0.199424 0)
(-0.201274 0.107057 0)
(0.103924 0.199506 0)
(0.0703092 0.160639 0)
(-0.162578 0.0723615 0)
(-0.070277 -0.160839 0)
(0.163013 -0.0708538 0)
(0.253651 -0.106388 0)
(-0.105588 -0.252308 0)
(0.105028 0.252629 0)
(-0.254853 0.109078 0)
(-0.0334273 -0.139648 0)
(0.144172 -0.0339965 0)
(0.0337254 0.137631 0)
(-0.140607 0.0345015 0)
(-0.0569366 -0.127019 0)
(0.12989 -0.058287 0)
(-0.129819 0.0586953 0)
(0.0585096 0.126953 0)
(0.256645 -0.118106 0)
(-0.117506 -0.255376 0)
(-0.258045 0.121146 0)
(0.116924 0.255637 0)
(-0.0316998 -0.14182 0)
(-0.142939 0.0328095 0)
(0.145848 -0.0328756 0)
(0.0314858 0.140297 0)
(0.138842 -0.0127588 0)
(0.0109438 0.139163 0)
(-0.139623 0.0112755 0)
(-0.011445 -0.138971 0)
(-0.184012 0.0854753 0)
(0.082805 0.182085 0)
(-0.0830523 -0.182301 0)
(0.184044 -0.0837859 0)
(-0.155193 0.353655 0)
(-0.349351 -0.149887 0)
(0.348293 0.150287 0)
(0.150413 -0.347795 0)
(0.196602 -0.100581 0)
(-0.099892 -0.195086 0)
(0.0996173 0.19512 0)
(-0.196886 0.102584 0)
(-0.0476755 0.319173 0)
(0.317968 0.0453395 0)
(0.0458111 -0.317024 0)
(-0.318796 -0.0442493 0)
(0.387089 0.256369 0)
(0.256527 -0.387033 0)
(-0.266997 0.400575 0)
(-0.388025 -0.256266 0)
(-0.315284 0.164035 0)
(0.158134 0.311773 0)
(-0.158713 -0.311494 0)
(0.312711 -0.159633 0)
(0.140713 0.343861 0)
(0.344821 -0.1424 0)
(-0.347343 0.146485 0)
(-0.141394 -0.343434 0)
(0.0312462 -0.30821 0)
(-0.0327282 0.309992 0)
(-0.309957 -0.0293549 0)
(0.30897 0.0301975 0)
(0.0586469 0.134368 0)
(0.136625 -0.058948 0)
(-0.0581644 -0.134052 0)
(-0.136326 0.059638 0)
(0.0616248 0.135287 0)
(-0.137413 0.0628125 0)
(0.137668 -0.0618976 0)
(-0.0613822 -0.135269 0)
(0.284638 -0.504339 0)
(0.504943 0.284738 0)
(-0.298343 0.523572 0)
(-0.505916 -0.285066 0)
(0.166538 -0.0845865 0)
(-0.166452 0.0862594 0)
(0.0839586 0.164644 0)
(-0.0840807 -0.164773 0)
(-0.208255 0.0725232 0)
(0.20807 -0.0709339 0)
(-0.0699627 -0.206407 0)
(0.0696937 0.206349 0)
(-0.0386855 0.1423 0)
(0.0384804 -0.141826 0)
(0.141339 0.0372192 0)
(-0.140282 -0.0368618 0)
(-0.141369 -0.0412895 0)
(-0.0432271 0.143006 0)
(0.14177 0.0414745 0)
(0.0430046 -0.142641 0)
(-0.105505 0.100741 0)
(-0.0997585 -0.104921 0)
(0.104421 -0.0993192 0)
(0.0997324 0.105595 0)
(-0.160681 -0.563916 0)
(0.565853 -0.162032 0)
(0.160714 0.563964 0)
(-0.564253 0.162921 0)
(-0.0546214 -0.137817 0)
(-0.139816 0.0560282 0)
(0.14043 -0.055253 0)
(0.054895 0.137659 0)
(-0.103993 0.105031 0)
(0.103108 -0.103809 0)
(0.103925 0.104342 0)
(-0.103881 -0.103415 0)
(-0.132087 0.0310293 0)
(0.0310288 0.130663 0)
(-0.030904 -0.131751 0)
(0.135346 -0.0308689 0)
(-0.103292 0.0978676 0)
(-0.0972605 -0.102521 0)
(0.102366 -0.0964425 0)
(0.0966847 0.103888 0)
(-0.0371448 0.13854 0)
(0.137965 0.0357537 0)
(0.0365731 -0.138327 0)
(-0.137511 -0.034537 0)
(0.0727604 -0.133975 0)
(-0.133145 -0.072527 0)
(-0.0731439 0.134689 0)
(0.132406 0.0725054 0)
(0.364357 0.0304132 0)
(0.0316398 -0.36334 0)
(-0.365435 -0.0294559 0)
(-0.0334864 0.365513 0)
(0.0518094 0.224762 0)
(-0.22643 0.0546169 0)
(-0.0521517 -0.224502 0)
(0.226057 -0.0532777 0)
(0.280501 -0.0509677 0)
(-0.0498626 -0.278831 0)
(-0.281135 0.0526659 0)
(0.0491841 0.280111 0)
(0.218577 0.165764 0)
(0.166559 -0.219148 0)
(-0.21926 -0.165732 0)
(-0.168347 0.222434 0)
(-0.045048 -0.293172 0)
(0.293965 -0.0462029 0)
(-0.294969 0.0478603 0)
(0.0444588 0.293608 0)
(-0.0219022 -0.306289 0)
(0.306964 -0.0229439 0)
(-0.307909 0.0245977 0)
(0.0208868 0.307116 0)
(0.132499 0.258838 0)
(-0.133075 -0.258617 0)
(-0.261468 0.137071 0)
(0.25984 -0.133536 0)
(-0.126319 0.10451 0)
(0.125759 -0.10293 0)
(-0.103092 -0.12536 0)
(0.103163 0.125584 0)
(-0.184845 -0.0667547 0)
(-0.0684523 0.186241 0)
(0.0680631 -0.1851 0)
(0.184571 0.0670528 0)
(0.237663 0.159169 0)
(0.159856 -0.238252 0)
(-0.238452 -0.158968 0)
(-0.161907 0.241698 0)
(-0.133531 0.146074 0)
(0.133028 -0.144246 0)
(0.143669 0.132539 0)
(-0.144057 -0.132327 0)
(0.201174 0.0939727 0)
(-0.0954335 0.203278 0)
(-0.201625 -0.0936218 0)
(0.0947304 -0.201655 0)
(-0.159758 -0.0314655 0)
(0.0332217 -0.160062 0)
(-0.0332293 0.160708 0)
(0.159686 0.0318274 0)
(-0.22987 0.0653618 0)
(0.0623097 0.228099 0)
(-0.0626874 -0.227895 0)
(0.229325 -0.0636576 0)
(-0.207218 0.0648286 0)
(-0.0623822 -0.205363 0)
(0.207128 -0.0633845 0)
(0.062115 0.205281 0)
(0.0618033 -0.193629 0)
(-0.0622185 0.194739 0)
(0.193287 0.0607483 0)
(-0.193585 -0.0603463 0)
(0.130269 -0.0448276 0)
(0.0440152 0.12784 0)
(-0.129771 0.0450038 0)
(-0.0440955 -0.128661 0)
(-0.023122 -0.133173 0)
(0.0227232 0.131925 0)
(-0.134417 0.0238027 0)
(0.136715 -0.0247654 0)
(-0.142178 -0.141897 0)
(0.142651 -0.142353 0)
(0.141851 0.142079 0)
(-0.143239 0.144299 0)
(-0.100524 0.195998 0)
(0.1938 0.0991805 0)
(-0.194309 -0.0988908 0)
(0.099964 -0.194387 0)
(0.0539561 0.18552 0)
(-0.18727 0.0564614 0)
(-0.0542094 -0.185675 0)
(0.187661 -0.0553212 0)
(0.172688 -0.0495767 0)
(-0.171875 0.0504622 0)
(-0.048476 -0.170351 0)
(0.0482789 0.169996 0)
(-0.181879 0.0136335 0)
(0.181743 -0.0131979 0)
(-0.0115768 -0.180618 0)
(0.0112307 0.181059 0)
(0.132759 -0.150233 0)
(-0.150081 -0.132099 0)
(-0.133336 0.152089 0)
(0.149703 0.132213 0)
(0.0587068 -0.154514 0)
(-0.0589883 0.155278 0)
(-0.15331 -0.0575179 0)
(0.153148 0.0575849 0)
(0.103873 -0.0834669 0)
(0.0845 0.103993 0)
(-0.104474 0.0842831 0)
(-0.0836348 -0.103762 0)
(-0.281026 0.254386 0)
(0.275756 -0.246676 0)
(0.246126 0.275376 0)
(-0.24688 -0.275539 0)
(0.122514 0.108041 0)
(-0.108259 0.124375 0)
(-0.122789 -0.107552 0)
(0.107597 -0.123069 0)
(0.308056 0.220647 0)
(-0.30909 -0.220563 0)
(-0.22636 0.315829 0)
(0.220646 -0.308159 0)
(-0.284212 0.194155 0)
(0.187667 0.280204 0)
(0.280892 -0.188808 0)
(-0.188446 -0.280174 0)
(-0.132284 -0.023365 0)
(0.0238235 -0.132092 0)
(0.13196 0.0236337 0)
(-0.0237609 0.132033 0)
(0.0305192 0.380314 0)
(0.380775 -0.0326781 0)
(-0.0316593 -0.379752 0)
(-0.381933 0.0345062 0)
(-0.25779 0.307789 0)
(0.298233 0.250688 0)
(0.250646 -0.298361 0)
(-0.29925 -0.250618 0)
(0.325155 0.217853 0)
(-0.223336 0.332545 0)
(-0.326152 -0.217718 0)
(0.218145 -0.324659 0)
(0.22019 -0.112533 0)
(-0.111765 -0.21882 0)
(-0.220904 0.114937 0)
(0.111418 0.218947 0)
(0.119442 -0.0793025 0)
(0.0798934 0.118539 0)
(-0.119879 0.0803853 0)
(-0.0796226 -0.118821 0)
(-0.0136368 0.142954 0)
(0.142173 0.013327 0)
(-0.14285 -0.0129047 0)
(0.0139292 -0.142465 0)
(0.318779 -0.0712725 0)
(-0.0702343 -0.317608 0)
(-0.31993 0.0738378 0)
(0.0696565 0.317891 0)
(-0.147112 -0.0649567 0)
(-0.0661424 0.148988 0)
(0.146683 0.0649703 0)
(0.0658389 -0.148272 0)
(-0.0988715 0.12794 0)
(0.125925 0.098683 0)
(0.0982924 -0.126804 0)
(-0.126351 -0.0982418 0)
(0.321334 -0.102522 0)
(-0.10145 -0.320098 0)
(0.100821 0.32038 0)
(-0.32284 0.105494 0)
(0.0413634 -0.194535 0)
(0.194474 0.0400692 0)
(-0.0417517 0.195436 0)
(-0.194773 -0.0396758 0)
(0.205224 0.0764216 0)
(-0.0779788 0.207085 0)
(-0.205688 -0.075997 0)
(0.0772748 -0.20551 0)
(0.153734 -0.126108 0)
(-0.154187 0.128101 0)
(0.125673 0.152906 0)
(-0.125919 -0.152767 0)
(-0.151675 -0.0632374 0)
(-0.0645352 0.153522 0)
(0.064274 -0.152788 0)
(0.151378 0.0632013 0)
(0.126633 0.103825 0)
(-0.12702 -0.103347 0)
(0.103447 -0.127409 0)
(-0.104062 0.128629 0)
(-0.0975331 0.239449 0)
(0.237031 0.0955049 0)
(0.0962305 -0.237363 0)
(-0.237955 -0.0951053 0)
(-0.119729 0.108211 0)
(0.106817 0.119177 0)
(0.119045 -0.106651 0)
(-0.106795 -0.11891 0)
(0.00296902 -0.155158 0)
(0.155436 0.00173327 0)
(-0.156023 -0.00165211 0)
(-0.00310992 0.156105 0)
(-0.196456 0.0111937 0)
(0.196325 -0.0108695 0)
(0.0087909 0.195742 0)
(-0.00911187 -0.19528 0)
(0.198654 0.0797358 0)
(-0.0812102 0.200592 0)
(0.0805359 -0.199107 0)
(-0.199073 -0.0793454 0)
(-0.119839 0.113595 0)
(0.112013 0.119328 0)
(0.119143 -0.112069 0)
(-0.112087 -0.118985 0)
(-0.0470806 -0.147309 0)
(0.0471953 0.146564 0)
(-0.148781 0.048523 0)
(0.150101 -0.04762 0)
(0.109144 -0.15697 0)
(0.156124 0.108818 0)
(-0.156723 -0.108534 0)
(-0.109715 0.158477 0)
(0.0501082 0.142461 0)
(-0.0498417 -0.143101 0)
(-0.144641 0.0513867 0)
(0.145823 -0.050409 0)
(-0.0394466 0.157114 0)
(0.155765 0.0379737 0)
(0.0394041 -0.156474 0)
(-0.155695 -0.0376131 0)
(0.22914 -0.110114 0)
(-0.109317 -0.227684 0)
(0.10889 0.227924 0)
(-0.229969 0.112594 0)
(-0.187673 -0.0710148 0)
(-0.07265 0.189084 0)
(0.0721913 -0.187842 0)
(0.187265 0.0712581 0)
(0.0995886 0.154522 0)
(-0.0996763 -0.15452 0)
(-0.156056 0.101771 0)
(0.155885 -0.0999629 0)
(-0.0863965 0.172825 0)
(0.170743 0.0853415 0)
(0.0859221 -0.171574 0)
(-0.171165 -0.0851333 0)
(0.122658 -0.0787302 0)
(-0.122903 0.0797673 0)
(0.0791016 0.121472 0)
(-0.0789398 -0.121776 0)
(-0.144046 -0.14645 0)
(0.147253 -0.144209 0)
(0.1437 0.14655 0)
(-0.147893 0.146285 0)
(-0.0608524 0.199376 0)
(0.197907 0.0592665 0)
(0.0603497 -0.198193 0)
(-0.198269 -0.0588735 0)
(-0.044222 0.159874 0)
(0.158444 0.0426829 0)
(0.0441549 -0.159185 0)
(-0.158398 -0.042473 0)
(-0.13796 0.0767452 0)
(-0.0754698 -0.136307 0)
(0.0755844 0.136184 0)
(0.137965 -0.0754651 0)
(0.144194 0.0111276 0)
(-0.144916 -0.0108444 0)
(-0.0115271 0.145164 0)
(0.0117732 -0.144417 0)
(-0.183726 -0.0157183 0)
(-0.0179099 0.183776 0)
(0.0175312 -0.182966 0)
(0.183244 0.0159948 0)
(-0.247447 -0.23493 0)
(0.235297 -0.246803 0)
(0.246332 0.235068 0)
(-0.239652 0.253212 0)
(-0.255528 -0.257007 0)
(0.254136 0.257273 0)
(0.256971 -0.25477 0)
(-0.262781 0.262257 0)
(-0.191626 -0.0278915 0)
(0.0296896 -0.191195 0)
(-0.0300404 0.192006 0)
(0.191275 0.028347 0)
(-0.0398933 -0.154615 0)
(-0.155981 0.0413636 0)
(0.0396122 0.153766 0)
(0.157672 -0.0409084 0)
(0.0937721 -0.11067 0)
(0.109872 0.0946478 0)
(-0.110278 -0.0940779 0)
(-0.0944753 0.111555 0)
(-0.0574927 -0.14748 0)
(0.149968 -0.0579744 0)
(-0.149232 0.0592179 0)
(0.0577901 0.147046 0)
(0.316479 -0.0694218 0)
(-0.317795 0.0716685 0)
(-0.0683601 -0.315576 0)
(0.0677288 0.315718 0)
(-0.0625444 -0.368125 0)
(0.0616824 0.368688 0)
(0.369484 -0.0635368 0)
(-0.370557 0.0659421 0)
(-0.0627124 -0.151689 0)
(-0.153555 0.0645936 0)
(0.0629563 0.151372 0)
(0.154154 -0.0632418 0)
(-0.0493066 0.141697 0)
(0.139782 0.0470726 0)
(0.04906 -0.141281 0)
(-0.139762 -0.0472021 0)
(0.135403 0.0508466 0)
(-0.0530145 0.137723 0)
(-0.135864 -0.0514572 0)
(0.0528585 -0.137352 0)
(0.0988174 -0.108713 0)
(-0.108563 -0.099001 0)
(-0.099542 0.109805 0)
(0.10831 0.0999426 0)
(0.0478652 0.183476 0)
(-0.185167 0.0503644 0)
(-0.0481734 -0.183626 0)
(0.185623 -0.0493547 0)
(0.129335 -0.0717437 0)
(-0.129366 0.0726518 0)
(0.0716683 0.127567 0)
(-0.071828 -0.127676 0)
(0.201077 0.369332 0)
(-0.201448 -0.369106 0)
(0.370074 -0.202229 0)
(-0.374507 0.20892 0)
(0.134041 -0.067476 0)
(0.0672806 0.13199 0)
(-0.133983 0.0683806 0)
(-0.0672744 -0.132021 0)
(-0.132158 -0.0784193 0)
(0.0784979 -0.133174 0)
(0.131469 0.0785208 0)
(-0.0789769 0.133965 0)
(-0.12922 0.104716 0)
(0.128703 -0.103071 0)
(-0.103182 -0.128231 0)
(0.103243 0.128376 0)
(-0.12224 -0.0678372 0)
(0.0667854 -0.124283 0)
(-0.0672828 0.124732 0)
(0.12146 0.0675544 0)
(-0.146504 -0.00148935 0)
(-0.00267959 0.146886 0)
(0.1456 0.00151405 0)
(0.00242557 -0.145584 0)
(0.0027906 0.148335 0)
(-0.148258 0.00421659 0)
(-0.00342266 -0.147395 0)
(0.147544 -0.00449798 0)
(-0.162236 -0.0304941 0)
(0.162067 0.0308401 0)
(0.032298 -0.162484 0)
(-0.0323321 0.163169 0)
(-0.117823 -0.0764642 0)
(0.117027 0.0764804 0)
(-0.0768943 0.118768 0)
(0.0764466 -0.11814 0)
(0.145915 -0.0143378 0)
(-0.0127787 -0.145072 0)
(0.0121231 0.145135 0)
(-0.146057 0.0136147 0)
(-0.00908529 -0.147367 0)
(-0.148274 0.0099052 0)
(0.00833988 0.147805 0)
(0.147933 -0.010619 0)
(-0.198806 0.0174616 0)
(0.198565 -0.0169026 0)
(0.014848 0.197863 0)
(-0.0152979 -0.197497 0)
(-0.114427 -0.155997 0)
(0.114272 0.156103 0)
(-0.157501 0.116603 0)
(0.157108 -0.114712 0)
(0.214736 -0.190681 0)
(0.189756 0.213985 0)
(-0.190464 -0.213925 0)
(-0.216793 0.194505 0)
(0.0841643 -0.147649 0)
(-0.147008 -0.0836746 0)
(-0.084561 0.148628 0)
(0.146461 0.083837 0)
(0.125801 -0.070884 0)
(-0.125954 0.0717026 0)
(-0.0708605 -0.124318 0)
(0.0707571 0.124254 0)
(0.141857 0.0023993 0)
(-0.143047 -0.00216806 0)
(0.00317443 -0.14201 0)
(-0.00290838 0.143761 0)
(0.232124 -0.185273 0)
(-0.234314 0.189382 0)
(0.184381 0.231351 0)
(-0.185086 -0.231213 0)
(0.081946 -0.153511 0)
(-0.15285 -0.0813772 0)
(-0.0823154 0.154515 0)
(0.152342 0.0815314 0)
(-0.126123 -0.0887509 0)
(0.125499 0.0890545 0)
(-0.0892614 0.127763 0)
(0.0887412 -0.126852 0)
(-0.251712 -0.0722225 0)
(-0.0751755 0.253246 0)
(0.251033 0.0729155 0)
(0.0737735 -0.250947 0)
(-0.179098 0.0974484 0)
(-0.0950265 -0.177385 0)
(0.179026 -0.0955862 0)
(0.094805 0.177349 0)
(-0.168371 0.346423 0)
(-0.34132 -0.163038 0)
(0.3403 0.163368 0)
(0.163614 -0.340206 0)
(-0.152728 0.031106 0)
(-0.0298038 -0.151543 0)
(0.029306 0.150639 0)
(0.154641 -0.0312866 0)
(0.0319418 -0.189492 0)
(-0.189796 -0.030167 0)
(-0.0322735 0.190313 0)
(0.189467 0.0306026 0)
(0.0192585 0.157573 0)
(0.159281 -0.0213873 0)
(-0.0197272 -0.1575 0)
(-0.158749 0.0212766 0)
(-0.115359 -0.153177 0)
(0.115197 0.153306 0)
(-0.154591 0.117471 0)
(0.154213 -0.115522 0)
(0.0156394 0.16265 0)
(0.163786 -0.0178584 0)
(-0.0162035 -0.16236 0)
(-0.163547 0.017848 0)
(0.206735 0.0272495 0)
(-0.0290127 0.207242 0)
(0.028549 -0.206416 0)
(-0.207002 -0.0266762 0)
(-0.172901 0.123057 0)
(0.12043 0.171425 0)
(0.17251 -0.121038 0)
(-0.12067 -0.171325 0)
(-0.0660758 -0.150665 0)
(0.0662465 0.150497 0)
(-0.152486 0.0678804 0)
(0.152967 -0.0665591 0)
(0.144463 0.269104 0)
(-0.271963 0.149443 0)
(-0.145025 -0.268843 0)
(0.269983 -0.14569 0)
(-0.260177 -0.212292 0)
(0.259348 0.212526 0)
(-0.216706 0.265508 0)
(0.212664 -0.259398 0)
(-0.163437 0.0120771 0)
(0.0100534 0.162764 0)
(-0.0105248 -0.162341 0)
(0.163432 -0.0122489 0)
(-0.267353 0.17967 0)
(0.173845 0.263814 0)
(-0.174611 -0.263691 0)
(0.264628 -0.174953 0)
(0.0832199 0.108233 0)
(-0.108763 0.0840032 0)
(0.108329 -0.0825436 0)
(-0.0826413 -0.108235 0)
(0.0475496 0.13502 0)
(-0.136932 0.0487444 0)
(-0.0472742 -0.135681 0)
(0.13786 -0.048052 0)
(0.0504853 0.135318 0)
(-0.137446 0.0517337 0)
(0.138141 -0.0511304 0)
(-0.05009 -0.135802 0)
(-0.142531 0.0249045 0)
(-0.0237047 -0.141252 0)
(0.0234645 0.140391 0)
(0.14486 -0.0256158 0)
(-0.143764 0.0219012 0)
(0.0202102 0.14222 0)
(0.145002 -0.0229948 0)
(-0.020787 -0.142727 0)
(0.063371 0.128823 0)
(0.130796 -0.0639894 0)
(-0.0636782 -0.128425 0)
(-0.130908 0.0645094 0)
(-0.100082 -0.26254 0)
(0.263984 -0.100767 0)
(-0.265213 0.103454 0)
(0.0994267 0.263017 0)
(-0.135075 -0.0215553 0)
(0.0221259 -0.134577 0)
(0.134698 0.0213924 0)
(-0.0217278 0.134731 0)
(0.0054517 0.143849 0)
(-0.143935 0.00663507 0)
(-0.00618398 -0.143174 0)
(0.143099 -0.00682593 0)
(-0.0902311 0.132994 0)
(0.130756 0.0898776 0)
(0.0897065 -0.131998 0)
(-0.13136 -0.0895977 0)
(-0.114549 0.241032 0)
(0.238137 0.112361 0)
(0.113197 -0.23858 0)
(-0.239035 -0.112114 0)
(0.312078 0.108248 0)
(0.108993 -0.311647 0)
(-0.111928 0.31546 0)
(-0.312817 -0.107768 0)
(0.138342 -0.00224488 0)
(-0.139494 0.00215453 0)
(-0.00170659 -0.138641 0)
(0.00113956 0.140522 0)
(-0.124918 0.0668747 0)
(0.0655371 0.122909 0)
(-0.0658807 -0.123151 0)
(0.124789 -0.0664649 0)
(-0.277616 -0.209684 0)
(0.276817 0.210004 0)
(-0.214591 0.28329 0)
(0.210062 -0.276745 0)
(-0.29906 0.123637 0)
(-0.119383 -0.296062 0)
(0.29733 -0.120405 0)
(0.118809 0.296293 0)
(-0.178117 0.0811848 0)
(0.17832 -0.0795813 0)
(-0.078858 -0.176433 0)
(0.0787501 0.176202 0)
(-0.0747157 0.143589 0)
(0.141419 0.0739415 0)
(0.0743687 -0.142804 0)
(-0.142041 -0.0738943 0)
(-0.150084 0.0397643 0)
(0.0384294 0.147582 0)
(-0.0385728 -0.148755 0)
(0.152154 -0.0391763 0)
(-0.151427 0.026094 0)
(0.0242487 0.149502 0)
(-0.024724 -0.150231 0)
(0.153154 -0.0265537 0)
(-0.0803614 0.143718 0)
(0.141464 0.0796676 0)
(0.0799453 -0.142854 0)
(-0.142096 -0.079556 0)
(0.14369 0.0621809 0)
(-0.0634458 0.146033 0)
(-0.144197 -0.0622514 0)
(0.0632172 -0.145425 0)
(0.376422 0.0882667 0)
(-0.377741 -0.0874172 0)
(0.0883014 -0.37601 0)
(-0.0919588 0.379554 0)
(-0.157164 0.175812 0)
(0.172701 0.155544 0)
(0.156174 -0.173393 0)
(-0.17321 -0.155381 0)
(-0.164155 0.173191 0)
(0.170013 0.162498 0)
(0.163218 -0.170708 0)
(-0.170505 -0.162332 0)
(0.142132 -0.0626519 0)
(0.0625655 0.139639 0)
(-0.141698 0.0638805 0)
(-0.0621878 -0.139719 0)
(0.118906 0.189268 0)
(-0.119202 -0.189173 0)
(0.190455 -0.119751 0)
(-0.191063 0.122056 0)
(-0.115657 -0.197702 0)
(0.115352 0.1978 0)
(0.199105 -0.116232 0)
(-0.199644 0.118494 0)
(0.00544824 -0.158525 0)
(-0.159364 -0.00399369 0)
(0.158898 0.00417104 0)
(-0.00563616 0.159398 0)
(-0.178335 -0.0602377 0)
(0.0615879 -0.178736 0)
(-0.0618935 0.179761 0)
(0.178032 0.0604257 0)
(0.0935726 0.118528 0)
(-0.119242 0.0942643 0)
(0.118624 -0.0928149 0)
(-0.0931431 -0.11827 0)
(-0.148908 -0.164263 0)
(0.165199 -0.149145 0)
(0.148504 0.164391 0)
(-0.165919 0.151474 0)
(0.00356633 -0.163316 0)
(0.163733 0.00216231 0)
(-0.164192 -0.00204286 0)
(-0.00394994 0.16419 0)
(0.165674 0.0238382 0)
(-0.165925 -0.0234671 0)
(0.0251646 -0.165713 0)
(-0.0253249 0.16644 0)
(0.166666 0.0266417 0)
(-0.166889 -0.0261994 0)
(-0.0281166 0.167587 0)
(0.0280793 -0.166874 0)
(0.13595 0.129098 0)
(-0.130003 0.138173 0)
(0.129433 -0.136399 0)
(-0.136277 -0.128883 0)
(-0.149211 -0.0255383 0)
(0.0270025 -0.149317 0)
(-0.0268624 0.149711 0)
(0.149001 0.025875 0)
(0.139679 -0.0785738 0)
(-0.139797 0.0801181 0)
(-0.0786253 -0.138114 0)
(0.0788018 0.138041 0)
(0.0185066 -0.152612 0)
(-0.152871 -0.0170513 0)
(-0.0182601 0.153147 0)
(0.152424 0.0173706 0)
(0.145246 -0.0791479 0)
(-0.0791004 -0.143507 0)
(0.0792437 0.143465 0)
(-0.145183 0.0807221 0)
(0.13566 -0.0982546 0)
(0.09845 0.134918 0)
(-0.0985154 -0.134834 0)
(-0.13599 0.0999749 0)
(-0.0665214 -0.123631 0)
(-0.125368 0.0671461 0)
(0.0660323 0.123392 0)
(0.125351 -0.0668162 0)
(0.135071 -0.101344 0)
(0.101536 0.134428 0)
(-0.135469 0.103039 0)
(-0.101452 -0.134439 0)
(0.138432 -0.00124168 0)
(-0.139852 0.00161876 0)
(0.00144024 0.141196 0)
(-0.000977336 -0.138431 0)
(0.220639 0.0183541 0)
(-0.0202618 0.221172 0)
(0.0196082 -0.220145 0)
(-0.221159 -0.0177513 0)
(-0.0132883 0.227582 0)
(-0.227906 -0.0105595 0)
(0.227435 0.011219 0)
(0.0125702 -0.226743 0)
(0.228638 0.441679 0)
(-0.229187 -0.441456 0)
(-0.446804 0.236863 0)
(0.442817 -0.230039 0)
(-0.127037 0.0885161 0)
(-0.0873616 -0.125954 0)
(0.126664 -0.0870929 0)
(0.0876475 0.125917 0)
(0.402391 0.124424 0)
(0.124195 -0.401565 0)
(-0.128738 0.406667 0)
(-0.403531 -0.123801 0)
(0.145244 0.414378 0)
(0.415986 -0.147122 0)
(-0.145892 -0.414263 0)
(-0.418092 0.15114 0)
(-0.156294 -0.159699 0)
(0.160563 -0.156529 0)
(0.15587 0.159869 0)
(-0.161355 0.158857 0)
(-0.0370083 -0.164363 0)
(0.0366886 0.164052 0)
(0.166816 -0.0383463 0)
(-0.165778 0.0388808 0)
(-0.0341816 -0.169849 0)
(0.0336892 0.169652 0)
(0.172084 -0.0356716 0)
(-0.171263 0.0359326 0)
(-0.0225144 0.18383 0)
(0.0222094 -0.183067 0)
(-0.18355 -0.0204012 0)
(0.183156 0.0207612 0)
(0.0872368 0.112786 0)
(0.113187 -0.086153 0)
(-0.113958 0.0874987 0)
(-0.0865414 -0.112798 0)
(-0.141552 -0.0218331 0)
(0.0232182 -0.141275 0)
(0.141015 0.0225781 0)
(-0.0231428 0.141419 0)
(0.169352 -0.275249 0)
(-0.172394 0.279759 0)
(-0.27577 -0.168593 0)
(0.274984 0.168872 0)
(-0.0798971 -0.169405 0)
(-0.171118 0.0820653 0)
(0.0798176 0.169321 0)
(0.171358 -0.0804704 0)
(-0.0976085 0.124479 0)
(0.12247 0.097509 0)
(0.0970321 -0.123423 0)
(-0.122925 -0.0970514 0)
(0.477332 0.151295 0)
(-0.156889 0.483431 0)
(0.150791 -0.475948 0)
(-0.478392 -0.150925 0)
(0.195419 0.167827 0)
(-0.195995 -0.167568 0)
(-0.169958 0.199116 0)
(0.16845 -0.196095 0)
(0.385768 0.155134 0)
(0.154802 -0.385092 0)
(-0.386839 -0.154876 0)
(-0.160578 0.391908 0)
(0.500643 0.405046 0)
(-0.444243 0.551055 0)
(0.405497 -0.501041 0)
(-0.501631 -0.405619 0)
(-0.111418 0.0845726 0)
(0.0843266 0.110662 0)
(-0.0835763 -0.110655 0)
(0.110924 -0.0834058 0)
(0.0441667 -0.137808 0)
(0.136778 0.0426979 0)
(-0.0441758 0.138243 0)
(-0.13599 -0.0437363 0)
(-0.125017 0.188404 0)
(0.185786 0.123702 0)
(-0.186409 -0.123289 0)
(0.12421 -0.186456 0)
(-0.0444923 -0.15585 0)
(0.158746 -0.0452672 0)
(-0.157237 0.0460916 0)
(0.044407 0.155142 0)
(0.137556 0.0209751 0)
(-0.138132 -0.0206863 0)
(0.0215144 -0.137706 0)
(-0.0212713 0.137881 0)
(-0.132344 -0.0474071 0)
(0.131426 0.0463123 0)
(-0.047699 0.133141 0)
(0.0476856 -0.133042 0)
(0.103253 0.0984781 0)
(-0.0979036 0.104274 0)
(0.0969855 -0.103392 0)
(-0.103123 -0.0975462 0)
(-0.104346 -0.0919936 0)
(-0.0924674 0.105483 0)
(0.104388 0.0923075 0)
(0.0917164 -0.104791 0)
(0.185471 0.134788 0)
(-0.136195 0.188157 0)
(0.135281 -0.186139 0)
(-0.185989 -0.134453 0)
(-0.050827 -0.125051 0)
(0.126978 -0.0519688 0)
(-0.126791 0.0520013 0)
(0.0509912 0.124639 0)
(-0.0517701 0.179406 0)
(0.177985 0.0503082 0)
(-0.178172 -0.0499894 0)
(0.0515327 -0.178524 0)
(-0.12725 -0.133401 0)
(-0.13454 0.129117 0)
(0.127024 0.133653 0)
(0.133961 -0.127375 0)
(0.134923 -0.0170524 0)
(0.0153012 0.133903 0)
(-0.134771 0.016125 0)
(-0.015804 -0.134017 0)
(0.103755 0.152282 0)
(-0.103824 -0.152192 0)
(0.153414 -0.10408 0)
(-0.153667 0.105888 0)
(-0.274634 0.0748183 0)
(0.0711786 0.272805 0)
(0.273667 -0.0727205 0)
(-0.0713868 -0.272274 0)
(-0.18789 0.00829069 0)
(0.00588915 0.187255 0)
(0.187536 -0.00802363 0)
(-0.00632919 -0.186621 0)
(-0.0560874 0.216588 0)
(0.215399 0.0543502 0)
(-0.215855 -0.0538797 0)
(0.0554312 -0.215422 0)
(-0.270994 0.0653268 0)
(0.270229 -0.063479 0)
(0.0618834 0.269493 0)
(-0.0622675 -0.268856 0)
(-0.167436 0.0751707 0)
(0.0730242 0.16563 0)
(-0.0730159 -0.165766 0)
(0.167818 -0.0736558 0)
(0.00231991 -0.222987 0)
(-0.00291623 0.223672 0)
(0.223846 0.00088907 0)
(-0.224196 -0.000219615 0)
(0.0687846 -0.116594 0)
(0.115534 0.0687282 0)
(-0.0691241 0.117135 0)
(-0.116224 -0.0690298 0)
(0.211755 0.32502 0)
(0.325725 -0.21282 0)
(-0.212267 -0.324964 0)
(-0.330335 0.219632 0)
(-0.125767 -0.0841768 0)
(0.125089 0.0843836 0)
(-0.0845651 0.127397 0)
(0.084044 -0.126553 0)
(-0.116942 0.116699 0)
(0.116227 -0.115204 0)
(-0.115186 -0.116082 0)
(0.115154 0.116468 0)
(0.15735 0.0468669 0)
(0.0482493 -0.158271 0)
(-0.157283 -0.046611 0)
(-0.0483539 0.158959 0)
(0.0103912 -0.133705 0)
(0.133601 0.0103156 0)
(-0.134191 -0.0102532 0)
(-0.0103347 0.134383 0)
(-0.0739643 -0.112488 0)
(0.0737999 0.112075 0)
(-0.113312 0.0744618 0)
(0.112921 -0.073969 0)
(-0.0479717 -0.128338 0)
(0.130511 -0.0504848 0)
(-0.130156 0.0506715 0)
(0.04843 0.127667 0)
(0.512803 -0.332259 0)
(0.331374 0.512045 0)
(-0.332438 -0.51238 0)
(-0.525918 0.346596 0)
(0.136916 -0.0230072 0)
(0.0156588 0.135726 0)
(-0.136394 0.0190277 0)
(-0.0180027 -0.135943 0)
(-0.107251 -0.107284 0)
(0.107328 0.107928 0)
(0.107097 -0.107177 0)
(-0.107994 0.108567 0)
(-0.0448447 0.147915 0)
(0.146407 0.0432032 0)
(-0.146033 -0.0429775 0)
(0.0447376 -0.14739 0)
(0.0535162 -0.167377 0)
(0.166571 0.052267 0)
(-0.0536724 0.1682 0)
(-0.166687 -0.052039 0)
(0.131089 0.0461121 0)
(-0.0480163 0.133375 0)
(-0.132024 -0.0471389 0)
(0.0478596 -0.133064 0)
(0.104054 0.0923044 0)
(-0.0925164 0.105493 0)
(-0.10391 -0.0918864 0)
(0.0918939 -0.104533 0)
(0.137795 0.070135 0)
(-0.0709897 0.140096 0)
(-0.138446 -0.0701448 0)
(0.070645 -0.139417 0)
(-0.123102 0.125559 0)
(0.123649 0.122486 0)
(0.12246 -0.123966 0)
(-0.123844 -0.122173 0)
(-0.0112633 -0.152631 0)
(0.0107274 0.153075 0)
(-0.153656 0.01241 0)
(0.153439 -0.0127554 0)
(0.643266 -0.0681656 0)
(0.0674656 0.639788 0)
(-0.642834 0.0683662 0)
(-0.0677341 -0.640796 0)
(0.0905015 -0.108962 0)
(0.108199 0.0912263 0)
(-0.108565 -0.0909468 0)
(-0.0911555 0.109834 0)
(-0.0640071 0.218002 0)
(0.216699 0.0623243 0)
(-0.217178 -0.0619092 0)
(0.0633197 -0.216753 0)
(0.151745 0.0750847 0)
(0.0756365 -0.152982 0)
(-0.0759879 0.153917 0)
(-0.152234 -0.0749595 0)
(-0.129729 0.0606315 0)
(0.129586 -0.0605 0)
(-0.060658 -0.126775 0)
(0.059663 0.12772 0)
(0.132233 0.0507003 0)
(-0.13251 -0.0512163 0)
(0.0533889 -0.134141 0)
(-0.0535908 0.13444 0)
(0.13944 -0.010011 0)
(-0.140678 0.00976721 0)
(0.00802448 0.140968 0)
(-0.0101498 -0.139516 0)
(0.121764 -0.150043 0)
(-0.149852 -0.121195 0)
(0.149433 0.12134 0)
(-0.122341 0.151736 0)
(-0.0991352 0.138586 0)
(0.09861 -0.137389 0)
(0.136401 0.0986684 0)
(-0.136909 -0.0983311 0)
(0.118488 -0.157302 0)
(-0.157133 -0.117914 0)
(0.156558 0.118105 0)
(-0.119111 0.158949 0)
(0.156869 -0.0201912 0)
(0.0182378 0.155408 0)
(-0.0186954 -0.155291 0)
(-0.156497 0.0200617 0)
(0.596748 0.127898 0)
(0.126982 -0.594899 0)
(-0.598182 -0.127674 0)
(-0.129709 0.594601 0)
(0.0724609 -0.647216 0)
(0.64891 0.0724839 0)
(-0.6501 -0.0725868 0)
(-0.0725257 0.641241 0)
(-0.188044 0.0345475 0)
(0.188342 -0.0341409 0)
(0.0320666 0.18674 0)
(-0.0326083 -0.186588 0)
(-0.224298 0.0866954 0)
(-0.0837685 -0.222429 0)
(0.0834375 0.222579 0)
(0.223886 -0.0847509 0)
(-0.16825 -0.1245 0)
(-0.125934 0.170273 0)
(0.167689 0.124695 0)
(0.125204 -0.168427 0)
(0.512064 -0.409768 0)
(0.409153 0.511393 0)
(-0.410113 -0.512055 0)
(-0.533563 0.429599 0)
(-0.0871423 -0.232975 0)
(0.234381 -0.0880979 0)
(-0.235137 0.0903288 0)
(0.0867328 0.233233 0)
(0.0919472 -0.223773 0)
(-0.0928716 0.225588 0)
(0.2234 0.0909908 0)
(-0.224109 -0.090849 0)
(0.0903657 0.102514 0)
(0.102639 -0.085888 0)
(-0.104353 0.0862558 0)
(-0.0859028 -0.102785 0)
(-0.133612 -0.0273797 0)
(0.0283725 -0.133711 0)
(-0.0281016 0.133391 0)
(0.133331 0.0281336 0)
(0.218637 0.0382646 0)
(-0.0400101 0.219495 0)
(0.0393638 -0.218432 0)
(-0.219055 -0.0376528 0)
(0.221389 0.04728 0)
(-0.0491548 0.222385 0)
(0.0484158 -0.221313 0)
(-0.221856 -0.0467589 0)
(0.159058 -0.0318899 0)
(-0.157743 0.0319286 0)
(0.0300025 0.155802 0)
(-0.0304444 -0.156306 0)
(-0.162707 -0.124607 0)
(-0.125973 0.164712 0)
(0.162193 0.124814 0)
(0.125308 -0.1629 0)
(0.161242 -0.0372706 0)
(-0.159766 0.0376667 0)
(-0.0360991 -0.158384 0)
(0.0357616 0.15768 0)
(-0.138196 -0.218533 0)
(0.219663 -0.138755 0)
(0.13774 0.218617 0)
(-0.220885 0.141729 0)
(0.1439 -0.159685 0)
(0.159097 0.143314 0)
(-0.144649 0.161782 0)
(-0.159519 -0.143154 0)
(-0.147926 0.0775279 0)
(0.0759641 0.146162 0)
(-0.0758581 -0.146128 0)
(0.148137 -0.0760227 0)
(-0.0903911 -0.111447 0)
(0.111556 -0.0898723 0)
(-0.112309 0.0914058 0)
(0.0911081 0.111688 0)
(0.141955 0.0267169 0)
(-0.0275709 0.142483 0)
(0.0275682 -0.142255 0)
(-0.141969 -0.025938 0)
(-0.0480495 -0.150258 0)
(0.153089 -0.0487331 0)
(0.0480577 0.149526 0)
(-0.151717 0.0496032 0)
(-0.201167 0.00636429 0)
(0.200927 -0.00608811 0)
(0.00388764 0.200624 0)
(-0.00433103 -0.199986 0)
(-0.134053 -0.210728 0)
(0.21211 -0.134629 0)
(0.133648 0.21094 0)
(-0.213019 0.137278 0)
(0.107606 -0.110394 0)
(0.110294 0.108391 0)
(-0.110353 -0.107761 0)
(-0.108458 0.111718 0)
(-0.0473346 0.149798 0)
(0.148116 0.0455656 0)
(-0.147896 -0.0455073 0)
(0.0472077 -0.149267 0)
(0.13322 -0.0578368 0)
(-0.0569643 -0.130863 0)
(-0.13299 0.0583388 0)
(0.0578005 0.13079 0)
(0.144003 -0.168969 0)
(0.168338 0.143392 0)
(-0.144832 0.171144 0)
(-0.168785 -0.143232 0)
(0.143377 -0.0151347 0)
(0.0125072 0.142592 0)
(-0.143557 0.0137794 0)
(-0.0133223 -0.142542 0)
(-0.178671 0.139542 0)
(0.136439 0.177014 0)
(-0.136787 -0.176912 0)
(0.178001 -0.137197 0)
(0.145699 0.173816 0)
(0.174751 -0.14641 0)
(-0.14611 -0.173698 0)
(-0.175513 0.148849 0)
(-0.0504323 -0.214312 0)
(0.0500745 0.214458 0)
(0.215856 -0.0515256 0)
(-0.216032 0.0528211 0)
(-0.0907866 -0.106978 0)
(0.106963 -0.0901449 0)
(-0.107904 0.0914554 0)
(0.0918272 0.10707 0)
(-0.0939411 0.248475 0)
(0.246309 0.0921821 0)
(-0.247175 -0.0918175 0)
(0.0931057 -0.246313 0)
(0.138178 0.0292982 0)
(-0.0301433 0.138516 0)
(-0.138356 -0.0279863 0)
(0.0299562 -0.138416 0)
(-0.191663 0.0229334 0)
(0.191679 -0.0223745 0)
(-0.0208778 -0.19023 0)
(0.0203071 0.190628 0)
(-0.192709 0.0297001 0)
(0.192959 -0.0291409 0)
(-0.0277222 -0.191267 0)
(0.0270057 0.191673 0)
(0.145728 -0.27464 0)
(0.274701 0.145109 0)
(-0.148358 0.278839 0)
(-0.275425 -0.144816 0)
(-0.200451 -0.00110161 0)
(0.20007 0.00141771 0)
(-0.00358459 0.200062 0)
(0.00304359 -0.19936 0)
(0.0412586 0.21293 0)
(0.214258 -0.0429681 0)
(-0.214363 0.0440042 0)
(-0.0416474 -0.212697 0)
(0.182018 -0.284358 0)
(-0.285406 -0.181533 0)
(0.28463 0.181693 0)
(-0.185832 0.290245 0)
(0.0453598 0.234925 0)
(-0.236358 0.0483005 0)
(0.236028 -0.0471433 0)
(-0.0456983 -0.234552 0)
(-0.0347798 -0.219061 0)
(-0.220622 0.0371408 0)
(0.220399 -0.0361797 0)
(0.0343234 0.219431 0)
(0.177557 -0.0447404 0)
(-0.176866 0.0455472 0)
(-0.0434317 -0.175398 0)
(0.0431583 0.175156 0)
(0.339992 0.118587 0)
(0.118867 -0.339292 0)
(-0.122551 0.343988 0)
(-0.340995 -0.118038 0)
(-0.141951 -0.00647245 0)
(-0.00697951 0.142239 0)
(0.00717397 -0.141108 0)
(0.141071 0.00667718 0)
(0.122333 -0.0738057 0)
(-0.0740818 -0.121243 0)
(-0.122545 0.0746892 0)
(0.0739852 0.12091 0)
(0.0706152 0.137046 0)
(0.139092 -0.070546 0)
(-0.139005 0.0718189 0)
(-0.0703192 -0.137046 0)
(-0.00271304 -0.153244 0)
(0.00226945 0.154013 0)
(-0.154133 0.00380303 0)
(0.153557 -0.00395207 0)
(-0.213543 0.0941733 0)
(0.213156 -0.0922401 0)
(-0.0913311 -0.211654 0)
(0.0910476 0.211768 0)
(0.137882 -0.0889877 0)
(-0.138083 0.0905921 0)
(-0.0890938 -0.136756 0)
(0.08918 0.136688 0)
(0.215948 -0.101661 0)
(-0.21646 0.103789 0)
(-0.100836 -0.214529 0)
(0.100521 0.214569 0)
(0.162705 0.0143741 0)
(-0.163115 -0.0141053 0)
(-0.015812 0.163356 0)
(0.0157121 -0.162609 0)
(0.0529552 0.158243 0)
(-0.160388 0.0547531 0)
(0.161431 -0.053616 0)
(-0.0528712 -0.1588 0)
(0.0710233 0.218864 0)
(-0.0713418 -0.218671 0)
(-0.22049 0.0739816 0)
(0.220144 -0.0722175 0)
(-0.246106 -0.592644 0)
(0.595187 -0.247737 0)
(-0.589017 0.24695 0)
(0.246604 0.593975 0)
(-0.0988216 -0.110627 0)
(0.110539 -0.0985517 0)
(-0.111369 0.0998785 0)
(0.0991861 0.111093 0)
(0.0561253 -0.12286 0)
(-0.120543 -0.0550284 0)
(-0.0560008 0.122564 0)
(0.119881 0.054794 0)
(0.0906833 0.0989761 0)
(0.0978306 -0.0892435 0)
(-0.0994071 0.0906342 0)
(-0.0896704 -0.0981829 0)
(0.145226 0.0341932 0)
(-0.0355045 0.146091 0)
(0.0354704 -0.145714 0)
(-0.145079 -0.0339301 0)
(-0.130526 -0.031083 0)
(0.0317149 -0.130953 0)
(0.130546 0.0314399 0)
(-0.031803 0.130961 0)
(0.106705 0.0790932 0)
(-0.0797555 0.107879 0)
(0.079321 -0.107279 0)
(-0.107126 -0.0791464 0)
(-0.000291732 -0.164096 0)
(0.164723 -0.00177899 0)
(-7.67285e-05 0.1648 0)
(-0.165051 0.00187563 0)
(-0.208657 -0.00988241 0)
(0.2084 0.0104169 0)
(0.0118604 -0.207822 0)
(-0.0123596 0.208487 0)
(-0.129392 -0.0438628 0)
(0.128933 0.0430453 0)
(0.043874 -0.130093 0)
(-0.0438625 0.130256 0)
(0.114266 -0.132919 0)
(0.132329 0.114326 0)
(-0.132665 -0.113977 0)
(-0.114853 0.134348 0)
(-0.10007 -0.091174 0)
(0.0910213 -0.10032 0)
(0.100141 0.0915667 0)
(-0.0915834 0.100888 0)
(-0.120254 0.231411 0)
(0.228573 0.117969 0)
(-0.229372 -0.117939 0)
(0.118949 -0.229043 0)
(-0.065079 0.165242 0)
(-0.163614 -0.0636405 0)
(0.0648055 -0.164439 0)
(0.163336 0.0638077 0)
(-0.242534 -0.195829 0)
(0.196527 -0.242207 0)
(-0.199462 0.246976 0)
(0.241698 0.195917 0)
(-0.158593 -0.263133 0)
(0.157942 0.263287 0)
(0.264185 -0.158924 0)
(-0.26642 0.163218 0)
(0.186777 0.140891 0)
(-0.142586 0.189801 0)
(0.141484 -0.187455 0)
(-0.187437 -0.140735 0)
(0.0581147 0.180202 0)
(-0.182028 0.0605271 0)
(-0.0582919 -0.18043 0)
(0.182505 -0.0593439 0)
(-0.215084 0.0138718 0)
(-0.0116955 -0.213729 0)
(0.0112589 0.214295 0)
(0.2149 -0.0132923 0)
(-0.0276894 -0.166684 0)
(-0.168019 0.0293554 0)
(0.168739 -0.029299 0)
(0.027151 0.16658 0)
(0.33419 -0.0205106 0)
(-0.019646 -0.333722 0)
(0.0188417 0.334019 0)
(-0.33548 0.0221752 0)
(-0.132854 0.206992 0)
(0.204014 0.131076 0)
(-0.204794 -0.130836 0)
(0.13177 -0.204701 0)
(-0.219577 0.0205623 0)
(0.017784 0.218694 0)
(-0.0182899 -0.21815 0)
(0.219332 -0.0197644 0)
(0.332869 -0.0510979 0)
(-0.0502198 -0.331915 0)
(0.0494959 0.332292 0)
(-0.334155 0.0532084 0)
(0.24291 -0.590831 0)
(0.591374 0.243118 0)
(-0.592714 -0.243531 0)
(-0.250321 0.60358 0)
(0.0672783 0.190174 0)
(-0.192274 0.0698777 0)
(-0.0674278 -0.19053 0)
(0.192451 -0.0684402 0)
(0.0301448 0.200716 0)
(0.201867 -0.0320916 0)
(-0.201929 0.0328675 0)
(-0.0307026 -0.200403 0)
(0.134838 0.00289496 0)
(0.00297386 -0.134869 0)
(-0.135726 -0.00274043 0)
(-0.00271668 0.136064 0)
(-0.115605 0.079436 0)
(0.0788805 0.114392 0)
(-0.0785144 -0.11472 0)
(0.115161 -0.0783465 0)
(0.138182 0.0140225 0)
(-0.0140236 0.138864 0)
(-0.138924 -0.0137004 0)
(0.0142794 -0.138445 0)
(0.0678539 0.117062 0)
(-0.118635 0.0687256 0)
(0.118432 -0.0683419 0)
(-0.0681871 -0.117392 0)
(0.0585852 -0.124298 0)
(-0.119618 -0.0611138 0)
(0.118951 0.0608625 0)
(-0.058797 0.124469 0)
(0.330643 0.0525313 0)
(-0.0552222 0.333062 0)
(-0.332075 -0.0514011 0)
(0.0534728 -0.330255 0)
(0.0668407 -0.120864 0)
(-0.11964 -0.0677952 0)
(-0.0675371 0.121333 0)
(0.118997 0.0671798 0)
(0.0731667 -0.116527 0)
(0.115716 0.0728761 0)
(-0.0735835 0.117285 0)
(-0.11668 -0.0728009 0)
(0.0554665 -0.151889 0)
(-0.0556576 0.152536 0)
(-0.150612 -0.0541373 0)
(0.150562 0.0541685 0)
(0.110236 0.0776368 0)
(-0.0784067 0.111618 0)
(-0.110812 -0.0776833 0)
(0.078118 -0.110825 0)
(-0.135278 0.133451 0)
(-0.131528 -0.134135 0)
(0.131244 0.134382 0)
(0.134652 -0.131676 0)
(-0.0555036 0.182298 0)
(0.180784 0.0540273 0)
(-0.181006 -0.0537395 0)
(0.0552089 -0.18134 0)
(0.11856 0.107052 0)
(-0.107192 0.120311 0)
(-0.118787 -0.10651 0)
(0.106498 -0.119011 0)
(0.211892 0.0197402 0)
(-0.0215974 0.212174 0)
(0.0210651 -0.211368 0)
(-0.212167 -0.0191894 0)
(-0.189882 0.135089 0)
(0.13182 0.188076 0)
(-0.132166 -0.187958 0)
(0.189181 -0.13267 0)
(-0.199175 0.142187 0)
(0.138731 0.19714 0)
(-0.139165 -0.197023 0)
(0.198256 -0.139565 0)
(-0.0245231 -0.177503 0)
(0.023934 0.177615 0)
(0.179213 -0.0261205 0)
(-0.178848 0.0263347 0)
(0.012796 -0.135484 0)
(0.135475 0.0132354 0)
(-0.136071 -0.0128253 0)
(-0.0127545 0.136001 0)
(0.0775961 0.112331 0)
(-0.113558 0.0781719 0)
(-0.0773929 -0.112814 0)
(0.113078 -0.0773615 0)
(-0.143037 -0.109306 0)
(-0.110281 0.144778 0)
(0.109733 -0.14335 0)
(0.14255 0.109614 0)
(0.115931 0.180509 0)
(-0.182074 0.118779 0)
(0.181737 -0.116701 0)
(-0.116189 -0.180412 0)
(0.0756156 -0.164233 0)
(-0.0759719 0.165267 0)
(-0.163621 -0.0747605 0)
(0.163214 0.0749178 0)
(-0.0111757 0.282696 0)
(0.00997063 -0.281327 0)
(-0.282868 -0.00800722 0)
(0.282237 0.00911486 0)
(0.0257467 -0.289451 0)
(-0.0271243 0.290945 0)
(-0.290801 -0.0238221 0)
(0.290151 0.0248105 0)
(0.225184 0.0296121 0)
(-0.0315082 0.225857 0)
(0.0307962 -0.224762 0)
(-0.22561 -0.0289864 0)
(0.0326035 -0.235878 0)
(-0.033487 0.23707 0)
(-0.236866 -0.0307896 0)
(0.236315 0.0314762 0)
(0.50958 -0.289742 0)
(-0.290002 -0.508516 0)
(-0.515151 0.298439 0)
(0.289272 0.50855 0)
(0.199609 -0.349377 0)
(0.349369 0.199472 0)
(-0.350512 -0.199321 0)
(-0.205698 0.357504 0)
(0.0955918 -0.151673 0)
(-0.0960592 0.152854 0)
(-0.151147 -0.0950737 0)
(0.150673 0.0953033 0)
(0.0112146 -0.23914 0)
(-0.240388 -0.00923206 0)
(-0.01203 0.240126 0)
(0.239933 0.00992418 0)
(0.136057 -0.0843587 0)
(-0.136247 0.0859241 0)
(-0.0845309 -0.134835 0)
(0.0846615 0.134768 0)
(-0.267654 -0.11227 0)
(0.113556 -0.266799 0)
(-0.115204 0.269831 0)
(0.266884 0.112779 0)
(-0.217222 -0.172112 0)
(0.172957 -0.217153 0)
(0.216444 0.172386 0)
(-0.174772 0.220552 0)
(-0.182988 0.108737 0)
(0.106052 0.181432 0)
(-0.106274 -0.181375 0)
(0.182826 -0.106778 0)
(-0.159217 -0.0107697 0)
(0.0122485 -0.158634 0)
(0.158751 0.0109875 0)
(-0.0123219 0.159443 0)
(-0.0949825 0.158001 0)
(0.0945057 -0.156727 0)
(0.15577 0.0941439 0)
(-0.156255 -0.0939096 0)
(-0.229205 -0.197277 0)
(0.197882 -0.228947 0)
(-0.200658 0.233499 0)
(0.228413 0.197433 0)
(-0.0617601 0.126805 0)
(0.123177 0.0616529 0)
(0.0614536 -0.126538 0)
(-0.12387 -0.0619519 0)
(0.0463301 -0.188757 0)
(-0.0466423 0.189676 0)
(0.188471 0.0450936 0)
(-0.188767 -0.0447206 0)
(0.127467 0.145274 0)
(-0.146407 0.12977 0)
(0.14588 -0.12783 0)
(-0.127704 -0.145088 0)
(0.0857615 -0.104013 0)
(0.103516 0.0857393 0)
(-0.0862584 0.1045 0)
(-0.103699 -0.0856483 0)
(0.112948 0.0800399 0)
(-0.08044 0.11451 0)
(-0.113628 -0.0799185 0)
(0.0801102 -0.113812 0)
(-0.050113 0.127542 0)
(-0.125904 -0.0492351 0)
(0.124978 0.0486708 0)
(0.0499767 -0.127118 0)
(-0.198334 -0.013931 0)
(0.197979 0.0144387 0)
(-0.0163103 0.198338 0)
(0.0159064 -0.197612 0)
(0.0999449 0.402245 0)
(0.403598 -0.102016 0)
(-0.405206 0.105114 0)
(-0.100775 -0.401856 0)
(0.0260633 0.205497 0)
(0.206448 -0.0280201 0)
(-0.206488 0.0288812 0)
(-0.0266748 -0.204988 0)
(0.00345278 -0.246924 0)
(-0.2484 -0.00131645 0)
(-0.00426216 0.247854 0)
(0.247888 0.00215622 0)
(0.171564 -0.251449 0)
(-0.251813 -0.170903 0)
(0.250967 0.171144 0)
(-0.174348 0.255695 0)
(-0.136599 0.00421259 0)
(0.00380678 0.136593 0)
(0.135704 -0.00421811 0)
(-0.00410394 -0.135596 0)
(-0.12292 0.0632804 0)
(0.122784 -0.0631175 0)
(0.0623149 0.121121 0)
(-0.062645 -0.121217 0)
(0.0992083 -0.212554 0)
(-0.212806 -0.0981517 0)
(0.212013 0.0984976 0)
(-0.100182 0.214324 0)
(0.350179 0.0922923 0)
(-0.0959817 0.353161 0)
(-0.351018 -0.0915588 0)
(0.0924254 -0.349119 0)
(0.316785 0.410248 0)
(-0.423462 0.333821 0)
(0.410312 -0.317524 0)
(-0.317898 -0.410012 0)
(0.20804 -0.0584529 0)
(0.0570751 0.206501 0)
(-0.0574321 -0.206476 0)
(-0.208146 0.0597868 0)
(-0.213562 -0.110901 0)
(0.111967 -0.213384 0)
(-0.112902 0.215345 0)
(0.212789 0.111135 0)
(0.00129656 -0.215135 0)
(0.215879 -0.000100792 0)
(-0.216282 0.000772308 0)
(-0.00186678 0.215793 0)
(-0.239539 0.228004 0)
(-0.222731 -0.235854 0)
(0.221942 0.235709 0)
(0.236127 -0.222508 0)
(-0.242153 -0.141726 0)
(0.142607 -0.241777 0)
(0.241441 0.141882 0)
(-0.144502 0.245012 0)
(0.111631 0.102923 0)
(-0.1028 0.113162 0)
(-0.111814 -0.102222 0)
(0.102017 -0.111969 0)
(-0.0344462 -0.147245 0)
(0.0341362 0.145871 0)
(0.150955 -0.0355195 0)
(-0.148433 0.0356524 0)
(0.116536 0.102234 0)
(-0.102179 0.118237 0)
(-0.116812 -0.101612 0)
(0.101483 -0.117087 0)
(-0.227625 0.038593 0)
(-0.0361066 -0.226 0)
(0.0356057 0.226368 0)
(0.227368 -0.0374618 0)
(0.143756 0.0492056 0)
(-0.14364 -0.0492135 0)
(0.0508802 -0.145335 0)
(-0.0510667 0.145863 0)
(0.05546 -0.146914 0)
(0.145319 0.0539735 0)
(-0.0556856 0.147501 0)
(-0.145415 -0.0540881 0)
(-0.0997015 0.182386 0)
(0.180143 0.0985273 0)
(-0.180599 -0.0982454 0)
(0.0990851 -0.180855 0)
(-0.106032 0.18422 0)
(0.181875 0.104828 0)
(-0.182358 -0.104424 0)
(0.105301 -0.182482 0)
(0.143523 0.0565982 0)
(-0.0581227 0.145897 0)
(-0.143871 -0.056771 0)
(0.0578894 -0.145368 0)
(0.561878 0.155078 0)
(0.155924 -0.560541 0)
(-0.15986 0.565582 0)
(-0.563196 -0.156191 0)
(-0.127771 -0.0799924 0)
(0.127036 0.0800913 0)
(-0.080489 0.129626 0)
(0.0800134 -0.128838 0)
(-0.00971045 0.210632 0)
(-0.210962 -0.00722836 0)
(0.210599 0.00774386 0)
(0.00918172 -0.209935 0)
(-0.131677 0.0378719 0)
(0.13261 -0.0376999 0)
(-0.0375249 -0.130385 0)
(0.0372527 0.129372 0)
(-0.321484 -0.0116804 0)
(0.0136586 -0.319579 0)
(0.320417 0.0128881 0)
(-0.0150858 0.320956 0)
(0.00725585 -0.136175 0)
(0.135799 0.00711183 0)
(-0.136602 -0.00698419 0)
(-0.00708879 0.137133 0)
(-0.11761 0.0725469 0)
(0.0720921 0.115766 0)
(0.117297 -0.0719168 0)
(-0.0724656 -0.116097 0)
(-0.145916 0.0963929 0)
(0.0946709 0.144551 0)
(-0.0946719 -0.14454 0)
(0.145725 -0.0946803 0)
(-0.172502 -0.0157338 0)
(0.172237 0.0160717 0)
(-0.0177005 0.172772 0)
(0.0175182 -0.172069 0)
(0.297744 -0.39984 0)
(0.399761 0.297326 0)
(-0.313273 0.420126 0)
(-0.40086 -0.297594 0)
(0.156236 -0.184474 0)
(-0.157275 0.187059 0)
(0.1838 0.155578 0)
(-0.184418 -0.15535 0)
(-0.193555 -0.159005 0)
(0.192931 0.159082 0)
(-0.16115 0.196386 0)
(0.159765 -0.193651 0)
(-0.216624 0.208452 0)
(0.20361 0.213724 0)
(0.214442 -0.204396 0)
(-0.204346 -0.213622 0)
(-0.0651014 -0.240706 0)
(0.242342 -0.0663052 0)
(0.0648565 0.241193 0)
(-0.242793 0.0679394 0)
(0.334145 -0.369062 0)
(0.368537 0.334014 0)
(-0.348903 0.387758 0)
(-0.369548 -0.333999 0)
(0.244201 -0.0787001 0)
(-0.0777346 -0.242782 0)
(-0.244916 0.080801 0)
(0.0772911 0.243049 0)
(0.253097 0.0490101 0)
(0.0498879 -0.252732 0)
(-0.25376 -0.0481331 0)
(-0.0509813 0.254324 0)
(0.273159 0.0795313 0)
(-0.0816023 0.275379 0)
(0.0803197 -0.272906 0)
(-0.273956 -0.078749 0)
(-0.0660065 0.140816 0)
(0.138553 0.0649038 0)
(-0.139196 -0.0650292 0)
(0.0657248 -0.140239 0)
(0.283235 0.0861694 0)
(-0.0887361 0.285861 0)
(0.0869483 -0.282906 0)
(-0.28406 -0.0854049 0)
(0.0920707 0.19546 0)
(-0.0923502 -0.195486 0)
(-0.197271 0.0949817 0)
(0.197087 -0.0931003 0)
(0.0415041 0.144491 0)
(0.148604 -0.0421449 0)
(-0.146834 0.0428247 0)
(-0.0415167 -0.145534 0)
(0.0525892 -0.161313 0)
(0.160327 0.0512645 0)
(-0.160394 -0.0511148 0)
(-0.0526821 0.162084 0)
(0.120089 0.117272 0)
(-0.117757 0.121868 0)
(-0.120263 -0.116893 0)
(0.117089 -0.120387 0)
(0.235266 -0.119513 0)
(-0.11885 -0.233937 0)
(0.118316 0.234201 0)
(-0.236452 0.122291 0)
(-0.0755157 0.178367 0)
(-0.176819 -0.0740834 0)
(0.075066 -0.17719 0)
(0.176411 0.07425 0)
(-0.0835082 0.177292 0)
(-0.175659 -0.0821199 0)
(0.083013 -0.176022 0)
(0.175218 0.0823677 0)
(0.10562 -0.192652 0)
(-0.192727 -0.104621 0)
(0.192093 0.105023 0)
(-0.106377 0.194467 0)
(-0.133468 0.0347782 0)
(0.135635 -0.0344164 0)
(-0.0350911 -0.132222 0)
(0.03459 0.131473 0)
(0.0718235 -0.171819 0)
(0.171025 0.0709384 0)
(-0.171324 -0.0708091 0)
(-0.0722113 0.172903 0)
(0.238595 -0.0987946 0)
(-0.0979344 -0.23725 0)
(0.0974903 0.23748 0)
(-0.239503 0.101169 0)
(0.117977 -0.14355 0)
(0.142867 0.117691 0)
(-0.143312 -0.117419 0)
(-0.118466 0.145115 0)
(-0.221048 -0.215983 0)
(0.216703 -0.220685 0)
(-0.219473 0.225713 0)
(0.220338 0.216122 0)
(-0.137899 -0.156172 0)
(-0.157702 0.140303 0)
(0.157079 -0.138132 0)
(0.137578 0.156314 0)
(-0.172592 -0.0188778 0)
(0.0207259 -0.172207 0)
(-0.0209031 0.172942 0)
(0.172291 0.0193094 0)
(-0.0975238 -0.143046 0)
(0.0974875 0.143066 0)
(-0.144359 0.0991783 0)
(0.144119 -0.0974357 0)
(0.1466 0.071306 0)
(-0.0722182 0.148818 0)
(-0.147122 -0.0712608 0)
(0.071908 -0.148036 0)
(0.130741 0.0960356 0)
(-0.0963516 0.132904 0)
(-0.131263 -0.0956633 0)
(0.0958143 -0.131803 0)
(0.502094 -0.0727841 0)
(0.0705392 0.500495 0)
(-0.5026 0.0743969 0)
(-0.0716396 -0.500385 0)
(-0.185539 0.107293 0)
(0.104553 0.1839 0)
(-0.104786 -0.183834 0)
(0.185338 -0.105334 0)
(0.0597745 -0.257615 0)
(0.257876 0.0588449 0)
(-0.258583 -0.0580043 0)
(-0.0606386 0.259509 0)
(-0.0500745 0.204642 0)
(-0.20384 -0.0479399 0)
(0.0495387 -0.203608 0)
(0.203469 0.0483935 0)
(0.079336 -0.190017 0)
(-0.189898 -0.0781691 0)
(0.189495 0.0784952 0)
(-0.0798624 0.191393 0)
(0.0557881 -0.130679 0)
(-0.128848 -0.0540833 0)
(0.128194 0.0538518 0)
(-0.0559366 0.130932 0)
(-0.109939 -0.0864421 0)
(0.109371 0.0867535 0)
(-0.0870074 0.110861 0)
(0.0864396 -0.110163 0)
(0.183435 -0.156971 0)
(-0.156616 -0.182442 0)
(0.156134 0.182539 0)
(-0.184414 0.159634 0)
(-0.153188 -0.194315 0)
(0.19538 -0.153626 0)
(-0.196476 0.15641 0)
(0.152722 0.194425 0)
(-0.170556 0.107323 0)
(0.170346 -0.105411 0)
(0.104852 0.168994 0)
(-0.105022 -0.168953 0)
(-0.258893 -0.0215656 0)
(-0.0245121 0.258945 0)
(0.258331 0.0224951 0)
(0.0234176 -0.257627 0)
(-0.157121 -0.243247 0)
(0.244182 -0.157377 0)
(0.156498 0.243295 0)
(-0.24608 0.16127 0)
(0.13774 -0.301671 0)
(-0.302886 -0.136988 0)
(-0.140962 0.306244 0)
(0.302029 0.137336 0)
(0.153605 0.148372 0)
(-0.149725 0.156332 0)
(-0.15401 -0.148244 0)
(0.149015 -0.15419 0)
(-0.247158 0.197698 0)
(0.244449 -0.192959 0)
(0.192079 0.243757 0)
(-0.192932 -0.243606 0)
(0.067233 -0.205048 0)
(-0.205227 -0.065859 0)
(0.204773 0.0662559 0)
(-0.0678648 0.206384 0)
(-0.163923 -0.230599 0)
(0.163267 0.230698 0)
(0.231558 -0.164108 0)
(-0.23341 0.167947 0)
(0.24191 0.0451834 0)
(0.0462507 -0.241682 0)
(-0.242516 -0.0444477 0)
(-0.0471319 0.243067 0)
(0.0688468 -0.515332 0)
(0.516781 0.0695304 0)
(-0.0715306 0.51615 0)
(-0.517876 -0.0688 0)
(0.365836 -0.36676 0)
(0.366285 0.365776 0)
(-0.38334 0.388354 0)
(-0.367188 -0.365695 0)
(-0.172478 0.0693187 0)
(0.0671052 0.170642 0)
(-0.0671261 -0.170826 0)
(0.172943 -0.0679513 0)
(-0.152426 0.0534977 0)
(-0.0516872 -0.150876 0)
(0.153506 -0.0523953 0)
(0.0518682 0.150294 0)
(-0.161559 -0.204724 0)
(-0.207056 0.165033 0)
(0.205681 -0.161934 0)
(0.161011 0.204828 0)
(-0.205109 0.180184 0)
(-0.176591 -0.202647 0)
(0.203548 -0.176882 0)
(0.175975 0.202731 0)
(0.0162006 0.22721 0)
(-0.228144 0.0190471 0)
(0.227811 -0.01817 0)
(-0.0167109 -0.22671 0)
(0.00641645 0.232216 0)
(-0.232935 0.00922644 0)
(-0.00697573 -0.231584 0)
(0.232504 -0.00851609 0)
(-0.243585 0.0101716 0)
(0.00719716 0.24275 0)
(-0.0078815 -0.242116 0)
(0.243121 -0.00926393 0)
(0.258752 -0.0845283 0)
(-0.0833159 -0.257146 0)
(-0.259656 0.0867296 0)
(0.0830779 0.257759 0)
(-0.25498 0.021164 0)
(0.0182276 0.254089 0)
(-0.0187415 -0.253394 0)
(0.254528 -0.0201757 0)
(0.0627143 -0.120079 0)
(-0.118404 -0.0624143 0)
(-0.0631404 0.120763 0)
(0.117747 0.0621127 0)
(0.111691 0.0735959 0)
(-0.0741962 0.112832 0)
(0.0739124 -0.112367 0)
(-0.112289 -0.0738534 0)
(-0.263643 -0.0338766 0)
(-0.0368384 0.263929 0)
(0.0357254 -0.262468 0)
(0.263036 0.0349106 0)
(-0.0220162 -0.496421 0)
(0.498478 -0.0228201 0)
(-0.499224 0.0239621 0)
(0.0207814 0.496813 0)
(0.0250931 0.160452 0)
(0.162816 -0.0275752 0)
(-0.161963 0.0273835 0)
(-0.0257308 -0.160653 0)
(-0.0787634 -0.108049 0)
(0.0789266 0.107841 0)
(-0.108933 0.0794722 0)
(0.108271 -0.0788279 0)
(-0.133547 -0.016769 0)
(-0.0167366 0.13298 0)
(0.0167934 -0.132704 0)
(0.132503 0.0167483 0)
(0.0932557 0.128285 0)
(-0.0930486 -0.128218 0)
(-0.129275 0.0943588 0)
(0.128912 -0.0927887 0)
(-0.0228254 0.158091 0)
(0.157269 0.021643 0)
(0.022874 -0.157454 0)
(-0.157575 -0.0212863 0)
(0.0939124 0.133606 0)
(-0.0938357 -0.133578 0)
(0.134523 -0.0936175 0)
(-0.134807 0.0952209 0)
(0.162203 0.0199844 0)
(-0.0213475 0.162984 0)
(-0.162543 -0.0196669 0)
(0.0213353 -0.162304 0)
(-0.124228 -0.0503735 0)
(0.0557989 -0.12603 0)
(0.123182 0.0502762 0)
(-0.0557288 0.126209 0)
(-0.0838529 0.1073 0)
(0.105774 0.0833258 0)
(-0.106286 -0.0828549 0)
(0.0830872 -0.10676 0)
(-0.117391 -0.0896603 0)
(0.089467 -0.117961 0)
(0.116828 0.0900796 0)
(-0.0900757 0.118826 0)
(0.231704 -0.136006 0)
(-0.135529 -0.230433 0)
(-0.232945 0.139126 0)
(0.134996 0.230592 0)
(-0.234057 -0.0533626 0)
(-0.0557084 0.234737 0)
(0.0550772 -0.23337 0)
(0.233485 0.0539434 0)
(0.0960154 0.464186 0)
(-0.467298 0.100683 0)
(0.466147 -0.0982083 0)
(-0.0967887 -0.464261 0)
(-0.0562145 -0.251695 0)
(0.253256 -0.0575043 0)
(-0.253805 0.059013 0)
(0.0558947 0.252373 0)
(0.0898049 0.140968 0)
(-0.0897497 -0.140935 0)
(0.142282 -0.0897188 0)
(-0.142422 0.0913908 0)
(-0.0147446 0.167362 0)
(0.166776 0.0131184 0)
(-0.16709 -0.0129005 0)
(0.0145395 -0.166596 0)
(-0.026106 0.195834 0)
(0.0256307 -0.194985 0)
(0.195206 0.0242038 0)
(-0.195592 -0.0238127 0)
(0.147552 -0.0277024 0)
(0.0261221 0.142435 0)
(-0.144885 0.0274959 0)
(-0.0263257 -0.14371 0)
(0.148212 -0.0211533 0)
(-0.147744 0.0206224 0)
(-0.0194693 -0.146688 0)
(0.0190815 0.146655 0)
(-0.184259 0.0205676 0)
(0.184424 -0.0202195 0)
(-0.018573 -0.183074 0)
(0.0180475 0.183192 0)
(-0.120695 -0.209947 0)
(0.120342 0.210106 0)
(-0.21208 0.1238 0)
(0.211321 -0.121362 0)
(0.151794 0.0479154 0)
(0.0493703 -0.152914 0)
(-0.0494886 0.153557 0)
(-0.15168 -0.047795 0)
(0.140459 0.0903947 0)
(-0.0909968 0.142713 0)
(0.0904986 -0.141656 0)
(-0.141044 -0.0901775 0)
(-0.113812 -0.110381 0)
(0.113736 0.110899 0)
(-0.111131 0.115275 0)
(0.110353 -0.113859 0)
(-0.0969852 0.141901 0)
(0.139659 0.096447 0)
(0.0964809 -0.140733 0)
(-0.140218 -0.0961536 0)
(0.0430393 -0.183263 0)
(-0.0433171 0.184129 0)
(0.18295 0.0417493 0)
(-0.183176 -0.0414012 0)
(-0.277987 0.107156 0)
(0.102833 0.275672 0)
(0.276644 -0.104313 0)
(-0.103422 -0.275203 0)
(-0.289543 0.0790311 0)
(0.075093 0.287552 0)
(-0.0755525 -0.286877 0)
(0.288321 -0.076678 0)
(0.142725 -0.12218 0)
(0.121901 0.142127 0)
(-0.143184 0.124065 0)
(-0.122097 -0.141921 0)
(0.163154 -0.1127 0)
(-0.163453 0.114723 0)
(-0.112385 -0.16189 0)
(0.11221 0.161972 0)
(-0.435651 0.0759365 0)
(0.0713226 0.432898 0)
(-0.0723205 -0.432711 0)
(0.434338 -0.0734995 0)
(0.0768332 -0.302369 0)
(-0.303945 -0.075321 0)
(-0.0787269 0.30553 0)
(0.302702 0.0763195 0)
(0.0603693 -0.29893 0)
(-0.300553 -0.0588245 0)
(-0.0622311 0.301517 0)
(0.299572 0.0597417 0)
(0.0465847 0.137658 0)
(0.14106 -0.046861 0)
(-0.0463665 -0.138422 0)
(-0.139803 0.0476435 0)
(0.171308 0.0359304 0)
(-0.171522 -0.0355909 0)
(-0.0374744 0.172454 0)
(0.0373281 -0.171687 0)
(0.0631071 0.193984 0)
(-0.0633542 -0.194159 0)
(-0.19593 0.0658146 0)
(0.196102 -0.0644545 0)
(0.233529 -0.0257449 0)
(-0.0242726 -0.232276 0)
(-0.233834 0.0266812 0)
(0.0237376 0.232773 0)
(0.19288 -0.0763815 0)
(0.0753293 0.190794 0)
(-0.0754853 -0.191089 0)
(-0.192856 0.0779793 0)
(0.244669 -0.0250691 0)
(-0.0236658 -0.243464 0)
(-0.245152 0.0261104 0)
(0.0231686 0.243978 0)
(-0.0564083 -0.191898 0)
(-0.193533 0.058782 0)
(0.0561538 0.191785 0)
(0.193755 -0.0575626 0)
(-0.198935 0.0534252 0)
(-0.0510787 -0.19736 0)
(0.0507891 0.197325 0)
(0.199075 -0.0522369 0)
(-0.521902 -0.00275089 0)
(0.00377212 -0.519102 0)
(0.52123 0.00368923 0)
(-0.00553522 0.519125 0)
(0.173361 -0.0559651 0)
(-0.0550065 -0.171065 0)
(-0.17266 0.0571184 0)
(0.0549491 0.170762 0)
(-0.0502947 -0.132523 0)
(-0.134159 0.0521867 0)
(0.134597 -0.0516426 0)
(0.0510303 0.131968 0)
(0.142079 -0.0210131 0)
(-0.141408 0.0194774 0)
(0.0178809 0.140223 0)
(-0.0186177 -0.14051 0)
(-0.140005 0.220538 0)
(0.217301 0.137915 0)
(0.138742 -0.217937 0)
(-0.218099 -0.137841 0)
(0.175043 0.135736 0)
(0.136195 -0.175704 0)
(-0.137061 0.177774 0)
(-0.175563 -0.135441 0)
(-0.135315 0.113489 0)
(0.111657 0.134378 0)
(0.134836 -0.111766 0)
(-0.111768 -0.134192 0)
(0.082618 -0.121276 0)
(-0.120609 -0.0828237 0)
(0.119938 0.0830001 0)
(-0.083145 0.122067 0)
(-0.244114 -0.021487 0)
(0.0233154 -0.242981 0)
(-0.0242468 0.244138 0)
(0.243646 0.0222244 0)
(-0.148804 0.0162293 0)
(0.0145346 0.147804 0)
(0.149068 -0.0169534 0)
(-0.0151267 -0.147779 0)
(0.0940811 -0.114755 0)
(-0.11435 -0.0942173 0)
(-0.0947153 0.115699 0)
(0.113891 0.0947774 0)
(0.432176 0.414211 0)
(0.414858 -0.432795 0)
(-0.4414 0.46573 0)
(-0.433284 -0.414883 0)
(-0.0997283 0.119623 0)
(0.117773 0.0997547 0)
(-0.118171 -0.0991884 0)
(0.0990915 -0.118562 0)
(0.190288 0.0522414 0)
(0.0533925 -0.190646 0)
(-0.0537468 0.19164 0)
(-0.190538 -0.0519001 0)
(0.144113 -0.134597 0)
(-0.134436 -0.1434 0)
(0.13416 0.143621 0)
(-0.144663 0.136503 0)
(0.185437 0.0924994 0)
(-0.0937205 0.187567 0)
(-0.185894 -0.0922187 0)
(0.0931483 -0.186137 0)
(-0.199645 0.20609 0)
(0.201597 0.197102 0)
(0.19765 -0.20236 0)
(-0.202331 -0.19685 0)
(-0.214589 -0.151046 0)
(0.151935 -0.214504 0)
(0.21383 0.151169 0)
(-0.153374 0.21733 0)
(-0.227754 -0.13312 0)
(0.134065 -0.227503 0)
(-0.135507 0.230146 0)
(0.226929 0.133287 0)
(-0.148214 -0.105612 0)
(0.106094 -0.148564 0)
(-0.106618 0.149953 0)
(0.147702 0.105852 0)
(0.0804051 -0.163678 0)
(-0.0808266 0.164814 0)
(-0.163133 -0.0796774 0)
(0.162696 0.0798251 0)
(-0.0293009 0.145305 0)
(0.144684 0.0282114 0)
(0.0292984 -0.144997 0)
(-0.144626 -0.0276634 0)
(-0.0932241 -0.112991 0)
(-0.113792 0.0941852 0)
(0.113113 -0.0927502 0)
(0.0937029 0.113529 0)
(-0.0923232 0.124467 0)
(0.122382 0.0922747 0)
(0.0917637 -0.123534 0)
(-0.122951 -0.0918856 0)
(0.000427519 -0.259036 0)
(0.259996 -0.00074427 0)
(-0.00132578 0.259953 0)
(-0.260475 0.00169517 0)
(0.154676 -0.0157628 0)
(0.013694 0.153925 0)
(-0.0141826 -0.153588 0)
(-0.154737 0.0154267 0)
(-0.117731 -0.141905 0)
(0.142748 -0.117768 0)
(0.117559 0.142097 0)
(-0.143152 0.119637 0)
(-0.114171 -0.145257 0)
(0.114035 0.145414 0)
(0.146142 -0.114344 0)
(-0.14658 0.116138 0)
(0.0391328 -0.18116 0)
(-0.181157 -0.0374573 0)
(-0.039396 0.181986 0)
(0.180916 0.0377788 0)
(-0.182397 -0.0327812 0)
(0.0345052 -0.182269 0)
(-0.0347738 0.183067 0)
(0.182122 0.0332188 0)
(0.60045 -0.00956378 0)
(-0.0104677 -0.597425 0)
(-0.600887 0.00997266 0)
(0.00958877 0.595463 0)
(0.112614 -0.125603 0)
(-0.125393 -0.112477 0)
(-0.113285 0.127025 0)
(0.125159 0.112904 0)
(-0.264912 -0.0112165 0)
(-0.0142899 0.264733 0)
(0.264513 0.0122028 0)
(0.0132006 -0.263569 0)
(-0.158923 -0.057689 0)
(0.15879 0.05785 0)
(0.0589871 -0.159934 0)
(-0.0592334 0.160696 0)
(-0.147342 -0.0993965 0)
(0.0998697 -0.147785 0)
(-0.100357 0.149044 0)
(0.14683 0.0996917 0)
(-0.00804246 -0.211422 0)
(-0.212639 0.0101839 0)
(0.00758979 0.211934 0)
(0.212335 -0.00970465 0)
(-0.172524 -0.0292752 0)
(0.0310189 -0.172492 0)
(0.172255 0.0296626 0)
(-0.031227 0.17327 0)
(-0.260138 -0.0947304 0)
(0.09607 -0.259123 0)
(-0.098061 0.262047 0)
(0.259333 0.0952615 0)
(-0.139228 0.108313 0)
(0.138841 -0.106532 0)
(-0.106644 -0.138071 0)
(0.10654 0.138154 0)
(-0.146008 -0.242802 0)
(0.243809 -0.146349 0)
(0.145472 0.242852 0)
(-0.245447 0.14994 0)
(-0.138131 -0.0553032 0)
(0.0562228 -0.13972 0)
(0.137588 0.0550236 0)
(-0.0564797 0.140143 0)
(-0.184314 -0.0866767 0)
(0.0876213 -0.184548 0)
(0.183873 0.0869524 0)
(-0.0881677 0.185911 0)
(-0.027807 -0.215072 0)
(0.216361 -0.0292247 0)
(-0.216558 0.0300936 0)
(0.0272896 0.21541 0)
(0.263835 0.0845811 0)
(-0.264634 -0.0838813 0)
(-0.0867141 0.266108 0)
(0.0854071 -0.263854 0)
(-0.157491 -0.0842685 0)
(0.0848841 -0.158078 0)
(-0.0853312 0.159163 0)
(0.157066 0.0844127 0)
(0.177807 0.0116199 0)
(-0.178089 -0.011387 0)
(0.0131236 -0.177486 0)
(-0.0134296 0.178193 0)
(-0.153247 0.0951198 0)
(0.153131 -0.0933876 0)
(-0.0932246 -0.151736 0)
(0.093137 0.151748 0)
(0.0919871 -0.160165 0)
(-0.15963 -0.0913749 0)
(0.159175 0.0915977 0)
(-0.0924767 0.161357 0)
(-0.156557 -0.216469 0)
(-0.218886 0.160264 0)
(0.217461 -0.157023 0)
(0.156041 0.216495 0)
(0.173904 0.0384839 0)
(0.0398665 -0.174323 0)
(-0.040076 0.175129 0)
(-0.174136 -0.0381806 0)
(-0.136502 0.116971 0)
(0.136006 -0.115153 0)
(0.115026 0.135548 0)
(-0.115169 -0.135324 0)
(0.248459 -0.215304 0)
(0.214589 0.247974 0)
(-0.215863 -0.247937 0)
(-0.251862 0.220799 0)
(-0.0285074 -0.178585 0)
(0.0280059 0.178741 0)
(-0.180037 0.0304309 0)
(0.180412 -0.0300017 0)
(0.0403639 -0.279898 0)
(-0.281109 -0.0384788 0)
(-0.0416601 0.281615 0)
(0.280419 0.0395383 0)
(0.153451 -0.0245144 0)
(0.0222102 0.150818 0)
(-0.152322 0.0240474 0)
(-0.0227172 -0.151209 0)
(0.146444 0.0887583 0)
(-0.089456 0.148629 0)
(-0.146968 -0.0885723 0)
(0.0889943 -0.147597 0)
(0.0336218 0.173953 0)
(-0.0340206 -0.173967 0)
(0.176007 -0.0353998 0)
(-0.175443 0.0359498 0)
(0.0376887 0.176322 0)
(-0.0380815 -0.176448 0)
(0.178535 -0.0393664 0)
(-0.177962 0.0400823 0)
(0.270253 -0.21693 0)
(0.21615 0.26978 0)
(-0.274321 0.223122 0)
(-0.217147 -0.269736 0)
(-0.308212 -0.155821 0)
(0.156431 -0.306987 0)
(-0.160498 0.312644 0)
(0.307285 0.156133 0)
(-0.0252615 0.177812 0)
(-0.177384 -0.0232269 0)
(0.0250513 -0.177076 0)
(0.177077 0.0236259 0)
(-0.301723 -0.182761 0)
(0.183386 -0.300355 0)
(-0.187514 0.306801 0)
(0.300828 0.182958 0)
(-0.257746 0.0211839 0)
(0.257091 -0.0200666 0)
(-0.0187769 -0.25598 0)
(0.0180666 0.256735 0)
(0.00490041 0.266405 0)
(-0.267281 0.00795482 0)
(0.266615 -0.00689769 0)
(-0.00572847 -0.265551 0)
(0.0808699 -0.313136 0)
(-0.314853 -0.0799508 0)
(-0.0834994 0.316457 0)
(0.31394 0.0807479 0)
(0.0542665 -0.284415 0)
(0.284884 0.0535229 0)
(-0.0557756 0.286385 0)
(-0.285556 -0.052521 0)
(0.134481 -0.156869 0)
(0.156229 0.133857 0)
(-0.13512 0.158801 0)
(-0.156702 -0.133781 0)
(-0.103487 -0.145348 0)
(0.103452 0.145347 0)
(0.14629 -0.103615 0)
(-0.146589 0.105376 0)
(-0.204508 -0.151983 0)
(0.152824 -0.204484 0)
(0.203793 0.152132 0)
(-0.154159 0.20717 0)
(-0.107471 -0.144031 0)
(0.107262 0.144142 0)
(-0.145301 0.109187 0)
(0.144912 -0.10735 0)
(-0.178121 -0.0273501 0)
(0.0290286 -0.177908 0)
(-0.0293426 0.178722 0)
(0.177839 0.0277248 0)
(0.00816936 -0.167203 0)
(-0.00842901 0.167977 0)
(0.167532 0.00669273 0)
(-0.16793 -0.0064978 0)
(0.0843947 0.144712 0)
(-0.0843317 -0.144718 0)
(0.146308 -0.0844066 0)
(-0.146325 0.0860249 0)
(0.274621 0.0636793 0)
(0.0643569 -0.274239 0)
(-0.275345 -0.0627668 0)
(-0.0657135 0.27649 0)
(-0.165101 -0.0361952 0)
(0.0379754 -0.165449 0)
(0.164949 0.036539 0)
(-0.0380753 0.166163 0)
(-0.164756 -0.0408908 0)
(0.042613 -0.165304 0)
(-0.0427142 0.166044 0)
(0.164686 0.0411796 0)
(-0.109423 -0.128148 0)
(0.109379 0.128372 0)
(-0.129148 0.111039 0)
(0.128605 -0.109361 0)
(-0.113522 -0.125587 0)
(0.113363 0.125862 0)
(-0.126592 0.115049 0)
(0.126014 -0.113433 0)
(-0.197215 -0.141121 0)
(0.141889 -0.197163 0)
(-0.143148 0.199565 0)
(0.196451 0.141301 0)
(-0.188291 0.22009 0)
(0.215399 0.185635 0)
(-0.216313 -0.185354 0)
(0.186167 -0.216287 0)
(0.337999 0.0739221 0)
(-0.338981 -0.0731194 0)
(-0.0768912 0.340281 0)
(0.0742224 -0.336903 0)
(-0.017885 -0.204394 0)
(0.0172933 0.205086 0)
(0.20581 -0.0193689 0)
(-0.205847 0.0200151 0)
)
;

boundaryField
{
    insideCircle
    {
        type            myHeatFlux;
        alpha           uniform 1;
        Theta_wall      uniform 4;
        value           nonuniform List<vector> 
24
(
(0.528515 0.405544 -0)
(-0.460435 0.60005 -0)
(0.406047 -0.52917 -0)
(-0.529627 -0.406397 -0)
(0.663062 -0.0872938 -0)
(0.0866316 0.658032 -0)
(-0.662573 0.0872294 -0)
(-0.0867742 -0.659115 -0)
(0.0881693 -0.669712 -0)
(0.671796 0.0884436 -0)
(-0.673299 -0.0886415 -0)
(-0.0867648 0.659044 -0)
(0.540317 -0.414599 -0)
(0.41407 0.539627 -0)
(-0.415079 -0.540942 -0)
(-0.564782 0.433372 -0)
(-0.255002 -0.61563 -0)
(0.618824 -0.256325 -0)
(-0.606513 0.251226 -0)
(0.255858 0.617696 -0)
(0.253933 -0.613049 -0)
(0.613262 0.254021 -0)
(-0.615282 -0.254858 -0)
(-0.258984 0.625244 -0)
)
;
    }
    outsideCircle
    {
        type            myHeatFlux;
        alpha           uniform 1;
        Theta_wall      uniform 1;
        value           nonuniform List<vector> 
124
(
(-0.0958222 -0.0958222 0)
(0.095369 0.095369 0)
(-0.0956925 0.0956925 0)
(0.0944415 -0.0944415 0)
(0.133446 0.0381837 0)
(0.0380964 -0.133141 0)
(-0.0385313 0.134661 0)
(-0.127725 -0.0365467 0)
(-0.056941 -0.123927 0)
(0.127392 -0.0585328 0)
(0.0579661 0.126158 0)
(-0.127662 0.0586572 0)
(0.136411 -0.0103881 0)
(-0.138125 0.0105186 0)
(0.0104201 0.136832 0)
(-0.0104699 -0.137485 0)
(-0.130356 0.0302496 0)
(0.0299858 0.129219 0)
(-0.0301669 -0.13 0)
(0.134729 -0.0312645 0)
(0.127885 -0.0437125 0)
(0.0430399 0.125917 0)
(-0.127388 0.0435424 0)
(-0.0434208 -0.127032 0)
(-0.0232781 -0.129877 3.52944e-19)
(0.0226987 0.126644 3.44159e-19)
(-0.131837 0.0236294 3.58271e-19)
(0.137653 -0.0246718 3.74076e-19)
(0.101612 -0.0828534 0)
(0.0826587 0.101373 0)
(-0.102864 0.0838741 0)
(-0.0829507 -0.101731 0)
(-0.130281 -0.0233505 -3.54043e-19)
(0.0233462 -0.130257 -3.53977e-19)
(0.129818 0.0232676 -3.52785e-19)
(-0.023298 0.129988 -3.53247e-19)
(-0.0494115 -0.123699 0)
(0.126546 -0.0505487 0)
(-0.126398 0.0504893 0)
(0.0492185 0.123216 0)
(0.132633 -0.0168921 3.57647e-19)
(0.016969 0.133238 3.59277e-19)
(-0.133048 0.0169448 3.58765e-19)
(-0.0169196 -0.13285 3.58231e-19)
(0.0673541 -0.114418 0)
(0.114009 0.0671135 0)
(-0.06778 0.115142 0)
(-0.115006 -0.0677 0)
(0.0100596 -0.132097 0)
(0.131706 0.0100298 0)
(-0.132242 -0.0100706 0)
(-0.0101075 0.132727 0)
(-0.0731054 -0.110925 0)
(0.0726544 0.11024 0)
(-0.111332 0.0733741 0)
(0.11079 -0.0730164 0)
(0.0564372 -0.122831 0)
(-0.116947 -0.0537337 0)
(-0.0561115 0.122122 0)
(0.116341 0.0534555 0)
(0.0901784 0.0998136 0)
(0.0961345 -0.0868544 0)
(-0.097641 0.0882154 0)
(-0.0870266 -0.0963251 0)
(-0.12987 -0.0301369 0)
(0.0300968 -0.129697 0)
(0.12919 0.0299791 0)
(-0.0299561 0.129091 0)
(0.105587 0.0775339 0)
(-0.0784792 0.106874 0)
(0.0781043 -0.106364 0)
(-0.105961 -0.0778083 0)
(-0.129234 -0.0441736 0)
(0.12787 0.0437073 0)
(0.0442373 -0.129421 0)
(-0.0442062 0.12933 0)
(-0.100162 -0.0904935 0)
(0.0905788 -0.100257 0)
(0.100355 0.090667 0)
(-0.0910697 0.1008 0)
(0.132545 0.00335874 0)
(0.00336719 -0.132878 0)
(-0.133613 -0.00338579 0)
(-0.00340781 0.134482 0)
(0.0675728 0.11479 0)
(-0.11673 0.0687153 0)
(0.116436 -0.068542 0)
(-0.0677985 -0.115173 0)
(0.0842206 -0.103289 0)
(0.10307 0.0840421 0)
(-0.084788 0.103984 0)
(-0.102885 -0.0838917 0)
(-0.0502391 0.125771 0)
(-0.124859 -0.0498746 0)
(0.123472 0.0493205 0)
(0.0499583 -0.125068 0)
(-0.135854 0.00344259 0)
(0.00346594 0.136776 0)
(0.134477 -0.0034077 0)
(-0.00340359 -0.134315 0)
(-0.122276 0.0638717 0)
(0.122172 -0.0638177 0)
(0.0628949 0.120406 0)
(-0.0631335 -0.120862 0)
(-0.131029 0.0374922 0)
(0.131354 -0.0375851 0)
(-0.0371052 -0.129677 0)
(0.0368081 0.128638 0)
(0.0620692 -0.118825 0)
(-0.118074 -0.061677 0)
(-0.0625102 0.119669 0)
(0.117473 0.0613628 0)
(0.110842 0.0730509 0)
(-0.0737879 0.11196 0)
(0.0734423 -0.111436 0)
(-0.111334 -0.0733753 0)
(-0.0787784 -0.107282 0)
(0.0787574 0.107253 0)
(-0.10816 0.0794234 0)
(0.107429 -0.0788866 0)
(-0.132355 -0.0168566 -3.56897e-19)
(-0.016761 0.131604 -3.54873e-19)
(0.016715 -0.131243 -3.53899e-19)
(0.131385 0.016733 -3.5428e-19)
)
;
    }
    topAndBottom
    {
        type            empty;
    }
}


// ************************************************************************* //
