/*--------------------------------*- C++ -*----------------------------------*\
| =========                 |                                                 |
| \\      /  F ield         | OpenFOAM: The Open Source CFD Toolbox           |
|  \\    /   O peration     | Version:  2.2.0                                 |
|   \\  /    A nd           | Web:      www.OpenFOAM.org                      |
|    \\/     M anipulation  |                                                 |
\*---------------------------------------------------------------------------*/
FoamFile
{
    version     2.0;
    format      ascii;
    class       volScalarField;
    location    "12";
    object      Theta;
}
// * * * * * * * * * * * * * * * * * * * * * * * * * * * * * * * * * * * * * //

dimensions      [0 2 -2 0 0 0 0];

internalField   nonuniform List<scalar> 
7920
(
3.01984
2.85946
3.26047
3.34112
3.56517
3.96102
3.77222
5.11115
3.00353
2.80567
3.20336
3.23745
3.47869
3.70933
3.75614
4.33465
2.98266
2.75246
3.1545
3.16226
3.4111
3.57799
3.71103
4.04907
2.95798
2.68529
3.09017
3.06831
3.30979
3.428
3.59078
3.771
2.93447
2.62722
3.04089
3.00086
3.24054
3.33889
3.51337
3.63195
2.91955
2.58911
3.00959
2.95833
3.19658
3.28502
3.46235
3.55382
2.9208
2.58878
3.01013
2.95839
3.19681
3.28514
3.46248
3.55389
2.93774
2.62633
3.04233
3.00102
3.24118
3.33923
3.51374
3.63218
2.96248
2.68404
3.09216
3.06851
3.31066
3.42846
3.59126
3.77132
2.98739
2.75113
3.15661
3.16247
3.41205
3.57854
3.71156
4.04962
3.00787
2.80445
3.20528
3.23762
3.47948
3.70978
3.75642
4.33509
3.02217
2.85881
3.26148
3.34127
3.56564
3.96145
3.77236
5.11197
2.37634
2.31447
2.41091
2.41883
2.46899
2.54727
2.52146
2.78002
2.37778
2.3181
2.41058
2.41141
2.47133
2.50306
2.56437
2.59395
2.37879
2.32121
2.40344
2.3981
2.44954
2.46129
2.51411
2.49435
2.38271
2.33261
2.40532
2.39947
2.44619
2.45106
2.50701
2.4683
2.38796
2.34578
2.40703
2.40049
2.43939
2.43902
2.48451
2.4384
2.39128
2.3566
2.40977
2.40433
2.43904
2.43793
2.47901
2.43512
2.38906
2.35729
2.40878
2.4043
2.43863
2.43775
2.47879
2.43503
2.38244
2.34754
2.40455
2.40042
2.43834
2.43856
2.48394
2.4381
2.37586
2.33476
2.40221
2.39935
2.44484
2.45043
2.50629
2.46784
2.3726
2.32319
2.40056
2.39796
2.44824
2.46058
2.51337
2.49361
2.37267
2.31971
2.4082
2.41129
2.47029
2.50247
2.56395
2.5933
2.37316
2.3155
2.40939
2.41871
2.46826
2.54673
2.5211
2.7791
2.1894
2.19282
2.23042
2.24938
2.28729
2.32405
2.3688
2.42377
2.19265
2.19415
2.23037
2.24497
2.28518
2.30283
2.37865
2.34279
2.19682
2.19466
2.22638
2.23582
2.26816
2.2787
2.33332
2.29863
2.20382
2.20115
2.2302
2.23821
2.26766
2.27833
2.32832
2.30532
2.21233
2.20837
2.23389
2.23954
2.26451
2.27352
2.3134
2.29721
2.21868
2.21435
2.23793
2.2427
2.26579
2.275
2.31114
2.3017
2.21888
2.21431
2.23803
2.24272
2.26584
2.27503
2.31116
2.30172
2.21275
2.20832
2.23409
2.23959
2.26462
2.27359
2.31347
2.29726
2.20414
2.20118
2.23035
2.2383
2.26777
2.27842
2.32841
2.30539
2.19684
2.19479
2.22641
2.23591
2.26823
2.27875
2.33338
2.29864
2.19253
2.19432
2.23035
2.24508
2.28526
2.3029
2.37879
2.34282
2.1895
2.19284
2.23048
2.24942
2.28737
2.3241
2.36891
2.42376
2.09833
2.09439
2.10856
2.1129
2.12697
2.13411
2.16033
2.15365
2.10018
2.09555
2.10935
2.11209
2.12711
2.12693
2.16536
2.12275
2.10252
2.09589
2.10758
2.10781
2.11833
2.11581
2.1395
2.10471
2.10646
2.09966
2.11061
2.11058
2.11998
2.11905
2.13919
2.11628
2.11123
2.10349
2.11322
2.11208
2.11943
2.11829
2.13248
2.11583
2.11487
2.1066
2.11587
2.11431
2.12098
2.12032
2.13246
2.12067
2.11518
2.10649
2.11601
2.1143
2.12103
2.12033
2.13247
2.12067
2.11194
2.10321
2.11354
2.11204
2.11955
2.11831
2.13252
2.11584
2.10719
2.09936
2.11095
2.11053
2.1201
2.11907
2.13924
2.1163
2.10297
2.09568
2.1078
2.10776
2.11841
2.11581
2.13954
2.10472
2.1004
2.09542
2.10948
2.11206
2.12717
2.12693
2.16539
2.12275
2.09857
2.09425
2.1087
2.11286
2.12703
2.13411
2.16037
2.15361
2.04995
2.04818
2.05586
2.05817
2.06602
2.0694
2.08522
2.07832
2.05091
2.04875
2.05625
2.0578
2.06595
2.06612
2.08699
2.06426
2.05212
2.04893
2.05541
2.05571
2.06156
2.06079
2.07378
2.05626
2.05414
2.05083
2.05702
2.05722
2.06254
2.06276
2.07375
2.06313
2.05658
2.05275
2.05842
2.05806
2.06241
2.06263
2.07059
2.06356
2.05843
2.05429
2.0598
2.05923
2.06328
2.06377
2.0707
2.0663
2.05861
2.05422
2.05989
2.05922
2.06331
2.06378
2.07072
2.0663
2.057
2.05258
2.05862
2.05804
2.06249
2.06265
2.07062
2.06357
2.05458
2.05064
2.05724
2.05719
2.06262
2.06278
2.07379
2.06314
2.05241
2.04879
2.05556
2.05569
2.06162
2.06081
2.07382
2.05628
2.05107
2.04866
2.05635
2.05778
2.06599
2.06613
2.08702
2.06428
2.05011
2.04809
2.05595
2.05815
2.06607
2.06942
2.08526
2.07834
2.02398
2.02252
2.02617
2.02691
2.03041
2.03155
2.03896
2.03453
2.02443
2.02279
2.02635
2.02674
2.03034
2.03006
2.03963
2.0281
2.02501
2.02287
2.02596
2.02578
2.02829
2.02761
2.03339
2.02452
2.02596
2.02376
2.02673
2.0265
2.02877
2.02858
2.03338
2.02793
2.02712
2.02466
2.02741
2.02692
2.02876
2.02858
2.03195
2.02828
2.028
2.02537
2.02807
2.02748
2.02919
2.02914
2.03203
2.02963
2.02809
2.02534
2.02811
2.02747
2.0292
2.02914
2.03204
2.02963
2.02734
2.02457
2.02751
2.02691
2.0288
2.02859
2.03197
2.02829
2.0262
2.02366
2.02685
2.02648
2.02882
2.02859
2.0334
2.02794
2.02516
2.02279
2.02604
2.02576
2.02832
2.02761
2.03341
2.02453
2.02452
2.02274
2.0264
2.02673
2.03036
2.03007
2.03965
2.02811
2.02406
2.02247
2.02622
2.0269
2.03044
2.03156
2.03897
2.03454
2.01086
2.00998
2.01177
2.01202
2.01362
2.01412
2.01744
2.01539
2.01107
2.0101
2.01184
2.01195
2.01357
2.01347
2.0177
2.01259
2.01133
2.01014
2.01169
2.01153
2.01269
2.01241
2.01497
2.01106
2.01176
2.01054
2.01204
2.01186
2.01291
2.01284
2.01497
2.0126
2.01229
2.01094
2.01235
2.01206
2.01292
2.01286
2.01437
2.0128
2.01269
2.01126
2.01265
2.0123
2.01312
2.01311
2.01441
2.0134
2.01274
2.01124
2.01267
2.0123
2.01313
2.01312
2.01442
2.0134
2.0124
2.0109
2.0124
2.01205
2.01294
2.01287
2.01438
2.0128
2.01188
2.01049
2.01209
2.01185
2.01293
2.01285
2.01498
2.01261
2.01141
2.0101
2.01173
2.01152
2.0127
2.01241
2.01498
2.01107
2.01111
2.01007
2.01187
2.01194
2.01359
2.01347
2.01771
2.0126
2.0109
2.00996
2.01179
2.01201
2.01363
2.01412
2.01745
2.0154
2.00462
2.00415
2.00496
2.00504
2.00572
2.00593
2.00731
2.00647
2.00471
2.0042
2.00499
2.005
2.00569
2.00566
2.0074
2.00529
2.00482
2.00422
2.00493
2.00484
2.00533
2.00522
2.00627
2.00466
2.005
2.00439
2.00507
2.00497
2.00542
2.00539
2.00627
2.00529
2.00522
2.00456
2.00521
2.00505
2.00543
2.00541
2.00603
2.00538
2.00539
2.00469
2.00533
2.00516
2.00551
2.00551
2.00604
2.00563
2.00541
2.00468
2.00534
2.00516
2.00551
2.00551
2.00605
2.00563
2.00527
2.00453
2.00523
2.00505
2.00544
2.00541
2.00603
2.00539
2.00505
2.00436
2.0051
2.00496
2.00543
2.0054
2.00627
2.00529
2.00485
2.0042
2.00495
2.00483
2.00534
2.00522
2.00628
2.00467
2.00473
2.00419
2.005
2.005
2.00569
2.00566
2.0074
2.00529
2.00464
2.00414
2.00497
2.00503
2.00572
2.00593
2.00731
2.00647
2.00176
2.00154
2.00187
2.00189
2.00215
2.00223
2.00274
2.00244
2.00179
2.00156
2.00188
2.00188
2.00213
2.00213
2.00276
2.002
2.00184
2.00157
2.00186
2.00182
2.002
2.00197
2.00236
2.00177
2.00191
2.00163
2.00192
2.00186
2.00204
2.00203
2.00235
2.002
2.00199
2.00169
2.00197
2.0019
2.00204
2.00204
2.00227
2.00204
2.00206
2.00174
2.00202
2.00194
2.00207
2.00208
2.00227
2.00213
2.00207
2.00174
2.00202
2.00194
2.00208
2.00208
2.00228
2.00213
2.00201
2.00168
2.00198
2.0019
2.00205
2.00204
2.00227
2.00204
2.00193
2.00162
2.00193
2.00186
2.00204
2.00203
2.00235
2.002
2.00185
2.00156
2.00187
2.00181
2.00201
2.00197
2.00236
2.00177
2.0018
2.00156
2.00189
2.00187
2.00214
2.00213
2.00277
2.002
2.00177
2.00154
2.00188
2.00189
2.00215
2.00223
2.00274
2.00244
2.00039
2.00032
2.00039
2.00039
2.00044
2.00045
2.00055
2.00048
2.00039
2.00032
2.00039
2.00039
2.00043
2.00043
2.00054
2.00039
2.0004
2.00033
2.00039
2.00038
2.00041
2.0004
2.00047
2.00035
2.00042
2.00034
2.0004
2.00039
2.00041
2.00041
2.00046
2.00039
2.00044
2.00035
2.00041
2.00039
2.00042
2.00041
2.00045
2.0004
2.00045
2.00036
2.00042
2.0004
2.00042
2.00042
2.00045
2.00042
2.00046
2.00036
2.00043
2.0004
2.00042
2.00042
2.00045
2.00042
2.00045
2.00035
2.00042
2.00039
2.00042
2.00041
2.00045
2.0004
2.00043
2.00033
2.00041
2.00038
2.00042
2.00041
2.00046
2.00039
2.00041
2.00032
2.00039
2.00038
2.00041
2.0004
2.00047
2.00035
2.0004
2.00032
2.0004
2.00039
2.00043
2.00043
2.00054
2.00039
2.00039
2.00032
2.00039
2.00039
2.00044
2.00045
2.00055
2.00048
1.99933
1.99952
1.99935
1.9994
1.9993
1.99931
1.99914
1.9993
1.99932
1.99951
1.99934
1.9994
1.9993
1.99935
1.99911
1.99945
1.9993
1.99952
1.99935
1.99943
1.99935
1.99941
1.99927
1.99954
1.99927
1.9995
1.99933
1.99941
1.99934
1.99938
1.99927
1.99944
1.99924
1.99948
1.99931
1.9994
1.99934
1.99938
1.99931
1.99944
1.99923
1.99946
1.9993
1.99939
1.99933
1.99937
1.99931
1.9994
1.99923
1.99945
1.9993
1.99939
1.99933
1.99937
1.99931
1.9994
1.99926
1.99947
1.99932
1.9994
1.99934
1.99938
1.99931
1.99944
1.99929
1.99949
1.99934
1.99941
1.99934
1.99938
1.99927
1.99944
1.99932
1.99951
1.99936
1.99943
1.99935
1.99941
1.99928
1.99954
1.99933
1.99951
1.99935
1.9994
1.9993
1.99935
1.99911
1.99945
1.99934
1.99952
1.99935
1.9994
1.9993
1.99931
1.99914
1.9993
1.99723
1.99751
1.99683
1.9968
1.99621
1.99598
1.99501
1.99525
1.99718
1.99748
1.99681
1.99682
1.99622
1.99617
1.99492
1.99601
1.9971
1.99748
1.99685
1.99694
1.99644
1.99644
1.99562
1.99642
1.99698
1.9974
1.99676
1.99686
1.99639
1.99634
1.99562
1.99606
1.99685
1.9973
1.99669
1.99682
1.9964
1.99635
1.99578
1.99604
1.99677
1.99722
1.99663
1.99676
1.99636
1.99629
1.99578
1.99589
1.99679
1.99721
1.99663
1.99676
1.99636
1.99629
1.99578
1.99589
1.99689
1.99728
1.99671
1.99681
1.99641
1.99635
1.99579
1.99604
1.99703
1.99737
1.99679
1.99686
1.9964
1.99634
1.99562
1.99606
1.99713
1.99747
1.99687
1.99693
1.99645
1.99644
1.99562
1.99642
1.99719
1.99747
1.99682
1.99682
1.99622
1.99617
1.99493
1.99602
1.99725
1.9975
1.99684
1.9968
1.99621
1.99598
1.99501
1.99525
1.99118
1.99473
1.99167
1.99296
1.99139
1.99163
1.98968
1.99122
1.99101
1.99464
1.99156
1.99296
1.99128
1.99201
1.98916
1.99299
1.99076
1.99464
1.99164
1.99326
1.99191
1.99278
1.99109
1.99419
1.99037
1.99439
1.99135
1.99302
1.99172
1.99244
1.99102
1.99311
1.98995
1.99414
1.99113
1.9929
1.99173
1.99245
1.99149
1.99306
1.9897
1.99391
1.99094
1.99273
1.9916
1.99228
1.99147
1.99264
1.98976
1.99389
1.99096
1.99273
1.99161
1.99228
1.99147
1.99264
1.9901
1.99409
1.99119
1.9929
1.99176
1.99246
1.9915
1.99306
1.99052
1.99433
1.99143
1.99302
1.99175
1.99245
1.99104
1.99312
1.99086
1.9946
1.9917
1.99326
1.99193
1.99279
1.9911
1.9942
1.99107
1.99461
1.99159
1.99295
1.9913
1.99201
1.98917
1.993
1.99124
1.99471
1.9917
1.99296
1.9914
1.99164
1.98969
1.99123
1.9653
1.97314
1.95756
1.95968
1.94826
1.94396
1.93261
1.9269
1.96477
1.97271
1.95734
1.95991
1.94819
1.94635
1.93073
1.93753
1.96405
1.97247
1.9578
1.96109
1.95065
1.94971
1.93791
1.9436
1.9629
1.9712
1.95692
1.96027
1.95024
1.94898
1.93815
1.94105
1.96159
1.96986
1.95617
1.95975
1.9504
1.94924
1.94013
1.94147
1.96068
1.96878
1.95546
1.95906
1.95
1.9487
1.94023
1.94024
1.96071
1.96877
1.95547
1.95906
1.95
1.9487
1.94023
1.94024
1.96168
1.96983
1.95621
1.95975
1.95042
1.94924
1.94014
1.94147
1.96299
1.97117
1.95697
1.96027
1.95026
1.94898
1.93816
1.94106
1.96411
1.97244
1.95783
1.96109
1.95067
1.94972
1.93792
1.9436
1.96481
1.9727
1.95736
1.95991
1.9482
1.94636
1.93074
1.93754
1.96533
1.97313
1.95758
1.95968
1.94827
1.94397
1.93262
1.9269
1.72213
2.06679
1.83217
1.96426
1.88714
1.91637
1.8938
1.89508
1.72172
2.06643
1.83219
1.96449
1.88757
1.91854
1.89269
1.90516
1.72123
2.06625
1.83277
1.96562
1.88998
1.92168
1.89918
1.91089
1.72042
2.06521
1.83226
1.96509
1.89001
1.9213
1.89995
1.90905
1.71941
2.0641
1.83176
1.96475
1.89035
1.92165
1.90186
1.90949
1.71861
2.06323
1.83122
1.96426
1.89014
1.92131
1.90216
1.90858
1.7185
2.06327
1.83116
1.96426
1.89012
1.92131
1.90215
1.90858
1.71914
2.06419
1.83164
1.96476
1.8903
1.92164
1.90184
1.90948
1.72013
2.06532
1.83212
1.96509
1.88995
1.92128
1.89992
1.90903
1.72104
2.06633
1.83268
1.96563
1.88994
1.92166
1.89915
1.91088
1.72162
2.06648
1.83212
1.96449
1.88753
1.91852
1.89266
1.90513
1.72203
2.06683
1.83211
1.96426
1.88711
1.91636
1.89378
1.89509
3.04316
2.92517
3.32028
3.42512
3.65917
4.06964
3.89765
5.23064
3.03543
2.89484
3.28519
3.35123
3.60995
3.85505
3.94893
4.4934
3.02644
2.8669
3.25265
3.29518
3.55447
3.7303
3.89187
4.1855
3.01793
2.83767
3.21719
3.23879
3.48791
3.6195
3.8039
3.95537
3.01168
2.8178
3.19399
3.2036
3.44424
3.55626
3.73817
3.83626
3.00813
2.8052
3.17957
3.18192
3.4168
3.5194
3.69677
3.77424
3.00756
2.8015
3.17653
3.17715
3.4116
3.51252
3.69043
3.76358
3.00978
2.8058
3.18335
3.18681
3.42512
3.53024
3.71219
3.79261
3.01446
2.81809
3.20076
3.21303
3.46018
3.58131
3.7718
3.89251
3.02036
2.83568
3.22377
3.24973
3.50306
3.65584
3.82298
4.0457
3.02598
2.85689
3.25321
3.30185
3.56118
3.78048
3.91101
4.35541
3.02708
2.8689
3.26648
3.34269
3.56957
3.93156
3.79261
4.9435
2.35636
2.28021
2.38486
2.38857
2.43803
2.52373
2.47816
2.78961
2.35135
2.27137
2.37369
2.36766
2.423
2.46346
2.48617
2.5832
2.34406
2.2635
2.36301
2.35282
2.40773
2.43259
2.46691
2.51174
2.33712
2.25595
2.35272
2.33924
2.3929
2.40642
2.45172
2.45414
2.3319
2.25083
2.34532
2.32989
2.38174
2.38878
2.43586
2.41534
2.32949
2.24905
2.34223
2.32621
2.3772
2.38179
2.42985
2.40046
2.33028
2.25096
2.34353
2.32797
2.37869
2.3838
2.43069
2.40349
2.33434
2.25734
2.35055
2.33737
2.38934
2.39962
2.44464
2.43476
2.34141
2.26621
2.35994
2.34924
2.40123
2.41906
2.45564
2.47629
2.35077
2.28085
2.37755
2.37414
2.42923
2.46694
2.4918
2.58374
2.36109
2.29113
2.38702
2.38599
2.43443
2.48749
2.47512
2.63688
2.37113
2.31139
2.41133
2.42652
2.47389
2.58681
2.51032
2.94102
2.16844
2.1735
2.21252
2.23435
2.27207
2.32001
2.34846
2.45951
2.16582
2.16742
2.20427
2.22069
2.25711
2.28655
2.33127
2.36008
2.16224
2.16283
2.19801
2.21254
2.24686
2.27268
2.31382
2.33862
2.15897
2.15864
2.19225
2.20512
2.23784
2.26025
2.30246
2.31848
2.15669
2.15601
2.18843
2.2003
2.23174
2.25199
2.29321
2.30369
2.15594
2.15528
2.18706
2.19858
2.22944
2.24892
2.28986
2.29864
2.15701
2.15656
2.18808
2.19967
2.2302
2.25001
2.28957
2.30056
2.15999
2.1604
2.1925
2.20522
2.23642
2.25899
2.2972
2.31774
2.16468
2.16528
2.19774
2.21114
2.24196
2.26732
2.30004
2.33348
2.17086
2.17409
2.20901
2.22635
2.26005
2.29534
2.32544
2.39223
2.17754
2.17912
2.21359
2.23025
2.26009
2.2979
2.30942
2.39434
2.18479
2.19238
2.2315
2.2574
2.29292
2.35897
2.36075
2.56449
2.0848
2.08136
2.09525
2.10052
2.1134
2.12591
2.14175
2.16661
2.08351
2.0785
2.09124
2.09411
2.10564
2.11073
2.13012
2.1232
2.08178
2.07654
2.08848
2.09074
2.10096
2.10566
2.12069
2.11811
2.08033
2.07495
2.08624
2.08804
2.09752
2.10158
2.11594
2.11318
2.07944
2.07412
2.08493
2.08649
2.09544
2.09906
2.11241
2.10925
2.07934
2.07422
2.08482
2.08641
2.09521
2.09887
2.1119
2.1093
2.08016
2.07523
2.08576
2.08747
2.09618
2.1002
2.1124
2.11166
2.08194
2.07745
2.08833
2.09064
2.09975
2.10523
2.11677
2.12121
2.08458
2.08002
2.09105
2.09354
2.10236
2.10891
2.11757
2.12775
2.08799
2.0847
2.09713
2.10158
2.11215
2.12346
2.13199
2.15787
2.09162
2.08701
2.09905
2.10254
2.11096
2.12183
2.12149
2.15116
2.09571
2.09441
2.10939
2.11777
2.13066
2.1548
2.15618
2.23829
2.04226
2.04117
2.04855
2.0515
2.05882
2.06495
2.07577
2.08482
2.04166
2.03978
2.04657
2.04838
2.05488
2.05771
2.0694
2.06451
2.04087
2.03887
2.04526
2.04679
2.05256
2.05541
2.06442
2.0628
2.04026
2.03819
2.04428
2.04563
2.05102
2.05376
2.06214
2.06136
2.03993
2.03789
2.04377
2.04502
2.05015
2.0528
2.06051
2.0601
2.04001
2.03804
2.04385
2.04512
2.05019
2.05293
2.06039
2.0606
2.04053
2.03862
2.04442
2.04574
2.05076
2.0537
2.06071
2.062
2.04151
2.03977
2.04575
2.04734
2.05255
2.05618
2.06284
2.06668
2.04288
2.04106
2.04712
2.04875
2.05382
2.05787
2.06315
2.06956
2.04464
2.04338
2.05014
2.05269
2.05864
2.06488
2.07032
2.08393
2.04649
2.0445
2.05106
2.05303
2.05795
2.06362
2.06499
2.07933
2.04859
2.04821
2.05632
2.06067
2.06806
2.07993
2.08344
2.12182
2.02001
2.01893
2.02232
2.02334
2.02654
2.02886
2.03394
2.03676
2.01974
2.0183
2.02141
2.02191
2.0247
2.02555
2.03088
2.02746
2.01938
2.01788
2.02081
2.02117
2.02359
2.02448
2.02842
2.02674
2.01912
2.0176
2.02039
2.02068
2.02292
2.0238
2.02738
2.02632
2.01901
2.01749
2.0202
2.02045
2.02257
2.02344
2.02666
2.02591
2.01908
2.01761
2.02029
2.02055
2.02265
2.02359
2.02667
2.02632
2.01937
2.01791
2.0206
2.0209
2.02299
2.02403
2.0269
2.02712
2.01986
2.01848
2.02127
2.02169
2.02388
2.02524
2.02795
2.02939
2.02055
2.01912
2.02195
2.02239
2.02452
2.02608
2.02818
2.03081
2.0214
2.02022
2.0234
2.02426
2.02683
2.02937
2.03162
2.03752
2.0223
2.02077
2.02387
2.02444
2.02655
2.02879
2.0292
2.03527
2.02332
2.02254
2.02639
2.02808
2.03141
2.03649
2.0382
2.05524
2.00897
2.00831
2.00994
2.01033
2.01179
2.0128
2.01513
2.01621
2.00885
2.00804
2.00955
2.00972
2.01099
2.01137
2.01379
2.0122
2.0087
2.00786
2.00929
2.00939
2.01051
2.0109
2.01269
2.01189
2.00859
2.00775
2.00912
2.00919
2.01023
2.01063
2.01225
2.01177
2.00855
2.00771
2.00904
2.0091
2.01009
2.01049
2.01195
2.01163
2.0086
2.00777
2.0091
2.00917
2.01014
2.01058
2.01197
2.01186
2.00874
2.00792
2.00925
2.00933
2.01031
2.01079
2.01209
2.01224
2.00898
2.00818
2.00956
2.00969
2.01071
2.01133
2.01256
2.01325
2.00929
2.00847
2.00987
2.01001
2.01101
2.01171
2.01268
2.01389
2.00969
2.00896
2.01052
2.01083
2.01202
2.01315
2.01418
2.01682
2.01009
2.0092
2.01074
2.01092
2.01192
2.0129
2.01314
2.01583
2.01056
2.00998
2.01185
2.01252
2.01407
2.01628
2.01714
2.02459
2.00378
2.00343
2.00416
2.0043
2.00491
2.00532
2.0063
2.00672
2.00374
2.00332
2.004
2.00404
2.00458
2.00474
2.00575
2.00506
2.00367
2.00325
2.00389
2.00391
2.00438
2.00453
2.00528
2.00493
2.00363
2.00321
2.00382
2.00383
2.00427
2.00443
2.0051
2.00489
2.00362
2.00319
2.00379
2.00379
2.00421
2.00437
2.00498
2.00484
2.00364
2.00322
2.00382
2.00382
2.00424
2.00442
2.00499
2.00494
2.0037
2.00329
2.00389
2.0039
2.00431
2.00451
2.00505
2.00512
2.00381
2.0034
2.00402
2.00405
2.00448
2.00474
2.00525
2.00554
2.00394
2.00352
2.00416
2.00419
2.00462
2.00491
2.00531
2.00582
2.00411
2.00372
2.00443
2.00453
2.00504
2.0055
2.00594
2.00703
2.00429
2.00383
2.00453
2.00458
2.00501
2.00541
2.00553
2.00664
2.00449
2.00415
2.00499
2.00524
2.00591
2.00681
2.0072
2.01027
2.00144
2.00127
2.00156
2.0016
2.00184
2.00199
2.00236
2.00251
2.00142
2.00123
2.0015
2.00151
2.00172
2.00177
2.00215
2.0019
2.0014
2.0012
2.00146
2.00146
2.00164
2.0017
2.00198
2.00184
2.00138
2.00119
2.00144
2.00143
2.0016
2.00166
2.00191
2.00183
2.00137
2.00118
2.00143
2.00142
2.00158
2.00164
2.00187
2.00182
2.00138
2.00119
2.00144
2.00143
2.00159
2.00166
2.00187
2.00186
2.00141
2.00122
2.00147
2.00146
2.00162
2.0017
2.0019
2.00193
2.00145
2.00126
2.00152
2.00152
2.00168
2.00178
2.00197
2.00208
2.0015
2.00131
2.00157
2.00157
2.00174
2.00185
2.002
2.00219
2.00157
2.00138
2.00167
2.0017
2.00189
2.00206
2.00223
2.00263
2.00163
2.00142
2.00171
2.00172
2.00189
2.00204
2.00209
2.0025
2.00171
2.00154
2.00188
2.00196
2.00222
2.00255
2.00271
2.00384
2.00031
2.00026
2.00032
2.00032
2.00037
2.00039
2.00046
2.00048
2.00031
2.00025
2.00031
2.0003
2.00034
2.00035
2.00042
2.00036
2.00031
2.00024
2.0003
2.00029
2.00033
2.00033
2.00038
2.00035
2.0003
2.00024
2.0003
2.00029
2.00032
2.00033
2.00037
2.00034
2.0003
2.00024
2.00029
2.00029
2.00031
2.00032
2.00036
2.00034
2.0003
2.00024
2.0003
2.00029
2.00032
2.00033
2.00036
2.00035
2.00031
2.00025
2.0003
2.0003
2.00032
2.00034
2.00037
2.00037
2.00031
2.00026
2.00031
2.00031
2.00034
2.00035
2.00038
2.0004
2.00033
2.00027
2.00033
2.00032
2.00035
2.00037
2.00039
2.00043
2.00034
2.00029
2.00035
2.00035
2.00038
2.00041
2.00044
2.00051
2.00035
2.0003
2.00036
2.00035
2.00038
2.00041
2.00042
2.00049
2.00037
2.00032
2.00039
2.0004
2.00045
2.00051
2.00054
2.00076
1.99945
1.9996
1.99945
1.99949
1.9994
1.99938
1.99927
1.99924
1.99946
1.99961
1.99948
1.99952
1.99944
1.99946
1.99934
1.99946
1.99947
1.99962
1.99949
1.99954
1.99947
1.99948
1.9994
1.99948
1.99948
1.99963
1.9995
1.99955
1.99949
1.9995
1.99942
1.99948
1.99948
1.99963
1.99951
1.99956
1.9995
1.99951
1.99944
1.99949
1.99947
1.99963
1.9995
1.99955
1.99949
1.9995
1.99944
1.99948
1.99946
1.99962
1.99949
1.99954
1.99948
1.99949
1.99943
1.99946
1.99944
1.99961
1.99947
1.99952
1.99946
1.99946
1.99941
1.9994
1.99942
1.9996
1.99945
1.99951
1.99945
1.99944
1.99941
1.99937
1.9994
1.99957
1.99942
1.99946
1.99939
1.99935
1.99932
1.99919
1.99937
1.99956
1.99941
1.99946
1.9994
1.99938
1.9994
1.99926
1.99935
1.99952
1.99934
1.99937
1.99928
1.99918
1.99917
1.99875
1.9977
1.99786
1.99727
1.99717
1.99663
1.99627
1.99555
1.99502
1.99774
1.99793
1.99737
1.99733
1.99684
1.99665
1.99588
1.9961
1.99778
1.99797
1.99744
1.99741
1.99696
1.99677
1.99616
1.99618
1.9978
1.998
1.99749
1.99747
1.99704
1.99685
1.99628
1.99624
1.99781
1.99802
1.99751
1.9975
1.99708
1.9969
1.99636
1.99629
1.99779
1.99801
1.99749
1.99749
1.99707
1.99688
1.99636
1.99624
1.99775
1.99798
1.99746
1.99745
1.99703
1.99683
1.99634
1.99616
1.99769
1.99793
1.99738
1.99737
1.99693
1.9967
1.99622
1.99591
1.9976
1.99787
1.9973
1.99729
1.99686
1.99661
1.9962
1.99576
1.9975
1.99775
1.99714
1.99709
1.99661
1.99624
1.99581
1.99501
1.9974
1.9977
1.99709
1.99707
1.99664
1.99631
1.99609
1.99526
1.99729
1.9975
1.99681
1.99667
1.9961
1.99543
1.9951
1.993
1.99259
1.99568
1.99288
1.99395
1.99252
1.99231
1.99113
1.99029
1.99272
1.99585
1.99315
1.99435
1.993
1.99328
1.99185
1.99302
1.99284
1.99596
1.99333
1.99456
1.99331
1.99359
1.99253
1.99326
1.99293
1.99604
1.99345
1.99471
1.99351
1.9938
1.99281
1.99344
1.99296
1.99608
1.9935
1.99478
1.99361
1.99392
1.99302
1.9936
1.99292
1.99605
1.99347
1.99475
1.99359
1.99388
1.99302
1.9935
1.9928
1.99598
1.99337
1.99466
1.99349
1.99375
1.99297
1.99328
1.99261
1.99583
1.99315
1.99442
1.99322
1.99338
1.99265
1.99256
1.99235
1.99567
1.99294
1.99423
1.99305
1.99315
1.99265
1.99215
1.99204
1.99535
1.99248
1.99366
1.99235
1.99211
1.99162
1.98998
1.99171
1.99523
1.99235
1.99365
1.99251
1.99236
1.99256
1.99074
1.99137
1.99471
1.99159
1.99256
1.99109
1.99001
1.99
1.98465
1.96882
1.97715
1.9612
1.96329
1.95205
1.94633
1.93774
1.92348
1.96913
1.97798
1.96234
1.96517
1.95425
1.95098
1.94067
1.93751
1.9695
1.97857
1.96309
1.96617
1.95557
1.95262
1.94322
1.93977
1.96978
1.97907
1.9637
1.967
1.95662
1.95398
1.94469
1.94181
1.96992
1.97934
1.96403
1.96747
1.95723
1.95477
1.94575
1.94319
1.96988
1.97934
1.96405
1.96751
1.95732
1.95488
1.94598
1.94333
1.96963
1.97906
1.96378
1.96721
1.95705
1.95452
1.94585
1.94268
1.96917
1.97841
1.96306
1.9663
1.95602
1.95305
1.94456
1.93983
1.96852
1.97764
1.96233
1.96546
1.95529
1.95195
1.94433
1.93775
1.96771
1.97623
1.96064
1.96309
1.95244
1.94759
1.94011
1.92848
1.96684
1.97549
1.96017
1.96276
1.95282
1.94785
1.94332
1.92955
1.96589
1.97326
1.95728
1.95833
1.94723
1.93806
1.93386
1.90272
1.72476
2.07054
1.83503
1.96723
1.89008
1.91784
1.8979
1.89071
1.72497
2.07131
1.83614
1.96884
1.89238
1.92189
1.90082
1.90375
1.72526
2.07188
1.83683
1.96971
1.89361
1.9234
1.90296
1.90612
1.72551
2.07239
1.83748
1.97055
1.89479
1.92478
1.90468
1.90841
1.72565
2.07265
1.83781
1.97098
1.8954
1.92551
1.90567
1.90975
1.72566
2.07265
1.83789
1.97108
1.89558
1.92571
1.90603
1.91008
1.72551
2.07237
1.83768
1.97082
1.89537
1.92541
1.90596
1.90954
1.72518
2.07172
1.83705
1.96997
1.89441
1.92405
1.90471
1.90686
1.72471
2.07097
1.83643
1.96922
1.89375
1.92311
1.90455
1.905
1.72407
2.0696
1.83487
1.96704
1.89102
1.91913
1.90046
1.89638
1.72344
2.06888
1.83449
1.96681
1.89138
1.91943
1.90356
1.89718
1.72266
2.06686
1.83186
1.96297
1.88613
1.91092
1.89485
1.87303
3.04346
2.92556
3.32046
3.42498
3.6592
4.06738
3.89893
5.21754
3.03637
2.89773
3.28843
3.35576
3.61648
3.86132
3.96374
4.4969
3.02793
2.87086
3.25638
3.30019
3.5606
3.73583
3.90207
4.18552
3.02011
2.8439
3.22333
3.24741
3.49838
3.63118
3.82073
3.96756
3.01465
2.82626
3.20212
3.21507
3.4577
3.57186
3.75801
3.85435
3.01206
2.81664
3.19067
3.19774
3.43531
3.54168
3.72343
3.80326
3.01267
2.81645
3.19095
3.19776
3.43543
3.54174
3.7235
3.80329
3.01639
2.82572
3.20292
3.21512
3.45806
3.57204
3.75823
3.85447
3.02288
2.84304
3.22458
3.24747
3.49892
3.63144
3.82102
3.96772
3.03121
2.86985
3.25788
3.30028
3.56126
3.73619
3.90243
4.18592
3.03961
2.89673
3.28988
3.35581
3.61704
3.86158
3.96387
4.49716
3.04504
2.92498
3.32111
3.42502
3.65951
4.06773
3.89896
5.21838
2.35613
2.28015
2.38493
2.38902
2.43834
2.52575
2.47779
2.79783
2.35075
2.27032
2.37277
2.36669
2.42149
2.46302
2.48233
2.58601
2.34306
2.26189
2.36194
2.3518
2.40672
2.43274
2.46554
2.51585
2.33555
2.25322
2.35065
2.33684
2.39043
2.40444
2.44837
2.45393
2.32967
2.24695
2.34238
2.32643
2.37839
2.38567
2.43208
2.41356
2.32642
2.24359
2.33791
2.32094
2.37198
2.37622
2.42393
2.39469
2.32613
2.24367
2.33778
2.32092
2.37191
2.37618
2.42389
2.39468
2.32883
2.24718
2.342
2.32639
2.37821
2.38557
2.43196
2.41351
2.33416
2.2536
2.35002
2.33678
2.39014
2.40429
2.44821
2.45385
2.34137
2.26234
2.36117
2.35171
2.40637
2.43253
2.46534
2.51567
2.34912
2.27079
2.37204
2.36663
2.42119
2.46285
2.48225
2.58586
2.35537
2.28043
2.38463
2.389
2.4382
2.5256
2.47775
2.79744
2.16828
2.17359
2.21275
2.23504
2.27263
2.32246
2.34827
2.46848
2.16526
2.16694
2.20382
2.22051
2.25647
2.28747
2.32853
2.36537
2.16121
2.16221
2.1977
2.21285
2.24738
2.275
2.3147
2.34637
2.15732
2.15732
2.19121
2.20456
2.23748
2.26118
2.30231
2.32292
2.15425
2.15401
2.18683
2.19927
2.23117
2.25264
2.29377
2.30775
2.15252
2.15224
2.18441
2.1964
2.22777
2.24809
2.28953
2.30002
2.15233
2.15232
2.18432
2.19641
2.22774
2.24808
2.28952
2.30002
2.15373
2.15422
2.18658
2.19929
2.23108
2.25261
2.29373
2.30773
2.15653
2.15766
2.19085
2.20461
2.23734
2.26114
2.30227
2.32288
2.16031
2.16259
2.19728
2.21289
2.24722
2.27494
2.31464
2.34626
2.16443
2.16729
2.20344
2.22057
2.25636
2.28742
2.32855
2.36526
2.1679
2.17371
2.21255
2.23503
2.27258
2.32242
2.34829
2.46841
2.08468
2.08143
2.09545
2.10108
2.11388
2.12798
2.14158
2.17474
2.08306
2.07797
2.09067
2.09362
2.10462
2.11086
2.12671
2.12701
2.08097
2.07588
2.088
2.09062
2.10086
2.10691
2.1204
2.12397
2.07904
2.07366
2.08503
2.08698
2.09637
2.1012
2.11423
2.11526
2.07753
2.07222
2.08315
2.08487
2.09386
2.09809
2.11086
2.1103
2.07667
2.07145
2.08209
2.08369
2.09247
2.09633
2.10915
2.10749
2.07657
2.07149
2.08204
2.08369
2.09245
2.09632
2.10914
2.10749
2.07725
2.07233
2.08301
2.08487
2.0938
2.09807
2.11082
2.11029
2.0786
2.07383
2.08482
2.087
2.09628
2.10117
2.11419
2.11524
2.08047
2.07608
2.08776
2.09062
2.10076
2.10685
2.12035
2.1239
2.08255
2.07815
2.09044
2.09363
2.10454
2.11081
2.12671
2.12694
2.08443
2.08152
2.09534
2.10107
2.11383
2.12793
2.14157
2.17462
2.04219
2.04122
2.04869
2.05187
2.05916
2.06632
2.07569
2.0902
2.04136
2.03945
2.04622
2.04809
2.05427
2.05785
2.06722
2.06713
2.04034
2.03848
2.04498
2.04676
2.05257
2.05632
2.06436
2.06682
2.0394
2.0374
2.04354
2.04502
2.05038
2.05365
2.06121
2.06292
2.03869
2.03673
2.04268
2.04408
2.04927
2.05234
2.05972
2.06101
2.03829
2.03637
2.04219
2.04354
2.04863
2.05155
2.05893
2.0598
2.03824
2.03639
2.04217
2.04354
2.04862
2.05155
2.05892
2.0598
2.03855
2.03678
2.04262
2.04408
2.04924
2.05233
2.05971
2.061
2.0392
2.03748
2.04345
2.04503
2.05034
2.05363
2.06119
2.06291
2.04009
2.03857
2.04487
2.04677
2.05253
2.0563
2.06434
2.06679
2.0411
2.03955
2.0461
2.0481
2.05423
2.05782
2.06723
2.06709
2.04205
2.04126
2.04862
2.05187
2.05913
2.0663
2.07569
2.09017
2.01996
2.01895
2.0224
2.02355
2.02674
2.02963
2.0339
2.03985
2.01956
2.0181
2.0212
2.02172
2.02432
2.02558
2.02959
2.02893
2.01907
2.01764
2.02063
2.02112
2.02356
2.02494
2.02833
2.02897
2.01863
2.01713
2.01994
2.02029
2.02251
2.02366
2.02676
2.02709
2.01829
2.01682
2.01954
2.01986
2.02199
2.02307
2.02609
2.02626
2.0181
2.01665
2.01931
2.01961
2.02169
2.0227
2.0257
2.0257
2.01808
2.01666
2.0193
2.01961
2.02169
2.0227
2.0257
2.0257
2.01822
2.01685
2.01951
2.01986
2.02198
2.02307
2.02608
2.02626
2.01853
2.01717
2.0199
2.02029
2.02249
2.02365
2.02675
2.02708
2.01895
2.01769
2.02057
2.02113
2.02354
2.02493
2.02832
2.02896
2.01943
2.01815
2.02114
2.02172
2.0243
2.02557
2.02959
2.02891
2.01989
2.01898
2.02237
2.02355
2.02672
2.02963
2.0339
2.03984
2.00895
2.00832
2.00998
2.01044
2.01189
2.01318
2.01511
2.01776
2.00877
2.00794
2.00944
2.00962
2.01081
2.01138
2.01316
2.01293
2.00854
2.00774
2.00919
2.00937
2.01049
2.01112
2.01264
2.013
2.00834
2.00751
2.00889
2.009
2.01002
2.01055
2.01194
2.01215
2.00819
2.00738
2.00871
2.00881
2.0098
2.0103
2.01166
2.0118
2.0081
2.0073
2.00861
2.0087
2.00967
2.01014
2.01149
2.01155
2.00809
2.00731
2.00861
2.0087
2.00967
2.01014
2.01149
2.01155
2.00816
2.00739
2.0087
2.00881
2.00979
2.0103
2.01166
2.0118
2.00829
2.00753
2.00887
2.009
2.01001
2.01055
2.01194
2.01215
2.00848
2.00776
2.00917
2.00937
2.01048
2.01112
2.01264
2.01299
2.0087
2.00796
2.00941
2.00962
2.0108
2.01138
2.01316
2.01292
2.00891
2.00833
2.00997
2.01043
2.01189
2.01317
2.01511
2.01775
2.00377
2.00344
2.00418
2.00434
2.00496
2.00549
2.0063
2.00741
2.0037
2.00328
2.00395
2.004
2.0045
2.00474
2.00547
2.00539
2.0036
2.0032
2.00384
2.00389
2.00437
2.00463
2.00526
2.00542
2.00351
2.0031
2.00371
2.00374
2.00417
2.00439
2.00496
2.00505
2.00345
2.00304
2.00364
2.00366
2.00408
2.00428
2.00484
2.0049
2.00341
2.00301
2.0036
2.00361
2.00402
2.00421
2.00477
2.00479
2.00341
2.00302
2.00359
2.00361
2.00402
2.00421
2.00477
2.00479
2.00343
2.00305
2.00363
2.00366
2.00407
2.00428
2.00484
2.0049
2.00349
2.00311
2.0037
2.00374
2.00417
2.00439
2.00496
2.00505
2.00357
2.00321
2.00383
2.00389
2.00436
2.00463
2.00526
2.00541
2.00367
2.00329
2.00394
2.004
2.0045
2.00474
2.00546
2.00539
2.00376
2.00344
2.00417
2.00434
2.00496
2.00549
2.0063
2.00741
2.00143
2.00127
2.00157
2.00162
2.00186
2.00205
2.00236
2.00277
2.0014
2.00121
2.00148
2.00149
2.00168
2.00178
2.00204
2.00203
2.00137
2.00118
2.00144
2.00145
2.00163
2.00173
2.00197
2.00203
2.00133
2.00115
2.0014
2.00139
2.00156
2.00164
2.00186
2.0019
2.00131
2.00112
2.00137
2.00136
2.00153
2.0016
2.00181
2.00184
2.00129
2.00111
2.00135
2.00135
2.0015
2.00158
2.00179
2.0018
2.00129
2.00111
2.00135
2.00135
2.0015
2.00158
2.00179
2.0018
2.0013
2.00113
2.00136
2.00136
2.00152
2.0016
2.00181
2.00184
2.00132
2.00115
2.00139
2.00139
2.00156
2.00164
2.00186
2.00189
2.00135
2.00119
2.00144
2.00145
2.00163
2.00173
2.00197
2.00203
2.00139
2.00122
2.00148
2.00149
2.00168
2.00177
2.00204
2.00202
2.00142
2.00127
2.00157
2.00162
2.00185
2.00205
2.00236
2.00277
2.00031
2.00026
2.00032
2.00033
2.00037
2.00041
2.00046
2.00054
2.00031
2.00024
2.00031
2.0003
2.00033
2.00035
2.0004
2.00039
2.0003
2.00024
2.0003
2.00029
2.00032
2.00034
2.00038
2.00039
2.00029
2.00023
2.00029
2.00028
2.00031
2.00032
2.00036
2.00036
2.00028
2.00023
2.00028
2.00027
2.0003
2.00031
2.00035
2.00035
2.00028
2.00022
2.00028
2.00027
2.0003
2.00031
2.00034
2.00034
2.00028
2.00022
2.00028
2.00027
2.0003
2.00031
2.00034
2.00034
2.00028
2.00023
2.00028
2.00027
2.0003
2.00031
2.00035
2.00035
2.00028
2.00023
2.00028
2.00028
2.00031
2.00032
2.00036
2.00036
2.00029
2.00024
2.00029
2.00029
2.00032
2.00034
2.00038
2.00039
2.0003
2.00025
2.0003
2.0003
2.00033
2.00035
2.00039
2.00039
2.00031
2.00026
2.00032
2.00033
2.00037
2.0004
2.00046
2.00054
1.99945
1.9996
1.99945
1.99948
1.9994
1.99935
1.99927
1.99915
1.99947
1.99962
1.99948
1.99953
1.99946
1.99946
1.99938
1.99942
1.99948
1.99963
1.9995
1.99954
1.99947
1.99947
1.9994
1.99941
1.99949
1.99964
1.99952
1.99956
1.9995
1.9995
1.99944
1.99946
1.9995
1.99965
1.99952
1.99957
1.99951
1.99952
1.99946
1.99948
1.9995
1.99965
1.99953
1.99958
1.99952
1.99952
1.99947
1.99949
1.9995
1.99965
1.99953
1.99958
1.99952
1.99952
1.99947
1.99949
1.9995
1.99965
1.99952
1.99957
1.99951
1.99951
1.99946
1.99948
1.99949
1.99964
1.99951
1.99956
1.9995
1.9995
1.99944
1.99946
1.99947
1.99963
1.99949
1.99954
1.99947
1.99947
1.9994
1.99941
1.99946
1.99962
1.99948
1.99953
1.99946
1.99946
1.99938
1.99942
1.99945
1.9996
1.99945
1.99948
1.9994
1.99935
1.99927
1.99915
1.99771
1.99785
1.99726
1.99715
1.99661
1.99619
1.99555
1.99468
1.99776
1.99794
1.9974
1.99735
1.99688
1.99665
1.99603
1.99595
1.99782
1.99799
1.99746
1.99742
1.99697
1.99673
1.99617
1.99594
1.99786
1.99805
1.99754
1.99751
1.99709
1.99687
1.99635
1.99616
1.9979
1.99808
1.99758
1.99756
1.99714
1.99694
1.99642
1.99625
1.99791
1.9981
1.99761
1.99759
1.99717
1.99698
1.99647
1.99631
1.99791
1.9981
1.9976
1.99759
1.99717
1.99698
1.99647
1.99631
1.99789
1.99809
1.99758
1.99756
1.99714
1.99694
1.99642
1.99625
1.99785
1.99806
1.99753
1.99751
1.99708
1.99687
1.99635
1.99616
1.9978
1.998
1.99746
1.99742
1.99696
1.99672
1.99617
1.99594
1.99774
1.99795
1.99739
1.99735
1.99688
1.99665
1.99603
1.99595
1.99769
1.99786
1.99725
1.99715
1.99661
1.99618
1.99555
1.99468
1.99261
1.99567
1.99286
1.99389
1.99246
1.99209
1.99115
1.9894
1.99278
1.9959
1.99322
1.99441
1.99312
1.99327
1.99223
1.99261
1.99295
1.99601
1.99338
1.99457
1.99332
1.99345
1.99256
1.99261
1.9931
1.99616
1.99359
1.99481
1.99362
1.99383
1.99299
1.9932
1.9932
1.99625
1.9937
1.99494
1.99377
1.99401
1.99317
1.99348
1.99325
1.9963
1.99377
1.99501
1.99386
1.99412
1.99328
1.99366
1.99324
1.99631
1.99376
1.99501
1.99385
1.99411
1.99328
1.99366
1.99316
1.99626
1.99369
1.99494
1.99376
1.994
1.99317
1.99347
1.99304
1.99618
1.99356
1.99481
1.99361
1.99382
1.99298
1.9932
1.99288
1.99604
1.99335
1.99457
1.99331
1.99344
1.99255
1.9926
1.9927
1.99592
1.99318
1.9944
1.99311
1.99327
1.99223
1.9926
1.99257
1.99568
1.99284
1.99389
1.99245
1.99208
1.99115
1.98939
1.96886
1.97713
1.96115
1.96313
1.95192
1.94574
1.93779
1.92112
1.96927
1.97815
1.96252
1.96533
1.95458
1.95098
1.94172
1.93647
1.96973
1.97878
1.96322
1.96621
1.95561
1.95226
1.94331
1.93805
1.97014
1.97947
1.96404
1.96731
1.95695
1.95409
1.94519
1.9412
1.97045
1.97991
1.96453
1.96793
1.95766
1.95503
1.94617
1.94283
1.97061
1.98016
1.9648
1.96828
1.95807
1.95557
1.94672
1.94378
1.9706
1.98016
1.9648
1.96828
1.95807
1.95557
1.94672
1.94378
1.97042
1.97992
1.96452
1.96793
1.95766
1.95502
1.94617
1.94283
1.9701
1.97948
1.96403
1.96731
1.95694
1.95408
1.94519
1.94119
1.96968
1.97879
1.96321
1.96621
1.9556
1.95226
1.94331
1.93805
1.96922
1.97816
1.9625
1.96533
1.95457
1.95097
1.94172
1.93646
1.96883
1.97714
1.96114
1.96313
1.95191
1.94573
1.93779
1.9211
1.72478
2.07052
1.83496
1.96707
1.88993
1.91726
1.89795
1.88845
1.72506
2.07146
1.83626
1.96894
1.8926
1.92179
1.90166
1.90259
1.72543
2.07207
1.83691
1.96971
1.89358
1.92298
1.90293
1.90439
1.72578
2.07277
1.83773
1.97079
1.89501
1.92477
1.90499
1.90767
1.72605
2.07321
1.83819
1.97136
1.8957
1.92562
1.90589
1.90924
1.7262
2.07346
1.83848
1.97173
1.89615
1.9262
1.90652
1.91028
1.72623
2.07345
1.83849
1.97173
1.89616
1.9262
1.90653
1.91028
1.72612
2.07319
1.83822
1.97137
1.89571
1.92563
1.9059
1.90925
1.72589
2.07274
1.83778
1.9708
1.89503
1.92478
1.905
1.90768
1.72556
2.07203
1.83697
1.96972
1.8936
1.923
1.90295
1.90442
1.72521
2.07142
1.83632
1.96895
1.89262
1.9218
1.90165
1.9026
1.72487
2.0705
1.835
1.96708
1.88995
1.91729
1.89795
1.88852
3.02594
2.86935
3.26599
3.3427
3.56938
3.93133
3.79262
4.94283
3.02307
2.85785
3.25191
3.30186
3.56071
3.78026
3.91092
4.35512
3.01732
2.83665
3.22238
3.24968
3.50244
3.6555
3.82263
4.04528
3.01189
2.81893
3.19958
3.213
3.45968
3.58109
3.77155
3.89236
3.0082
2.80632
3.18262
3.18679
3.42479
3.53009
3.71199
3.79249
3.00708
2.80167
3.17631
3.17715
3.41151
3.51249
3.69038
3.76358
3.00885
2.805
3.1799
3.18197
3.41696
3.51949
3.69687
3.7743
3.01351
2.81726
3.19483
3.20367
3.44463
3.55647
3.73842
3.83643
3.02078
2.83681
3.21849
3.23888
3.48849
3.61979
3.80421
3.95559
3.0298
2.86589
3.25418
3.29529
3.55516
3.73071
3.89228
4.18598
3.03875
2.89384
3.28667
3.3513
3.61054
3.85535
3.9491
4.49372
3.04483
2.92458
3.32098
3.42518
3.65952
4.07004
3.89775
5.23153
2.37014
2.31171
2.41081
2.4265
2.4736
2.58678
2.51003
2.94135
2.36127
2.29113
2.38703
2.38597
2.43433
2.48745
2.47482
2.63691
2.35146
2.28077
2.37782
2.37422
2.42934
2.46706
2.49181
2.58395
2.34183
2.26611
2.3601
2.34925
2.40127
2.41907
2.45559
2.4763
2.33449
2.25735
2.35059
2.33739
2.38935
2.39963
2.44463
2.43475
2.32998
2.25105
2.34338
2.32795
2.3786
2.38374
2.43061
2.40341
2.32875
2.24926
2.34187
2.32616
2.37701
2.38167
2.42972
2.40036
2.3307
2.25115
2.34475
2.32982
2.38146
2.3886
2.43566
2.41519
2.33542
2.25641
2.35194
2.33915
2.39252
2.4062
2.45149
2.45395
2.34214
2.26402
2.36213
2.35272
2.40731
2.43233
2.46666
2.51146
2.3495
2.27189
2.37285
2.36759
2.42264
2.46324
2.48604
2.58297
2.35541
2.28054
2.38446
2.38853
2.43783
2.52353
2.47807
2.78917
2.18555
2.19215
2.23189
2.25743
2.29309
2.35909
2.3608
2.5647
2.17867
2.17869
2.21412
2.23022
2.26029
2.29801
2.30947
2.3945
2.17194
2.17367
2.20953
2.22632
2.26027
2.29545
2.32555
2.39237
2.16563
2.16492
2.19819
2.21112
2.24214
2.2674
2.30012
2.33355
2.16059
2.16017
2.19279
2.20521
2.23655
2.25904
2.29728
2.31779
2.15726
2.15648
2.1882
2.19967
2.23026
2.25004
2.28961
2.30058
2.1558
2.15536
2.18701
2.1986
2.22942
2.24893
2.28986
2.29865
2.1562
2.15623
2.18821
2.20034
2.23167
2.25197
2.29319
2.30368
2.15821
2.15898
2.1919
2.20518
2.23772
2.26023
2.30242
2.31846
2.16137
2.16322
2.19761
2.2126
2.24672
2.27262
2.31377
2.33852
2.16501
2.16778
2.20391
2.22076
2.25701
2.2865
2.3313
2.35997
2.16807
2.17361
2.21232
2.23435
2.27202
2.31998
2.3485
2.45942
2.09636
2.09415
2.1097
2.11775
2.13079
2.15485
2.15623
2.23837
2.09246
2.08668
2.09944
2.10251
2.11112
2.12189
2.12155
2.15123
2.08871
2.08439
2.09748
2.10155
2.1123
2.12352
2.13207
2.15792
2.08523
2.07976
2.09136
2.09352
2.10249
2.10896
2.11764
2.12778
2.08237
2.07727
2.08854
2.09062
2.09984
2.10526
2.11682
2.12123
2.08038
2.07514
2.08587
2.08746
2.09622
2.10021
2.11243
2.11168
2.07933
2.07423
2.08481
2.0864
2.09521
2.09887
2.1119
2.10931
2.07922
2.0742
2.08483
2.0865
2.0954
2.09904
2.11239
2.10925
2.07995
2.0751
2.08606
2.08805
2.09744
2.10155
2.11591
2.11316
2.08131
2.07672
2.08826
2.09075
2.10087
2.1056
2.12064
2.11805
2.08302
2.07867
2.09102
2.09411
2.10556
2.11068
2.13012
2.12314
2.08456
2.08144
2.09516
2.10051
2.11336
2.12586
2.14175
2.16649
2.04897
2.04807
2.0565
2.06066
2.06814
2.07997
2.08348
2.12188
2.04697
2.04432
2.05129
2.05302
2.05804
2.06367
2.06504
2.07939
2.04504
2.04321
2.05034
2.05267
2.05873
2.06491
2.07037
2.08396
2.04325
2.04091
2.0473
2.04874
2.05389
2.0579
2.0632
2.06959
2.04176
2.03966
2.04587
2.04733
2.05261
2.0562
2.06288
2.06669
2.04068
2.03856
2.04449
2.04574
2.0508
2.05372
2.06073
2.06201
2.04005
2.03803
2.04387
2.04512
2.0502
2.05294
2.0604
2.06061
2.03987
2.03791
2.04374
2.04503
2.05014
2.0528
2.06051
2.0601
2.0401
2.03825
2.04421
2.04564
2.05099
2.05375
2.06213
2.06136
2.04066
2.03895
2.04516
2.0468
2.05253
2.05539
2.0644
2.06278
2.04143
2.03987
2.04647
2.04839
2.05485
2.05769
2.0694
2.06448
2.04214
2.04119
2.04849
2.05149
2.0588
2.06493
2.07577
2.08479
2.02352
2.02246
2.02648
2.02807
2.03145
2.03651
2.03821
2.05527
2.02255
2.02067
2.02398
2.02444
2.0266
2.02881
2.02923
2.03531
2.02161
2.02013
2.0235
2.02425
2.02687
2.02939
2.03164
2.03754
2.02074
2.01904
2.02205
2.02239
2.02456
2.0261
2.02821
2.03082
2.02
2.01842
2.02134
2.02168
2.0239
2.02525
2.02797
2.0294
2.01946
2.01788
2.02065
2.0209
2.02301
2.02404
2.02691
2.02713
2.01912
2.01759
2.0203
2.02055
2.02266
2.02359
2.02668
2.02633
2.01899
2.0175
2.02019
2.02045
2.02257
2.02344
2.02666
2.02592
2.01906
2.01762
2.02036
2.02068
2.02291
2.0238
2.02737
2.02632
2.01929
2.01792
2.02077
2.02117
2.02357
2.02447
2.02841
2.02674
2.01962
2.01833
2.02137
2.02191
2.02468
2.02554
2.03087
2.02745
2.01995
2.01894
2.0223
2.02334
2.02653
2.02886
2.03394
2.03674
2.01066
2.00994
2.0119
2.01252
2.01409
2.01629
2.01715
2.02461
2.01022
2.00916
2.01079
2.01092
2.01194
2.01291
2.01315
2.01585
2.00979
2.00891
2.01057
2.01083
2.01204
2.01316
2.0142
2.01683
2.00939
2.00843
2.00992
2.01001
2.01103
2.01172
2.01269
2.0139
2.00905
2.00815
2.00959
2.00969
2.01072
2.01134
2.01257
2.01326
2.00879
2.0079
2.00928
2.00933
2.01032
2.0108
2.01209
2.01225
2.00862
2.00776
2.00911
2.00917
2.01015
2.01058
2.01197
2.01186
2.00855
2.00771
2.00904
2.0091
2.01009
2.01049
2.01195
2.01164
2.00857
2.00776
2.00911
2.00919
2.01022
2.01063
2.01225
2.01177
2.00866
2.00787
2.00927
2.00939
2.0105
2.01089
2.01269
2.01189
2.0088
2.00805
2.00953
2.00972
2.01099
2.01137
2.01379
2.01219
2.00894
2.00831
2.00993
2.01033
2.01179
2.01279
2.01513
2.0162
2.00453
2.00414
2.00501
2.00524
2.00591
2.00682
2.0072
2.01028
2.00435
2.00381
2.00455
2.00458
2.00502
2.00542
2.00553
2.00665
2.00416
2.0037
2.00445
2.00453
2.00505
2.0055
2.00594
2.00703
2.00399
2.0035
2.00418
2.00419
2.00463
2.00491
2.00532
2.00582
2.00384
2.00338
2.00404
2.00405
2.00449
2.00474
2.00525
2.00554
2.00373
2.00328
2.0039
2.0039
2.00432
2.00451
2.00505
2.00512
2.00365
2.00322
2.00383
2.00382
2.00424
2.00442
2.00499
2.00495
2.00362
2.00319
2.00379
2.00379
2.00421
2.00437
2.00498
2.00484
2.00362
2.00321
2.00382
2.00383
2.00426
2.00443
2.0051
2.00489
2.00366
2.00326
2.00388
2.00391
2.00438
2.00453
2.00528
2.00493
2.00371
2.00333
2.00399
2.00404
2.00458
2.00473
2.00575
2.00506
2.00377
2.00344
2.00415
2.0043
2.00491
2.00532
2.0063
2.00671
2.00173
2.00153
2.00189
2.00196
2.00222
2.00255
2.00271
2.00384
2.00166
2.00141
2.00172
2.00172
2.00189
2.00204
2.00209
2.00251
2.00159
2.00137
2.00168
2.0017
2.0019
2.00206
2.00223
2.00264
2.00152
2.0013
2.00158
2.00157
2.00174
2.00185
2.002
2.00219
2.00146
2.00125
2.00152
2.00152
2.00169
2.00178
2.00197
2.00208
2.00142
2.00121
2.00147
2.00146
2.00162
2.0017
2.0019
2.00193
2.00139
2.00119
2.00144
2.00143
2.00159
2.00166
2.00187
2.00186
2.00138
2.00118
2.00143
2.00142
2.00158
2.00164
2.00187
2.00182
2.00138
2.00119
2.00144
2.00143
2.0016
2.00166
2.00191
2.00183
2.00139
2.0012
2.00146
2.00146
2.00164
2.0017
2.00198
2.00185
2.00141
2.00123
2.0015
2.00151
2.00171
2.00177
2.00215
2.0019
2.00143
2.00127
2.00156
2.0016
2.00184
2.00199
2.00236
2.00251
2.00038
2.00031
2.0004
2.0004
2.00045
2.00051
2.00054
2.00076
2.00037
2.00029
2.00036
2.00035
2.00039
2.00041
2.00042
2.0005
2.00035
2.00028
2.00035
2.00035
2.00038
2.00041
2.00044
2.00051
2.00034
2.00026
2.00033
2.00032
2.00035
2.00037
2.0004
2.00043
2.00032
2.00025
2.00032
2.00031
2.00034
2.00035
2.00039
2.0004
2.00031
2.00025
2.00031
2.0003
2.00032
2.00034
2.00037
2.00037
2.0003
2.00024
2.0003
2.00029
2.00032
2.00033
2.00036
2.00035
2.0003
2.00024
2.00029
2.00029
2.00031
2.00032
2.00036
2.00034
2.0003
2.00024
2.00029
2.00029
2.00032
2.00033
2.00037
2.00035
2.0003
2.00024
2.0003
2.00029
2.00032
2.00033
2.00038
2.00035
2.0003
2.00025
2.00031
2.0003
2.00034
2.00035
2.00042
2.00036
2.00031
2.00026
2.00032
2.00032
2.00037
2.00039
2.00046
2.00048
1.99936
1.99951
1.99935
1.99937
1.99928
1.99918
1.99917
1.99875
1.99939
1.99955
1.99941
1.99946
1.9994
1.99938
1.9994
1.99926
1.99941
1.99956
1.99942
1.99946
1.99939
1.99935
1.99932
1.99919
1.99944
1.99959
1.99946
1.99951
1.99945
1.99944
1.99941
1.99937
1.99946
1.99961
1.99948
1.99952
1.99946
1.99946
1.99941
1.9994
1.99947
1.99962
1.99949
1.99954
1.99948
1.99949
1.99944
1.99946
1.99948
1.99963
1.9995
1.99955
1.99949
1.9995
1.99944
1.99948
1.99948
1.99963
1.99951
1.99956
1.9995
1.99951
1.99944
1.99949
1.99947
1.99963
1.9995
1.99955
1.99949
1.9995
1.99942
1.99948
1.99946
1.99963
1.99949
1.99954
1.99947
1.99948
1.9994
1.99948
1.99945
1.99962
1.99947
1.99952
1.99944
1.99946
1.99934
1.99946
1.99945
1.9996
1.99945
1.99949
1.9994
1.99938
1.99927
1.99924
1.99732
1.99749
1.99682
1.99666
1.99611
1.99544
1.9951
1.99301
1.99744
1.99768
1.99711
1.99707
1.99665
1.99631
1.99609
1.99527
1.99754
1.99773
1.99716
1.99709
1.99661
1.99624
1.99582
1.99501
1.99764
1.99785
1.99732
1.99729
1.99687
1.99661
1.9962
1.99576
1.99771
1.99791
1.99739
1.99737
1.99694
1.9967
1.99622
1.99591
1.99777
1.99797
1.99747
1.99745
1.99703
1.99683
1.99634
1.99616
1.9978
1.99801
1.9975
1.99749
1.99707
1.99688
1.99636
1.99624
1.99781
1.99802
1.99751
1.9975
1.99708
1.9969
1.99636
1.99629
1.99779
1.99801
1.99748
1.99747
1.99704
1.99685
1.99628
1.99624
1.99776
1.99798
1.99743
1.99741
1.99696
1.99677
1.99616
1.99618
1.99772
1.99793
1.99737
1.99733
1.99684
1.99665
1.99588
1.9961
1.99769
1.99786
1.99726
1.99717
1.99663
1.99627
1.99555
1.99502
1.99149
1.99467
1.99165
1.99257
1.99111
1.99002
1.99001
1.98467
1.99185
1.99518
1.99242
1.99366
1.99254
1.99237
1.99257
1.99076
1.99216
1.99531
1.99254
1.99366
1.99237
1.99212
1.99164
1.98999
1.99246
1.99563
1.99299
1.99423
1.99307
1.99316
1.99267
1.99216
1.99269
1.9958
1.99319
1.99442
1.99323
1.99338
1.99266
1.99256
1.99285
1.99596
1.99339
1.99466
1.9935
1.99376
1.99298
1.99328
1.99294
1.99605
1.99348
1.99475
1.99359
1.99388
1.99302
1.99351
1.99295
1.99608
1.9935
1.99478
1.99361
1.99392
1.99302
1.9936
1.99289
1.99605
1.99343
1.99471
1.9935
1.9938
1.99281
1.99344
1.99279
1.99598
1.9933
1.99456
1.9933
1.99359
1.99253
1.99326
1.99265
1.99587
1.99312
1.99435
1.993
1.99328
1.99185
1.99302
1.99256
1.99569
1.99287
1.99395
1.99251
1.99231
1.99113
1.99028
1.96596
1.97324
1.95731
1.95833
1.94725
1.93807
1.93387
1.90274
1.96694
1.97546
1.96021
1.96277
1.95284
1.94787
1.94333
1.92956
1.96779
1.97621
1.96068
1.9631
1.95246
1.9476
1.94012
1.92849
1.96859
1.97762
1.96236
1.96546
1.9553
1.95196
1.94434
1.93776
1.96922
1.97839
1.96309
1.9663
1.95603
1.95305
1.94457
1.93984
1.96966
1.97905
1.96379
1.96722
1.95706
1.95452
1.94586
1.94268
1.96989
1.97934
1.96405
1.96751
1.95732
1.95489
1.94598
1.94333
1.96991
1.97935
1.96403
1.96746
1.95723
1.95477
1.94575
1.94319
1.96975
1.97908
1.96369
1.967
1.95662
1.95398
1.94469
1.94181
1.96946
1.97858
1.96307
1.96616
1.95557
1.95262
1.94321
1.93976
1.96909
1.97799
1.96233
1.96517
1.95425
1.95098
1.94067
1.93751
1.96879
1.97715
1.96119
1.96329
1.95205
1.94633
1.93774
1.92347
1.72243
2.06693
1.83176
1.96296
1.88608
1.91089
1.89482
1.87296
1.72316
2.06896
1.83437
1.9668
1.89133
1.9194
1.90353
1.89715
1.72385
2.06968
1.83477
1.96704
1.89098
1.9191
1.90042
1.89635
1.72449
2.07103
1.83633
1.96921
1.8937
1.92309
1.90452
1.90499
1.72503
2.07177
1.83698
1.96996
1.89437
1.92403
1.90469
1.90685
1.72541
2.0724
1.83764
1.97081
1.89535
1.9254
1.90595
1.90953
1.72563
2.07267
1.83787
1.97108
1.89557
1.9257
1.90603
1.91007
1.72568
2.07265
1.83782
1.97099
1.8954
1.92551
1.90567
1.90974
1.72558
2.07237
1.83751
1.97056
1.8948
1.92479
1.90469
1.90841
1.72537
2.07185
1.83687
1.96972
1.89363
1.92341
1.90298
1.90613
1.7251
2.07128
1.83619
1.96884
1.89239
1.9219
1.90082
1.90375
1.72483
2.07052
1.83505
1.96724
1.89009
1.91787
1.89791
1.89078
3.51411
3.51654
3.63997
3.6921
3.73766
3.75458
3.75451
3.73743
3.69188
3.6397
3.51675
3.51409
3.83609
4.05137
4.07165
4.16601
4.17489
4.19062
4.19057
4.17478
4.16585
4.07152
4.05124
3.8358
3.75789
4.08149
4.18894
4.29552
4.34443
4.36806
4.36803
4.34436
4.29544
4.18891
4.08154
3.75811
3.9113
4.25944
4.36098
4.49022
4.53199
4.55983
4.55982
4.53196
4.49019
4.36099
4.2595
3.91138
3.91814
4.31649
4.4427
4.57837
4.62999
4.65992
4.65991
4.62998
4.57836
4.44272
4.31652
3.91827
3.95231
4.36969
4.50085
4.64538
4.69894
4.73102
4.73102
4.69892
4.64537
4.50084
4.36968
3.95233
3.95327
4.38417
4.51827
4.66919
4.72638
4.76074
4.76073
4.72637
4.66917
4.51823
4.38412
3.95321
3.93584
4.36248
4.49795
4.65012
4.71163
4.7478
4.74779
4.71161
4.65009
4.49788
4.36239
3.93566
3.90723
4.33158
4.44424
4.60586
4.66512
4.70421
4.70421
4.66511
4.60584
4.44418
4.33147
3.9071
3.8136
4.19609
4.31408
4.45717
4.52288
4.55947
4.55948
4.5229
4.45717
4.31404
4.19597
3.81333
3.76438
4.1541
4.19902
4.34806
4.39032
4.42601
4.42604
4.39037
4.34814
4.19907
4.15413
3.76458
3.61184
3.8016
3.83234
3.93937
3.96735
3.9909
3.99094
3.96749
3.93948
3.8325
3.80133
3.61179
2.4496
2.58833
2.49368
2.55585
2.53424
2.5424
2.54254
2.53464
2.55624
2.49417
2.58821
2.44981
2.36159
2.60196
2.59056
2.65023
2.66442
2.67888
2.67895
2.66461
2.6505
2.59086
2.60219
2.36219
2.45663
2.6163
2.65262
2.71043
2.73128
2.74646
2.74651
2.73145
2.71062
2.65282
2.61642
2.45668
2.46118
2.63877
2.68712
2.75557
2.78387
2.80215
2.80218
2.78396
2.75569
2.68725
2.63885
2.46134
2.49716
2.64301
2.71171
2.77649
2.80946
2.82809
2.82811
2.80952
2.77657
2.7118
2.64309
2.49721
2.50523
2.64687
2.71981
2.78566
2.82013
2.83923
2.83925
2.82017
2.78572
2.71989
2.64694
2.50532
2.50923
2.64403
2.71741
2.78105
2.81482
2.83332
2.83333
2.81485
2.78109
2.71748
2.64412
2.50934
2.49546
2.63155
2.70086
2.76143
2.79324
2.81061
2.81061
2.79326
2.76147
2.70093
2.63163
2.49561
2.48708
2.62346
2.67607
2.73312
2.75856
2.77405
2.77405
2.75857
2.73314
2.67613
2.62355
2.4872
2.44064
2.57992
2.62487
2.67343
2.6964
2.7098
2.70979
2.69638
2.67343
2.6249
2.57999
2.44081
2.45487
2.59196
2.58042
2.62077
2.6266
2.63578
2.63577
2.62657
2.62072
2.58039
2.59197
2.45479
2.41942
2.44367
2.43712
2.47988
2.49019
2.50312
2.50309
2.4901
2.4798
2.43699
2.4438
2.41946
2.41086
2.49507
2.40124
2.42941
2.40164
2.40217
2.40215
2.40162
2.42935
2.40124
2.49491
2.41082
2.3001
2.47521
2.46713
2.50672
2.51629
2.52593
2.52591
2.51625
2.50666
2.46707
2.47511
2.30013
2.37527
2.49601
2.53059
2.57924
2.59844
2.61195
2.61194
2.59841
2.5792
2.53054
2.49596
2.37518
2.3578
2.50974
2.5647
2.63125
2.66354
2.6827
2.68269
2.66351
2.63121
2.56465
2.50968
2.35773
2.38212
2.51714
2.59363
2.66476
2.70488
2.72681
2.7268
2.70487
2.66474
2.59359
2.5171
2.38205
2.38523
2.52232
2.60648
2.68233
2.72652
2.75023
2.75023
2.72651
2.68231
2.60645
2.52229
2.3852
2.39057
2.52242
2.60805
2.68294
2.72735
2.75098
2.75097
2.72734
2.68293
2.60804
2.5224
2.39056
2.38706
2.51474
2.59494
2.66484
2.70617
2.72818
2.72818
2.70617
2.66483
2.59493
2.51473
2.38709
2.38985
2.50831
2.57184
2.63244
2.66572
2.68432
2.68432
2.66571
2.63244
2.57184
2.50833
2.38986
2.37567
2.47976
2.52728
2.57162
2.59626
2.61008
2.61008
2.59625
2.57161
2.52727
2.47977
2.37571
2.39691
2.48309
2.4823
2.50982
2.51666
2.52398
2.52398
2.51666
2.50981
2.48229
2.48311
2.39678
2.40064
2.38699
2.37502
2.38672
2.38773
2.39233
2.39233
2.38768
2.38671
2.37494
2.3871
2.40063
2.1816
2.22818
2.16885
2.18193
2.16362
2.16292
2.16291
2.16359
2.1819
2.16883
2.22813
2.18157
2.10519
2.19971
2.18986
2.20773
2.21033
2.21432
2.21431
2.21033
2.20772
2.18984
2.19969
2.10516
2.14697
2.20486
2.2162
2.23766
2.24444
2.25017
2.25017
2.24443
2.23765
2.21618
2.20484
2.1469
2.12988
2.20347
2.2251
2.25583
2.27006
2.27892
2.27892
2.27006
2.25582
2.22507
2.20345
2.12982
2.14123
2.20209
2.23443
2.26716
2.28559
2.296
2.296
2.28559
2.26715
2.23441
2.20208
2.14118
2.14103
2.2011
2.23704
2.27177
2.29234
2.30367
2.30366
2.29234
2.27177
2.23703
2.20109
2.14101
2.14393
2.19976
2.23626
2.2698
2.29013
2.30117
2.30117
2.29013
2.2698
2.23625
2.19976
2.14393
2.1434
2.19653
2.23019
2.26041
2.27852
2.28832
2.28832
2.27852
2.26041
2.2302
2.19653
2.14343
2.14771
2.19584
2.22143
2.24596
2.25927
2.26682
2.26682
2.25927
2.24596
2.22143
2.19585
2.14772
2.14453
2.18595
2.20396
2.21971
2.22812
2.23293
2.23293
2.22811
2.21971
2.20395
2.18596
2.14458
2.16065
2.19273
2.18734
2.19494
2.19467
2.1963
2.19629
2.19466
2.19492
2.18732
2.19272
2.16058
2.16738
2.14925
2.14172
2.14174
2.1401
2.14089
2.14088
2.14006
2.14173
2.14168
2.14932
2.16738
2.10041
2.12378
2.09329
2.0995
2.09012
2.08965
2.08964
2.09009
2.09947
2.09326
2.12375
2.10039
2.06053
2.10971
2.10539
2.11486
2.11649
2.11864
2.11864
2.11648
2.11485
2.10536
2.10969
2.0605
2.08176
2.11309
2.12029
2.13233
2.13657
2.13986
2.13986
2.13655
2.13231
2.12026
2.11307
2.08171
2.07286
2.11277
2.12597
2.14338
2.15194
2.15711
2.15711
2.15193
2.14337
2.12594
2.11275
2.07282
2.07856
2.11247
2.13154
2.15054
2.16164
2.16783
2.16783
2.16163
2.15053
2.13152
2.11245
2.07852
2.07858
2.11215
2.13338
2.15365
2.16607
2.17285
2.17285
2.16606
2.15364
2.13337
2.11214
2.07855
2.08019
2.11146
2.13304
2.1527
2.16502
2.17167
2.17167
2.16502
2.1527
2.13303
2.11145
2.08018
2.08018
2.10963
2.1296
2.14728
2.15827
2.16417
2.16417
2.15827
2.14727
2.1296
2.10962
2.08019
2.08264
2.10876
2.12433
2.13855
2.14676
2.1513
2.1513
2.14676
2.13854
2.12434
2.10876
2.08265
2.08138
2.10325
2.11431
2.12335
2.12856
2.13143
2.13143
2.12855
2.12335
2.11431
2.10325
2.0814
2.08995
2.10552
2.10425
2.10839
2.10879
2.1098
2.1098
2.10879
2.10838
2.10425
2.10552
2.08992
2.09308
2.08249
2.07966
2.07895
2.07828
2.07856
2.07855
2.07827
2.07895
2.07965
2.08251
2.09308
2.04584
2.05681
2.04211
2.0448
2.04028
2.03996
2.03995
2.04026
2.04478
2.0421
2.05679
2.04583
2.02637
2.04959
2.04725
2.05147
2.05205
2.05296
2.05296
2.05205
2.05146
2.04724
2.04958
2.02635
2.03616
2.0507
2.05373
2.05911
2.06092
2.06236
2.06236
2.06091
2.0591
2.05372
2.05069
2.03613
2.03169
2.05009
2.0559
2.06379
2.06764
2.06998
2.06998
2.06764
2.06379
2.05589
2.05008
2.03167
2.03415
2.04958
2.05808
2.06672
2.07177
2.07461
2.07461
2.07177
2.06671
2.05807
2.04957
2.03413
2.03408
2.04918
2.05865
2.06785
2.07352
2.07664
2.07664
2.07352
2.06784
2.05865
2.04917
2.03406
2.03482
2.04873
2.05835
2.06721
2.07281
2.07584
2.07584
2.07281
2.06721
2.05834
2.04873
2.03482
2.03492
2.0479
2.05676
2.06463
2.06955
2.0722
2.0722
2.06955
2.06463
2.05676
2.04789
2.03493
2.03628
2.04762
2.05448
2.06065
2.06423
2.0662
2.0662
2.06423
2.06065
2.05448
2.04761
2.03628
2.0359
2.0453
2.0501
2.05383
2.05598
2.05715
2.05715
2.05598
2.05383
2.0501
2.04529
2.03591
2.04034
2.04662
2.0458
2.04727
2.04721
2.04753
2.04752
2.04721
2.04726
2.0458
2.04661
2.04033
2.04172
2.03591
2.03477
2.03399
2.0336
2.03361
2.03361
2.0336
2.03399
2.03476
2.03592
2.04173
2.02063
2.02552
2.01901
2.02016
2.01819
2.01804
2.01804
2.01818
2.02015
2.019
2.02551
2.02062
2.01195
2.02234
2.02135
2.02323
2.02351
2.02392
2.02392
2.02351
2.02323
2.02134
2.02233
2.01194
2.01627
2.02283
2.02425
2.02667
2.02752
2.02817
2.02817
2.02751
2.02667
2.02424
2.02282
2.01625
2.01432
2.02257
2.02525
2.0288
2.03057
2.03163
2.03162
2.03056
2.0288
2.02524
2.02256
2.01431
2.01539
2.02235
2.02622
2.03013
2.03244
2.03373
2.03373
2.03244
2.03012
2.02621
2.02234
2.01538
2.01538
2.02217
2.02648
2.03063
2.03323
2.03464
2.03464
2.03322
2.03063
2.02647
2.02216
2.01537
2.01571
2.02195
2.02632
2.03033
2.03288
2.03426
2.03426
2.03288
2.03033
2.02632
2.02195
2.01571
2.01577
2.02156
2.02559
2.02915
2.03139
2.03259
2.03259
2.03139
2.02914
2.02559
2.02156
2.01577
2.01637
2.02139
2.02454
2.02731
2.02895
2.02985
2.02985
2.02895
2.02731
2.02454
2.02139
2.01638
2.0162
2.02033
2.02254
2.02422
2.02521
2.02574
2.02574
2.02521
2.02422
2.02254
2.02033
2.0162
2.01822
2.02085
2.02057
2.02121
2.02122
2.02136
2.02136
2.02122
2.02121
2.02058
2.02085
2.01822
2.0187
2.016
2.01562
2.01524
2.0151
2.0151
2.0151
2.0151
2.01523
2.01562
2.016
2.0187
2.00865
2.01068
2.00798
2.00844
2.00763
2.00756
2.00756
2.00762
2.00843
2.00798
2.01067
2.00865
2.00503
2.00936
2.00896
2.00974
2.00986
2.01002
2.01002
2.00985
2.00973
2.00896
2.00936
2.00503
2.0068
2.00955
2.01015
2.01116
2.01152
2.0118
2.0118
2.01152
2.01116
2.01015
2.00955
2.00679
2.006
2.00943
2.01057
2.01205
2.01279
2.01324
2.01324
2.01279
2.01205
2.01056
2.00943
2.00599
2.00642
2.00933
2.01096
2.01259
2.01357
2.01411
2.01411
2.01357
2.01259
2.01095
2.00933
2.00642
2.00642
2.00924
2.01105
2.01279
2.01388
2.01448
2.01448
2.01388
2.01279
2.01105
2.00924
2.00642
2.00655
2.00915
2.01098
2.01265
2.01373
2.0143
2.0143
2.01373
2.01265
2.01098
2.00915
2.00655
2.00658
2.00898
2.01067
2.01215
2.01309
2.01359
2.01359
2.01309
2.01215
2.01067
2.00898
2.00658
2.00684
2.0089
2.01022
2.01137
2.01205
2.01242
2.01242
2.01205
2.01137
2.01022
2.0089
2.00684
2.00677
2.00846
2.00939
2.01007
2.01048
2.0107
2.0107
2.01048
2.01007
2.00939
2.00846
2.00677
2.00763
2.00867
2.00856
2.00881
2.00881
2.00887
2.00887
2.00881
2.00881
2.00856
2.00867
2.00763
2.0078
2.00663
2.0065
2.00632
2.00627
2.00626
2.00626
2.00626
2.00632
2.0065
2.00663
2.0078
2.00325
2.00399
2.00301
2.00317
2.00287
2.00285
2.00284
2.00287
2.00316
2.00301
2.00399
2.00325
2.00191
2.00352
2.00338
2.00366
2.00371
2.00377
2.00377
2.00371
2.00366
2.00338
2.00352
2.00191
2.00255
2.00358
2.00382
2.0042
2.00434
2.00444
2.00444
2.00434
2.00419
2.00382
2.00358
2.00255
2.00226
2.00354
2.00398
2.00453
2.00481
2.00498
2.00498
2.00481
2.00453
2.00398
2.00354
2.00226
2.00242
2.0035
2.00412
2.00473
2.0051
2.0053
2.0053
2.0051
2.00473
2.00412
2.0035
2.00241
2.00242
2.00347
2.00415
2.00481
2.00522
2.00544
2.00544
2.00522
2.0048
2.00415
2.00347
2.00242
2.00246
2.00343
2.00412
2.00475
2.00515
2.00537
2.00537
2.00515
2.00475
2.00412
2.00343
2.00246
2.00248
2.00337
2.00401
2.00456
2.00491
2.0051
2.0051
2.00491
2.00456
2.00401
2.00337
2.00248
2.00257
2.00334
2.00383
2.00426
2.00452
2.00466
2.00466
2.00452
2.00426
2.00383
2.00334
2.00257
2.00255
2.00317
2.00352
2.00378
2.00393
2.00401
2.00401
2.00393
2.00378
2.00352
2.00317
2.00255
2.00287
2.00324
2.00321
2.0033
2.0033
2.00332
2.00332
2.0033
2.0033
2.00321
2.00324
2.00287
2.00292
2.00248
2.00244
2.00237
2.00235
2.00235
2.00235
2.00235
2.00237
2.00244
2.00248
2.00292
2.00064
2.00079
2.00059
2.00061
2.00056
2.00055
2.00055
2.00056
2.00061
2.00059
2.00078
2.00064
2.00037
2.00069
2.00066
2.00071
2.00072
2.00073
2.00073
2.00072
2.00071
2.00066
2.00069
2.00037
2.00049
2.00069
2.00074
2.0008
2.00083
2.00085
2.00085
2.00083
2.0008
2.00073
2.00069
2.00049
2.00043
2.00068
2.00076
2.00086
2.00092
2.00095
2.00095
2.00092
2.00086
2.00076
2.00068
2.00043
2.00046
2.00067
2.00078
2.0009
2.00097
2.001
2.001
2.00097
2.0009
2.00078
2.00067
2.00046
2.00046
2.00066
2.00079
2.00091
2.00098
2.00102
2.00102
2.00098
2.00091
2.00079
2.00066
2.00046
2.00047
2.00065
2.00078
2.00089
2.00097
2.00101
2.00101
2.00097
2.00089
2.00078
2.00065
2.00046
2.00047
2.00064
2.00075
2.00086
2.00092
2.00096
2.00096
2.00092
2.00086
2.00075
2.00064
2.00047
2.00049
2.00063
2.00072
2.0008
2.00085
2.00087
2.00087
2.00085
2.0008
2.00072
2.00063
2.00049
2.00049
2.0006
2.00067
2.00071
2.00074
2.00075
2.00075
2.00074
2.00071
2.00067
2.0006
2.00049
2.00055
2.00062
2.00061
2.00062
2.00062
2.00062
2.00062
2.00062
2.00062
2.00061
2.00062
2.00055
2.00056
2.00047
2.00046
2.00044
2.00044
2.00044
2.00044
2.00044
2.00044
2.00046
2.00047
2.00056
1.99903
1.99874
1.99913
1.99905
1.99918
1.99919
1.99919
1.99918
1.99905
1.99913
1.99873
1.99903
1.99954
1.99896
1.99905
1.99895
1.99895
1.99893
1.99893
1.99895
1.99895
1.99905
1.99896
1.99954
1.99928
1.99895
1.99891
1.9988
1.99878
1.99876
1.99876
1.99878
1.9988
1.99891
1.99895
1.99927
1.9994
1.99898
1.99889
1.99873
1.99866
1.99862
1.99862
1.99866
1.99873
1.99889
1.99898
1.9994
1.99933
1.99901
1.99885
1.99868
1.99859
1.99854
1.99854
1.99859
1.99868
1.99885
1.999
1.99933
1.99934
1.99902
1.99885
1.99867
1.99856
1.99851
1.99851
1.99856
1.99867
1.99885
1.99902
1.99934
1.99931
1.99903
1.99886
1.99868
1.99858
1.99853
1.99853
1.99858
1.99868
1.99886
1.99903
1.99931
1.99931
1.99905
1.99889
1.99873
1.99865
1.9986
1.9986
1.99865
1.99873
1.99889
1.99905
1.99931
1.99927
1.99904
1.99892
1.9988
1.99874
1.99871
1.99871
1.99874
1.9988
1.99892
1.99904
1.99927
1.99928
1.99909
1.999
1.99894
1.99891
1.99889
1.99889
1.99891
1.99894
1.999
1.99909
1.99928
1.99916
1.99903
1.99907
1.99905
1.99907
1.99906
1.99906
1.99907
1.99905
1.99907
1.99903
1.99916
1.99913
1.99928
1.99931
1.99934
1.99935
1.99935
1.99935
1.99935
1.99933
1.99931
1.99929
1.99913
1.99396
1.99274
1.99431
1.99396
1.99444
1.99446
1.99446
1.99444
1.99396
1.99431
1.99274
1.99396
1.99603
1.99336
1.99351
1.99294
1.99281
1.99267
1.99267
1.99281
1.99294
1.99351
1.99336
1.99603
1.99493
1.99312
1.9926
1.99184
1.99153
1.99131
1.99131
1.99153
1.99184
1.99259
1.99312
1.99492
1.99539
1.99308
1.99219
1.99111
1.99054
1.9902
1.9902
1.99054
1.99111
1.99219
1.99308
1.99539
1.99509
1.99307
1.99183
1.99064
1.98991
1.9895
1.9895
1.9899
1.99063
1.99183
1.99306
1.99509
1.99509
1.99307
1.99171
1.99043
1.98962
1.98918
1.98918
1.98962
1.99043
1.99171
1.99307
1.99509
1.995
1.99312
1.99174
1.9905
1.98969
1.98926
1.98926
1.98969
1.9905
1.99174
1.99312
1.995
1.995
1.99325
1.99197
1.99086
1.99014
1.98976
1.98976
1.99014
1.99086
1.99197
1.99325
1.99501
1.99488
1.99335
1.99234
1.99144
1.9909
1.99061
1.99061
1.9909
1.99144
1.99234
1.99334
1.99488
1.99496
1.99371
1.99298
1.99241
1.99206
1.99187
1.99187
1.99206
1.99241
1.99298
1.99371
1.99496
1.99451
1.99367
1.99365
1.99338
1.99332
1.99325
1.99325
1.99332
1.99338
1.99365
1.99367
1.9945
1.99438
1.99499
1.99508
1.99513
1.99515
1.99514
1.99514
1.99515
1.99513
1.99508
1.995
1.99438
1.98849
1.98487
1.98951
1.98853
1.98998
1.99004
1.99004
1.98997
1.98852
1.9895
1.98486
1.98848
1.99442
1.98758
1.98854
1.98738
1.98731
1.98708
1.98707
1.9873
1.98737
1.98853
1.98758
1.99441
1.99119
1.98734
1.98692
1.98563
1.98535
1.98504
1.98504
1.98535
1.98562
1.98691
1.98733
1.99117
1.99259
1.98768
1.98661
1.98473
1.98395
1.98344
1.98344
1.98395
1.98472
1.98661
1.98767
1.99258
1.99172
1.98791
1.98613
1.98417
1.98314
1.98253
1.98253
1.98313
1.98417
1.98612
1.98791
1.99171
1.99175
1.98807
1.98605
1.984
1.98282
1.98216
1.98216
1.98282
1.98399
1.98605
1.98807
1.99174
1.99149
1.98818
1.98611
1.98416
1.983
1.98236
1.98236
1.983
1.98415
1.98611
1.98818
1.99149
1.99147
1.98838
1.98645
1.98472
1.9837
1.98315
1.98315
1.9837
1.98472
1.98645
1.98837
1.99147
1.99107
1.98834
1.98689
1.98553
1.98482
1.98441
1.98441
1.98482
1.98553
1.98689
1.98834
1.99107
1.99125
1.98891
1.98788
1.98707
1.98665
1.98641
1.98641
1.98665
1.98707
1.98788
1.98891
1.99126
1.98994
1.98829
1.98875
1.98842
1.98854
1.98849
1.98849
1.98854
1.98842
1.98875
1.98829
1.98993
1.9896
1.9912
1.99156
1.99171
1.99182
1.9918
1.9918
1.99181
1.99171
1.99155
1.9912
1.98961
1.92154
1.90663
1.92186
1.91715
1.92154
1.92143
1.92143
1.92153
1.91714
1.92185
1.90662
1.92153
1.94165
1.91177
1.91157
1.90428
1.90191
1.89998
1.89998
1.9019
1.90428
1.91157
1.91176
1.94164
1.92795
1.90725
1.89999
1.89097
1.88691
1.88425
1.88425
1.88691
1.89096
1.89998
1.90724
1.92793
1.93176
1.90538
1.89446
1.88221
1.8757
1.87197
1.87197
1.87569
1.88221
1.89446
1.90537
1.93175
1.92758
1.9041
1.8896
1.87646
1.86856
1.8643
1.8643
1.86856
1.87646
1.88959
1.90409
1.92757
1.92725
1.90354
1.88777
1.87388
1.86528
1.86071
1.86071
1.86527
1.87388
1.88776
1.90354
1.92724
1.92637
1.90388
1.88794
1.87439
1.86585
1.86137
1.86137
1.86585
1.87439
1.88794
1.90388
1.92636
1.92682
1.90555
1.89065
1.87823
1.87042
1.86633
1.86633
1.87042
1.87823
1.89065
1.90555
1.92682
1.92642
1.90734
1.89526
1.88478
1.87853
1.87518
1.87518
1.87853
1.88478
1.89526
1.90733
1.92642
1.92833
1.91233
1.90315
1.89575
1.89122
1.88882
1.88882
1.89122
1.89575
1.90314
1.91233
1.92833
1.92535
1.91336
1.91191
1.90758
1.90604
1.9048
1.9048
1.90604
1.90758
1.91191
1.91335
1.92535
1.92506
1.92876
1.92917
1.92818
1.92775
1.92718
1.92718
1.92775
1.92818
1.92917
1.92877
1.92506
1.89107
1.87829
1.89187
1.88844
1.89235
1.89258
1.89259
1.89237
1.88846
1.8919
1.87831
1.89109
1.90952
1.88442
1.88519
1.87988
1.87842
1.8772
1.8772
1.87843
1.87989
1.8852
1.88443
1.90954
1.89683
1.88099
1.87607
1.86992
1.86736
1.86572
1.86572
1.86737
1.86993
1.87609
1.88101
1.89687
1.90077
1.88022
1.87273
1.86409
1.85969
1.85726
1.85727
1.8597
1.8641
1.87274
1.88023
1.90079
1.89675
1.87945
1.86913
1.86004
1.8547
1.8519
1.85191
1.8547
1.86005
1.86914
1.87946
1.89678
1.89665
1.87924
1.86798
1.85836
1.85249
1.84948
1.84948
1.85249
1.85837
1.86799
1.87925
1.89666
1.89582
1.87945
1.86801
1.85864
1.85279
1.84983
1.84983
1.8528
1.85865
1.86801
1.87946
1.89583
1.89598
1.8805
1.86971
1.86111
1.85575
1.85305
1.85305
1.85575
1.86112
1.86971
1.8805
1.89598
1.89582
1.88157
1.87285
1.86558
1.86126
1.85906
1.85907
1.86126
1.86558
1.87285
1.88157
1.89582
1.89701
1.88505
1.87818
1.87319
1.87
1.86847
1.86847
1.87
1.87319
1.87818
1.88504
1.89699
1.89461
1.8852
1.8846
1.88163
1.8807
1.87995
1.87995
1.8807
1.88164
1.88461
1.8852
1.89463
1.89404
1.89756
1.89761
1.89719
1.89658
1.89628
1.89628
1.89658
1.89719
1.89762
1.89754
1.89403
)
;

boundaryField
{
    inlet
    {
        type            fixedValue;
        value           uniform 4;
    }
    wall
    {
        type            myTemperature;
        value           nonuniform List<scalar> 
720
(
2.71923
2.69544
2.66334
2.62326
2.58309
2.55595
2.55593
2.58306
2.62321
2.6633
2.6954
2.71921
2.29012
2.29661
2.30501
2.31839
2.33423
2.34598
2.34601
2.3343
2.31848
2.3051
2.29668
2.29016
2.171
2.17512
2.18049
2.18925
2.19957
2.20724
2.20724
2.19958
2.18926
2.1805
2.17514
2.17101
2.08743
2.08963
2.09237
2.09687
2.10209
2.10595
2.10595
2.10208
2.09686
2.09236
2.08962
2.08742
2.04493
2.04604
2.04742
2.04968
2.05228
2.0542
2.0542
2.05228
2.04967
2.04741
2.04603
2.04493
2.02118
2.0217
2.02234
2.02339
2.0246
2.02549
2.02549
2.02459
2.02338
2.02233
2.02169
2.02117
2.00947
2.00971
2.01
2.01047
2.01101
2.01141
2.01141
2.01101
2.01047
2.00999
2.0097
2.00947
2.00396
2.00406
2.00418
2.00438
2.0046
2.00477
2.00477
2.0046
2.00438
2.00418
2.00406
2.00396
2.00148
2.00152
2.00156
2.00164
2.00172
2.00179
2.00179
2.00172
2.00164
2.00156
2.00152
2.00148
2.00031
2.00032
2.00033
2.00034
2.00036
2.00038
2.00038
2.00036
2.00034
2.00033
2.00032
2.00031
1.9995
1.99949
1.99947
1.99945
1.99942
1.9994
1.9994
1.99942
1.99945
1.99947
1.99949
1.9995
1.99763
1.99758
1.99751
1.9974
1.99726
1.99717
1.99717
1.99726
1.99739
1.99751
1.99758
1.99763
1.99401
1.99385
1.99365
1.99333
1.99296
1.99268
1.99268
1.99295
1.99332
1.99365
1.99385
1.99401
1.97319
1.97248
1.97156
1.97009
1.96839
1.96715
1.96715
1.96839
1.97009
1.97156
1.97248
1.97319
1.97593
1.97531
1.97453
1.97328
1.97184
1.97078
1.97078
1.97184
1.97329
1.97454
1.97532
1.97593
2.75986
2.751
2.73967
2.72828
2.71942
2.71375
2.71168
2.71301
2.71734
2.72319
2.72878
2.7289
2.25967
2.25588
2.25075
2.24582
2.24233
2.24117
2.24274
2.24723
2.25418
2.2634
2.27286
2.28324
2.1499
2.14759
2.14472
2.14213
2.14043
2.1401
2.14134
2.14427
2.14858
2.15429
2.16002
2.16678
2.07422
2.07314
2.07187
2.07081
2.07024
2.07037
2.07127
2.07301
2.07539
2.07849
2.08153
2.08522
2.03767
2.03717
2.0366
2.03615
2.03596
2.03611
2.03664
2.03757
2.03881
2.04039
2.04194
2.04382
2.0175
2.01728
2.01702
2.01684
2.01678
2.01689
2.01717
2.01764
2.01825
2.01901
2.01975
2.02065
2.00775
2.00766
2.00755
2.00748
2.00747
2.00752
2.00766
2.00787
2.00815
2.0085
2.00883
2.00923
2.00322
2.00318
2.00314
2.00311
2.00311
2.00313
2.00319
2.00329
2.0034
2.00355
2.00369
2.00386
2.0012
2.00118
2.00117
2.00116
2.00116
2.00117
2.00119
2.00123
2.00127
2.00133
2.00138
2.00144
2.00025
2.00024
2.00024
2.00024
2.00024
2.00024
2.00025
2.00026
2.00027
2.00028
2.00029
2.0003
1.99959
1.9996
1.9996
1.99961
1.99961
1.99961
1.9996
1.99959
1.99957
1.99955
1.99954
1.99951
1.99802
1.99804
1.99807
1.99809
1.9981
1.99809
1.99806
1.99801
1.99795
1.99786
1.99778
1.99769
1.99509
1.99515
1.99522
1.99528
1.9953
1.99527
1.99519
1.99505
1.99487
1.99465
1.99444
1.99417
1.97708
1.97738
1.97773
1.97802
1.97818
1.97813
1.97788
1.97739
1.97671
1.97583
1.97496
1.97388
1.97953
1.97981
1.98014
1.98043
1.98057
1.98054
1.98029
1.97982
1.97918
1.97835
1.97753
1.97654
2.76029
2.75253
2.74215
2.73197
2.72449
2.72053
2.72053
2.72447
2.73195
2.74211
2.7525
2.76027
2.2594
2.25495
2.24913
2.24334
2.23883
2.2364
2.2364
2.23884
2.24336
2.24915
2.25497
2.25941
2.14973
2.14697
2.14365
2.14041
2.13794
2.13659
2.13659
2.13795
2.14043
2.14367
2.14698
2.14974
2.07409
2.07263
2.071
2.06942
2.06824
2.06761
2.06762
2.06825
2.06943
2.071
2.07264
2.07409
2.03759
2.03684
2.03604
2.03527
2.0347
2.03439
2.03439
2.0347
2.03527
2.03604
2.03685
2.03759
2.01745
2.01708
2.0167
2.01634
2.01607
2.01592
2.01592
2.01607
2.01634
2.0167
2.01709
2.01745
2.00772
2.00756
2.00739
2.00723
2.00711
2.00704
2.00704
2.00711
2.00723
2.00739
2.00756
2.00773
2.00321
2.00314
2.00306
2.003
2.00295
2.00292
2.00292
2.00295
2.003
2.00307
2.00314
2.00321
2.00119
2.00117
2.00114
2.00111
2.0011
2.00108
2.00109
2.0011
2.00111
2.00114
2.00117
2.00119
2.00025
2.00024
2.00023
2.00023
2.00022
2.00022
2.00022
2.00022
2.00023
2.00023
2.00024
2.00025
1.99959
1.9996
1.99961
1.99962
1.99963
1.99963
1.99963
1.99963
1.99962
1.99961
1.9996
1.99959
1.99802
1.99806
1.9981
1.99814
1.99817
1.99819
1.99819
1.99817
1.99814
1.9981
1.99806
1.99802
1.9951
1.9952
1.99531
1.99542
1.9955
1.99554
1.99554
1.9955
1.99542
1.99531
1.9952
1.9951
1.97712
1.97754
1.97799
1.97843
1.97876
1.97894
1.97894
1.97876
1.97844
1.978
1.97754
1.97712
1.97957
1.97996
1.9804
1.98082
1.98114
1.98132
1.98132
1.98114
1.98082
1.98039
1.97996
1.97957
2.72891
2.72881
2.72323
2.71737
2.71303
2.71168
2.71374
2.7194
2.72826
2.73964
2.75097
2.75984
2.28326
2.27286
2.26339
2.25418
2.24723
2.24274
2.24117
2.24235
2.24584
2.25077
2.2559
2.25968
2.16678
2.16001
2.15428
2.14856
2.14426
2.14134
2.1401
2.14044
2.14214
2.14474
2.1476
2.1499
2.08521
2.08151
2.07848
2.07538
2.073
2.07127
2.07037
2.07025
2.07082
2.07188
2.07315
2.07422
2.04381
2.04193
2.04039
2.0388
2.03757
2.03664
2.03611
2.03596
2.03615
2.0366
2.03718
2.03767
2.02064
2.01975
2.019
2.01824
2.01763
2.01717
2.01689
2.01678
2.01684
2.01703
2.01728
2.0175
2.00923
2.00883
2.00849
2.00815
2.00787
2.00766
2.00752
2.00747
2.00748
2.00755
2.00766
2.00775
2.00386
2.00369
2.00355
2.0034
2.00328
2.00319
2.00313
2.00311
2.00311
2.00314
2.00318
2.00322
2.00144
2.00138
2.00133
2.00127
2.00123
2.00119
2.00117
2.00116
2.00116
2.00117
2.00118
2.0012
2.0003
2.00029
2.00028
2.00027
2.00026
2.00025
2.00024
2.00024
2.00024
2.00024
2.00024
2.00025
1.99951
1.99954
1.99955
1.99957
1.99959
1.9996
1.99961
1.99961
1.99961
1.9996
1.9996
1.99959
1.99769
1.99778
1.99786
1.99794
1.99801
1.99806
1.99809
1.9981
1.99809
1.99807
1.99804
1.99802
1.99417
1.99443
1.99465
1.99487
1.99505
1.99518
1.99527
1.9953
1.99528
1.99522
1.99515
1.99509
1.97388
1.97495
1.97583
1.97671
1.97738
1.97787
1.97813
1.97818
1.97802
1.97773
1.97738
1.97708
1.97654
1.97754
1.97835
1.97919
1.97983
1.9803
1.98054
1.98058
1.98043
1.98014
1.97981
1.97953
)
;
    }
    outlet
    {
        type            fixedValue;
        value           uniform 1;
    }
}


// ************************************************************************* //
