/*--------------------------------*- C++ -*----------------------------------*\
| =========                 |                                                 |
| \\      /  F ield         | OpenFOAM: The Open Source CFD Toolbox           |
|  \\    /   O peration     | Version:  2.2.0                                 |
|   \\  /    A nd           | Web:      www.OpenFOAM.org                      |
|    \\/     M anipulation  |                                                 |
\*---------------------------------------------------------------------------*/
FoamFile
{
    version     2.0;
    format      ascii;
    class       volScalarField;
    location    "16";
    object      Theta;
}
// * * * * * * * * * * * * * * * * * * * * * * * * * * * * * * * * * * * * * //

dimensions      [0 2 -2 0 0 0 0];

internalField   nonuniform List<scalar> 
7920
(
2.76316
2.9887
3.11568
3.39273
3.47145
4.02126
3.66291
5.20644
2.7345
2.93503
3.05718
3.27418
3.4035
3.72693
3.69736
4.36706
2.6969
2.88695
3.00262
3.19474
3.34057
3.58299
3.6606
4.07059
2.64854
2.82653
2.92818
3.09708
3.24011
3.42002
3.55459
3.77519
2.59913
2.77715
2.86687
3.02819
3.16719
3.32305
3.47739
3.62329
2.56449
2.74553
2.82644
2.98519
3.12023
3.26558
3.42764
3.54103
2.56449
2.74553
2.82644
2.98519
3.12023
3.26558
3.42764
3.54103
2.59913
2.77715
2.86687
3.02819
3.16719
3.32304
3.4774
3.62329
2.64854
2.82653
2.92818
3.09708
3.24011
3.42001
3.5546
3.77517
2.6969
2.88695
3.00262
3.19474
3.34058
3.58298
3.6606
4.0706
2.7345
2.93503
3.05718
3.27417
3.4035
3.7269
3.69735
4.36702
2.76316
2.98868
3.11568
3.39273
3.47145
4.0213
3.66288
5.20655
2.23482
2.36314
2.32711
2.41803
2.40895
2.52663
2.45828
2.7437
2.24921
2.36283
2.33837
2.41053
2.42918
2.48135
2.53203
2.56402
2.26685
2.35772
2.33842
2.39201
2.40739
2.43259
2.47232
2.45357
2.29536
2.36048
2.35527
2.39453
2.41578
2.42849
2.48115
2.43827
2.32794
2.36209
2.36981
2.39183
2.41238
2.41371
2.45561
2.40193
2.35197
2.36504
2.38349
2.39525
2.4178
2.41547
2.45509
2.40306
2.35197
2.36504
2.38349
2.39525
2.4178
2.41548
2.45508
2.40307
2.32794
2.36209
2.36981
2.39183
2.41238
2.41372
2.45561
2.40195
2.29536
2.36048
2.35527
2.39453
2.41578
2.42849
2.48114
2.43828
2.26685
2.35772
2.33842
2.39201
2.40739
2.4326
2.47231
2.45359
2.24921
2.36283
2.33836
2.41053
2.42918
2.48136
2.53204
2.56405
2.23483
2.36315
2.32712
2.41803
2.40895
2.52661
2.45829
2.74364
2.20369
2.20024
2.23785
2.25988
2.29645
2.3351
2.38254
2.4337
2.20172
2.20355
2.23714
2.25599
2.29923
2.31312
2.40402
2.35523
2.20135
2.20473
2.22876
2.24442
2.27597
2.28389
2.3462
2.30299
2.2018
2.21408
2.23014
2.24896
2.27631
2.28725
2.34604
2.31741
2.20481
2.22294
2.22986
2.24946
2.26911
2.27995
2.32463
2.30492
2.20744
2.23045
2.23223
2.25354
2.2701
2.28296
2.32328
2.3126
2.20744
2.23045
2.23223
2.25354
2.2701
2.28296
2.32328
2.3126
2.20481
2.22294
2.22986
2.24946
2.26911
2.27995
2.32463
2.30492
2.2018
2.21408
2.23014
2.24896
2.27631
2.28724
2.34604
2.3174
2.20136
2.20473
2.22876
2.24442
2.27597
2.28389
2.3462
2.303
2.20172
2.20355
2.23715
2.256
2.29924
2.31312
2.40402
2.35522
2.20369
2.20023
2.23784
2.25988
2.29645
2.33512
2.38253
2.43377
2.06885
2.09812
2.09042
2.10527
2.11272
2.11881
2.14643
2.13003
2.07133
2.09945
2.09307
2.10562
2.11712
2.11377
2.15938
2.10544
2.07628
2.09844
2.09145
2.09996
2.10583
2.10051
2.12654
2.08333
2.08241
2.1018
2.0964
2.10413
2.10977
2.10728
2.13022
2.10126
2.09
2.1044
2.09984
2.10494
2.10831
2.10567
2.12039
2.09882
2.09509
2.10706
2.10347
2.10759
2.11067
2.10901
2.12145
2.10603
2.09509
2.10706
2.10347
2.10759
2.11067
2.10901
2.12145
2.10603
2.09
2.1044
2.09984
2.10494
2.10832
2.10567
2.12039
2.09882
2.08241
2.1018
2.0964
2.10413
2.10977
2.10728
2.13022
2.10127
2.07628
2.09844
2.09145
2.09997
2.10583
2.10051
2.12654
2.08334
2.07132
2.09945
2.09306
2.10562
2.11712
2.11377
2.15938
2.10544
2.06885
2.09812
2.09042
2.10527
2.11272
2.11881
2.14643
2.13002
2.05156
2.0512
2.05686
2.06075
2.06861
2.07075
2.0902
2.07785
2.05111
2.05236
2.05722
2.06091
2.07002
2.06829
2.09526
2.06648
2.05161
2.05253
2.05529
2.05805
2.06357
2.0615
2.07765
2.05594
2.05222
2.0551
2.05656
2.06031
2.065
2.0651
2.07909
2.06604
2.05377
2.05726
2.05716
2.06088
2.06377
2.06433
2.07383
2.06532
2.05488
2.05914
2.05827
2.06233
2.06468
2.06607
2.07427
2.06927
2.05488
2.05914
2.05827
2.06233
2.06468
2.06607
2.07427
2.06927
2.05377
2.05726
2.05716
2.06088
2.06377
2.06433
2.07383
2.06532
2.05222
2.0551
2.05656
2.06031
2.065
2.0651
2.07909
2.06604
2.05161
2.05253
2.05529
2.05805
2.06357
2.0615
2.07765
2.05594
2.05111
2.05236
2.05722
2.06091
2.07002
2.06829
2.09526
2.06648
2.05157
2.05119
2.05686
2.06075
2.06861
2.07075
2.0902
2.07787
2.01676
2.02331
2.02187
2.02499
2.02725
2.02779
2.03624
2.02878
2.01718
2.02368
2.02239
2.02515
2.02812
2.02691
2.03877
2.02401
2.01825
2.02351
2.0219
2.02385
2.02531
2.02387
2.03055
2.01932
2.01943
2.02441
2.02297
2.02494
2.02626
2.02576
2.03143
2.02442
2.02098
2.02513
2.02368
2.02521
2.02592
2.02553
2.02913
2.02428
2.02198
2.02583
2.02445
2.02589
2.02648
2.02641
2.02943
2.02623
2.02198
2.02583
2.02445
2.02589
2.02648
2.02641
2.02943
2.02623
2.02098
2.02513
2.02368
2.02521
2.02592
2.02553
2.02913
2.02428
2.01943
2.02441
2.02297
2.02494
2.02626
2.02576
2.03143
2.02442
2.01825
2.02351
2.0219
2.02385
2.02531
2.02387
2.03055
2.01932
2.01718
2.02368
2.02239
2.02515
2.02812
2.0269
2.03876
2.024
2.01676
2.02331
2.02187
2.02499
2.02725
2.02779
2.03624
2.02879
2.01046
2.01082
2.01151
2.01241
2.01381
2.01402
2.01812
2.01467
2.01037
2.01106
2.0116
2.01248
2.01412
2.01362
2.01916
2.01258
2.01053
2.01109
2.01123
2.01189
2.01279
2.01223
2.01543
2.0105
2.0107
2.01161
2.01154
2.01238
2.01313
2.01305
2.01577
2.01281
2.01108
2.01205
2.01171
2.01252
2.01292
2.01294
2.01472
2.01278
2.01134
2.01243
2.01197
2.01283
2.01313
2.01333
2.01484
2.01366
2.01134
2.01243
2.01197
2.01283
2.01313
2.01333
2.01484
2.01366
2.01108
2.01205
2.01171
2.01252
2.01292
2.01294
2.01472
2.01278
2.0107
2.01161
2.01154
2.01238
2.01313
2.01305
2.01577
2.01281
2.01053
2.01109
2.01123
2.01189
2.01279
2.01223
2.01543
2.0105
2.01037
2.01106
2.0116
2.01248
2.01412
2.01362
2.01916
2.01258
2.01046
2.01082
2.01151
2.01241
2.01381
2.01403
2.01812
2.01468
2.00298
2.00437
2.00402
2.00467
2.00508
2.0052
2.00681
2.00538
2.00305
2.00445
2.00411
2.0047
2.00522
2.00505
2.00725
2.00452
2.00323
2.00443
2.00402
2.00446
2.00471
2.00449
2.00573
2.00367
2.00343
2.0046
2.0042
2.00467
2.00488
2.00484
2.00589
2.00463
2.00369
2.00475
2.00433
2.00473
2.00482
2.00481
2.00548
2.00463
2.00386
2.00489
2.00446
2.00485
2.00492
2.00497
2.00553
2.00499
2.00386
2.00489
2.00446
2.00485
2.00492
2.00497
2.00553
2.00499
2.00369
2.00475
2.00433
2.00473
2.00482
2.00481
2.00548
2.00463
2.00343
2.0046
2.0042
2.00467
2.00488
2.00484
2.00589
2.00463
2.00323
2.00443
2.00402
2.00446
2.00471
2.00449
2.00573
2.00367
2.00305
2.00445
2.00411
2.0047
2.00522
2.00505
2.00725
2.00451
2.00298
2.00437
2.00402
2.00467
2.00508
2.0052
2.00681
2.00538
2.00192
2.00167
2.00194
2.002
2.00225
2.00228
2.00291
2.00237
2.00191
2.0017
2.00196
2.00201
2.0023
2.00222
2.00307
2.00205
2.00195
2.00171
2.00191
2.00193
2.0021
2.002
2.0025
2.00173
2.00199
2.00178
2.00196
2.002
2.00215
2.00213
2.00255
2.00209
2.00206
2.00185
2.002
2.00202
2.00213
2.00212
2.00239
2.0021
2.00211
2.00191
2.00204
2.00207
2.00216
2.00218
2.00241
2.00223
2.00211
2.00191
2.00204
2.00207
2.00216
2.00218
2.00241
2.00223
2.00206
2.00185
2.002
2.00202
2.00213
2.00212
2.0024
2.0021
2.00199
2.00178
2.00196
2.002
2.00215
2.00213
2.00255
2.00209
2.00195
2.00171
2.00191
2.00193
2.0021
2.002
2.0025
2.00173
2.00191
2.0017
2.00196
2.00201
2.0023
2.00222
2.00307
2.00205
2.00192
2.00167
2.00194
2.002
2.00225
2.00228
2.00291
2.00237
1.99943
2.00048
1.9999
2.00022
2.00011
2.00017
2.00026
2.00013
1.99942
2.00049
1.9999
2.00023
2.00012
2.00016
2.00029
2.00006
1.99941
2.0005
1.99988
2.00021
2.00007
2.00011
2.00017
2
1.99939
2.00052
1.99988
2.00023
2.00008
2.00013
2.00018
2.00007
1.99938
2.00054
1.99987
2.00023
2.00007
2.00013
2.00014
2.00008
1.99938
2.00056
1.99987
2.00024
2.00007
2.00014
2.00015
2.0001
1.99938
2.00056
1.99987
2.00024
2.00007
2.00014
2.00015
2.0001
1.99938
2.00054
1.99987
2.00023
2.00007
2.00013
2.00014
2.00008
1.99939
2.00052
1.99988
2.00023
2.00008
2.00013
2.00018
2.00007
1.99941
2.0005
1.99988
2.00021
2.00007
2.00011
2.00017
2
1.99942
2.00049
1.9999
2.00023
2.00012
2.00016
2.00029
2.00006
1.99943
2.00048
1.9999
2.00022
2.00011
2.00017
2.00026
2.00013
2.00134
1.99911
2.00044
1.9997
2.00002
1.99989
1.99979
2.00003
2.00139
1.99909
2.00046
1.99969
2.00001
1.99991
1.99972
2.0001
2.00144
1.99907
2.00051
1.99972
2.00009
1.99999
1.99993
2.00022
2.0015
1.99902
2.00053
1.99969
2.00009
1.99995
1.99992
2.00009
2.00156
1.99897
2.00056
1.99969
2.00012
1.99996
1.99998
2.0001
2.0016
1.99894
2.00057
1.99967
2.00012
1.99994
1.99998
2.00005
2.0016
1.99894
2.00057
1.99967
2.00012
1.99994
1.99998
2.00005
2.00156
1.99897
2.00056
1.99969
2.00012
1.99996
1.99998
2.0001
2.0015
1.99902
2.00053
1.99969
2.00009
1.99995
1.99992
2.00009
2.00144
1.99907
2.00051
1.99972
2.00009
1.99999
1.99993
2.00022
2.00139
1.99909
2.00046
1.99969
2.00001
1.99991
1.99972
2.0001
2.00134
1.99911
2.00044
1.9997
2.00002
1.99989
1.99979
2.00003
1.99413
1.99828
1.99526
1.99651
1.99523
1.99536
1.99412
1.99456
1.99402
1.99828
1.99518
1.99651
1.99515
1.9955
1.9939
1.99521
1.9938
1.99834
1.99517
1.99665
1.99541
1.99581
1.99472
1.99569
1.99354
1.9983
1.995
1.99656
1.9953
1.99563
1.99464
1.9952
1.99322
1.99829
1.99485
1.99654
1.9953
1.99565
1.99486
1.99522
1.99301
1.99825
1.99472
1.99648
1.99522
1.99556
1.99482
1.99503
1.99301
1.99825
1.99472
1.99648
1.99522
1.99556
1.99482
1.99503
1.99322
1.99829
1.99485
1.99654
1.9953
1.99565
1.99486
1.99522
1.99354
1.9983
1.995
1.99656
1.9953
1.99563
1.99464
1.9952
1.9938
1.99834
1.99517
1.99665
1.99541
1.99581
1.99472
1.99569
1.99402
1.99828
1.99518
1.99651
1.99515
1.9955
1.9939
1.99521
1.99413
1.99828
1.99526
1.99651
1.99523
1.99536
1.99412
1.99456
2.00246
1.99142
1.9984
1.99393
1.99569
1.9949
1.99332
1.99595
2.00271
1.99116
1.9984
1.99381
1.99541
1.99504
1.9924
1.99691
2.0028
1.99104
1.99876
1.99417
1.99635
1.99596
1.99488
1.99837
2.00306
1.99055
1.99874
1.99379
1.99618
1.99539
1.99461
1.99682
2.0032
1.9901
1.99885
1.99368
1.99643
1.99549
1.99537
1.99691
2.00333
1.98974
1.99884
1.99345
1.99635
1.99524
1.99531
1.99632
2.00333
1.98974
1.99884
1.99345
1.99635
1.99524
1.99531
1.99632
2.0032
1.9901
1.99885
1.99368
1.99643
1.99549
1.99537
1.99691
2.00306
1.99055
1.99874
1.99379
1.99618
1.99539
1.99461
1.99682
2.0028
1.99104
1.99876
1.99417
1.99635
1.99596
1.99488
1.99837
2.00271
1.99116
1.9984
1.99381
1.99541
1.99504
1.9924
1.99691
2.00246
1.99142
1.9984
1.99393
1.99569
1.9949
1.99332
1.99595
1.96178
1.9693
1.95636
1.95558
1.94593
1.94085
1.92899
1.92467
1.96107
1.96884
1.9556
1.9556
1.94461
1.94297
1.9247
1.93435
1.95978
1.96901
1.95612
1.9573
1.94791
1.94716
1.93413
1.9419
1.95793
1.96789
1.95467
1.95613
1.94685
1.94551
1.93325
1.93763
1.9556
1.967
1.95357
1.95587
1.94727
1.94608
1.93622
1.9387
1.95393
1.96616
1.95242
1.95508
1.94659
1.94517
1.93602
1.93679
1.95393
1.96616
1.95242
1.95508
1.94659
1.94517
1.93602
1.93679
1.9556
1.967
1.95357
1.95587
1.94727
1.94608
1.93622
1.9387
1.95793
1.96789
1.95467
1.95613
1.94685
1.94551
1.93325
1.93763
1.95978
1.96901
1.95612
1.9573
1.94791
1.94716
1.93413
1.94189
1.96107
1.96884
1.9556
1.9556
1.94461
1.94297
1.9247
1.93435
1.96178
1.9693
1.95635
1.95558
1.94593
1.94085
1.92899
1.92467
1.97741
1.96988
1.96853
1.96288
1.95822
1.95333
1.94461
1.94257
1.97723
1.96932
1.96805
1.96288
1.95702
1.9552
1.94046
1.95089
1.97649
1.96936
1.96888
1.96457
1.96039
1.95935
1.94955
1.95825
1.97558
1.96813
1.968
1.96355
1.95968
1.95793
1.94888
1.95426
1.97422
1.96712
1.9675
1.96341
1.96042
1.95867
1.95192
1.95544
1.97329
1.96619
1.96679
1.96273
1.96
1.95792
1.95186
1.9537
1.97329
1.96619
1.96679
1.96273
1.96
1.95792
1.95186
1.9537
1.97422
1.96712
1.9675
1.96341
1.96042
1.95867
1.95192
1.95544
1.97558
1.96813
1.968
1.96355
1.95968
1.95793
1.94888
1.95426
1.97649
1.96936
1.96888
1.96457
1.96039
1.95935
1.94955
1.95825
1.97723
1.96932
1.96805
1.96288
1.95702
1.9552
1.94045
1.95089
1.97741
1.96988
1.96853
1.96288
1.95822
1.95333
1.94461
1.94257
2.81054
3.04696
3.18713
3.47724
3.57078
4.13142
3.79183
5.32232
2.80165
3.01519
3.15906
3.3925
3.55067
3.882
3.91063
4.53756
2.7884
2.98608
3.12468
3.32817
3.49672
3.73832
3.85053
4.20639
2.77671
2.95778
3.09041
3.27092
3.43884
3.62258
3.786
3.97231
2.767
2.93788
3.06474
3.23241
3.39311
3.55071
3.71682
3.83712
2.76084
2.9258
3.04934
3.21031
3.36621
3.51251
3.67887
3.77392
2.75861
2.92275
3.04577
3.20579
3.36139
3.50589
3.67412
3.76366
2.75924
2.9268
3.05058
3.21361
3.37123
3.51992
3.68833
3.78474
2.76442
2.94096
3.07035
3.24489
3.41138
3.58226
3.75924
3.90533
2.76849
2.95714
3.0878
3.27778
3.43998
3.65142
3.77841
4.04364
2.77665
2.98238
3.12135
3.34243
3.50491
3.80206
3.88793
4.3902
2.7733
2.99476
3.1222
3.38764
3.47687
3.97382
3.6919
4.99956
2.18263
2.34131
2.28338
2.38975
2.36811
2.50276
2.40682
2.75582
2.17869
2.33207
2.27528
2.36678
2.36248
2.43546
2.4342
2.54395
2.17117
2.32404
2.26451
2.35044
2.34749
2.40134
2.41273
2.46937
2.16552
2.31659
2.256
2.33744
2.33673
2.37518
2.40649
2.41257
2.1612
2.31111
2.24878
2.3272
2.3255
2.35505
2.38967
2.36916
2.16022
2.30915
2.2469
2.3241
2.32266
2.34913
2.38669
2.35632
2.16289
2.31031
2.24896
2.32557
2.32401
2.35083
2.38641
2.35875
2.16928
2.31616
2.25756
2.3359
2.33575
2.36941
2.40102
2.3948
2.17951
2.32333
2.26784
2.34717
2.34593
2.38922
2.40755
2.43697
2.19215
2.33747
2.28763
2.3746
2.3745
2.44453
2.44182
2.55688
2.20715
2.34469
2.2974
2.38476
2.37463
2.46338
2.41563
2.60336
2.22227
2.36458
2.32396
2.43124
2.41068
2.57931
2.43927
2.93081
2.19258
2.17833
2.22613
2.24728
2.28462
2.33913
2.36196
2.48492
2.18999
2.17178
2.21838
2.23217
2.27181
2.30151
2.34964
2.37957
2.18654
2.16676
2.21193
2.22334
2.26077
2.28681
2.32943
2.35773
2.184
2.16218
2.20675
2.21586
2.2527
2.27427
2.3206
2.33778
2.18212
2.15908
2.20285
2.21037
2.246
2.2647
2.30983
2.32062
2.18145
2.15828
2.20167
2.20881
2.24412
2.26211
2.30751
2.3167
2.18239
2.15949
2.20229
2.20954
2.24405
2.26248
2.30558
2.31734
2.18428
2.16391
2.20651
2.21593
2.25069
2.27339
2.31416
2.33807
2.18838
2.16886
2.21052
2.22114
2.25376
2.2803
2.31229
2.35099
2.19169
2.17938
2.22133
2.2388
2.27296
2.31386
2.34017
2.41993
2.19783
2.18409
2.22359
2.24082
2.26794
2.31209
2.31499
2.41218
2.2008
2.20012
2.24049
2.27235
2.30117
2.38356
2.36705
2.60136
2.0507
2.08666
2.07483
2.09362
2.09749
2.1128
2.12504
2.14852
2.04962
2.08376
2.07125
2.08704
2.09096
2.09687
2.11588
2.10514
2.048
2.0818
2.06845
2.08372
2.08592
2.09212
2.10504
2.10084
2.04696
2.08022
2.06659
2.08132
2.08305
2.08861
2.10156
2.0969
2.04641
2.07927
2.06537
2.07967
2.08081
2.0859
2.09737
2.09249
2.04662
2.07935
2.06557
2.07985
2.08099
2.08632
2.09755
2.09371
2.04791
2.0802
2.06658
2.08077
2.08166
2.08742
2.09719
2.09563
2.04975
2.08251
2.06948
2.0845
2.08583
2.09384
2.10251
2.10782
2.05317
2.08464
2.07196
2.08672
2.08705
2.0963
2.10021
2.11208
2.056
2.08982
2.07855
2.0962
2.09828
2.11439
2.11723
2.14895
2.06112
2.09107
2.0798
2.09538
2.09405
2.1091
2.10033
2.13479
2.06433
2.09933
2.09076
2.11292
2.11538
2.14765
2.13765
2.23164
2.04641
2.04354
2.05113
2.05487
2.06228
2.06881
2.08054
2.08943
2.04583
2.04208
2.04924
2.05157
2.05868
2.06103
2.07486
2.06857
2.04509
2.0411
2.04786
2.04993
2.05604
2.05881
2.06895
2.06714
2.04464
2.04036
2.047
2.04884
2.05463
2.05736
2.06704
2.06606
2.04441
2.03998
2.04646
2.04813
2.05358
2.05623
2.06492
2.06446
2.04447
2.04014
2.04657
2.04832
2.05371
2.0566
2.06501
2.06546
2.04497
2.04071
2.04702
2.04883
2.05401
2.05718
2.06475
2.06652
2.04558
2.04202
2.04833
2.05072
2.05602
2.06035
2.06735
2.07257
2.04691
2.04327
2.04932
2.05175
2.0564
2.06125
2.06585
2.07403
2.04771
2.04609
2.05233
2.0565
2.06196
2.07017
2.07459
2.09218
2.04969
2.04692
2.05252
2.05585
2.05942
2.06673
2.06555
2.08324
2.05034
2.05147
2.05772
2.0648
2.0705
2.08605
2.08602
2.13154
2.01218
2.01986
2.01779
2.02159
2.02317
2.02577
2.03066
2.03267
2.01194
2.01923
2.01696
2.02014
2.02156
2.02232
2.02807
2.02341
2.01162
2.0188
2.01633
2.0194
2.02031
2.02133
2.02517
2.02285
2.01145
2.01852
2.01598
2.01898
2.01974
2.02082
2.02435
2.02271
2.0114
2.01839
2.0158
2.01873
2.01932
2.02042
2.02341
2.02221
2.01151
2.01851
2.01594
2.0189
2.01948
2.02073
2.02355
2.02293
2.01188
2.0188
2.01625
2.01922
2.01972
2.02112
2.02354
2.02364
2.01233
2.01941
2.01697
2.02015
2.02076
2.02269
2.02484
2.02661
2.01317
2.01997
2.01756
2.02068
2.02103
2.02318
2.02424
2.02737
2.01378
2.02124
2.01912
2.02293
2.02375
2.0274
2.02847
2.03593
2.01503
2.02154
2.01937
2.02262
2.02264
2.02576
2.02428
2.03158
2.01568
2.02358
2.02203
2.02686
2.02807
2.0349
2.0343
2.05419
2.00917
2.00899
2.01005
2.0109
2.01219
2.01324
2.01576
2.01659
2.00906
2.00871
2.00968
2.01027
2.01148
2.01175
2.01462
2.01258
2.00893
2.00852
2.0094
2.00994
2.01091
2.01129
2.01329
2.01232
2.00885
2.0084
2.00926
2.00977
2.01067
2.0111
2.01294
2.01233
2.00883
2.00836
2.00918
2.00966
2.01049
2.01093
2.01253
2.01214
2.00886
2.00843
2.00924
2.00975
2.01056
2.01108
2.01259
2.01249
2.00899
2.00857
2.00937
2.00989
2.01067
2.01126
2.01258
2.01282
2.00913
2.00887
2.00966
2.01031
2.01112
2.01195
2.01315
2.01414
2.00944
2.00915
2.00989
2.01054
2.01122
2.01215
2.01286
2.01446
2.0096
2.00975
2.01053
2.01153
2.0124
2.014
2.01472
2.01823
2.01004
2.00992
2.01058
2.01139
2.01186
2.01323
2.0128
2.01622
2.01017
2.01088
2.01169
2.01326
2.01425
2.01726
2.0173
2.02623
2.00211
2.00365
2.00322
2.00395
2.00426
2.00473
2.00571
2.00596
2.00207
2.00353
2.00308
2.0037
2.00398
2.00413
2.00525
2.00433
2.00201
2.00346
2.00296
2.00356
2.00374
2.00393
2.00469
2.0042
2.00199
2.00341
2.00291
2.00349
2.00364
2.00386
2.00455
2.00423
2.00199
2.0034
2.00288
2.00346
2.00357
2.0038
2.00438
2.00417
2.00201
2.00343
2.00292
2.0035
2.00361
2.00387
2.00441
2.00433
2.00209
2.00349
2.00298
2.00357
2.00367
2.00396
2.00442
2.00449
2.00217
2.00361
2.00312
2.00375
2.00387
2.00425
2.00467
2.00504
2.00233
2.00373
2.00323
2.00386
2.00393
2.00436
2.00457
2.00521
2.00244
2.00397
2.00352
2.00427
2.00443
2.00513
2.00535
2.00677
2.00267
2.00403
2.00357
2.00422
2.00423
2.00483
2.00459
2.00597
2.00278
2.00441
2.00406
2.005
2.00524
2.0065
2.00647
2.01012
2.00168
2.00137
2.00168
2.00174
2.00197
2.00211
2.00252
2.00261
2.00167
2.00133
2.00163
2.00165
2.00186
2.00189
2.00235
2.00201
2.00165
2.0013
2.00158
2.0016
2.00177
2.00182
2.00213
2.00196
2.00163
2.00128
2.00156
2.00157
2.00174
2.00179
2.00208
2.00197
2.00163
2.00128
2.00155
2.00156
2.00171
2.00177
2.00202
2.00195
2.00164
2.00129
2.00156
2.00157
2.00173
2.0018
2.00203
2.00201
2.00166
2.00132
2.00158
2.0016
2.00175
2.00183
2.00204
2.00207
2.00169
2.00137
2.00163
2.00167
2.00182
2.00194
2.00213
2.00228
2.00174
2.00141
2.00167
2.00171
2.00184
2.00198
2.00209
2.00234
2.00177
2.0015
2.00178
2.00186
2.00202
2.00226
2.00238
2.00292
2.00184
2.00153
2.00179
2.00184
2.00195
2.00215
2.00209
2.00262
2.00187
2.00168
2.00196
2.00213
2.00232
2.00277
2.0028
2.00417
1.99942
2.00039
1.99986
2.00017
2.00006
2.00014
2.00018
2.00019
1.99943
2.00039
1.99986
2.00015
2.00004
2.00009
2.00015
2.00007
1.99943
2.00038
1.99985
2.00014
2.00002
2.00008
2.0001
2.00006
1.99943
2.00038
1.99985
2.00013
2.00002
2.00008
2.0001
2.00006
1.99943
2.00037
1.99985
2.00013
2.00001
2.00007
2.00008
2.00006
1.99944
2.00038
1.99985
2.00014
2.00002
2.00008
2.00009
2.00007
1.99944
2.00038
1.99985
2.00014
2.00002
2.00009
2.00009
2.00009
1.99944
2.0004
1.99986
2.00016
2.00004
2.00011
2.00011
2.00013
1.99944
2.00041
1.99987
2.00017
2.00004
2.00012
2.0001
2.00015
1.99943
2.00043
1.99988
2.0002
2.00008
2.00017
2.00016
2.00027
1.99944
2.00044
1.99988
2.00019
2.00006
2.00015
2.00009
2.0002
1.99943
2.00048
1.99991
2.00025
2.00013
2.00028
2.00024
2.00052
2.00124
1.99925
2.00043
1.99976
2.00005
1.99989
1.99988
1.99986
2.00124
1.99927
2.00044
1.99979
2.00008
1.99996
1.99992
2.00004
2.00123
1.99928
2.00045
1.9998
2.0001
1.99998
1.99998
2.00005
2.00122
1.99929
2.00045
1.99981
2.00011
1.99998
1.99999
2.00004
2.00121
1.99929
2.00045
1.99981
2.00012
1.99999
2.00001
2.00006
2.00121
1.99929
2.00044
1.99981
2.00011
1.99998
2.00001
2.00004
2.00121
1.99928
2.00044
1.9998
2.00011
1.99998
2.00001
2.00003
2.00122
1.99926
2.00044
1.99978
2.00009
1.99994
1.99999
1.99996
2.00123
1.99924
2.00044
1.99977
2.0001
1.99994
2.00002
1.99995
2.00127
1.9992
2.00043
1.99972
2.00005
1.99985
1.99993
1.99975
2.00128
1.99918
2.00045
1.99974
2.0001
1.9999
2.00005
1.99988
2.00132
1.99912
2.00041
1.99965
1.99999
1.99971
1.99984
1.99939
1.99491
1.99854
1.99584
1.99687
1.99574
1.99565
1.99473
1.9943
1.99497
1.9986
1.99595
1.99704
1.99594
1.99605
1.99505
1.9954
1.99503
1.99864
1.99604
1.99712
1.99608
1.99617
1.99537
1.99547
1.99509
1.99867
1.9961
1.99718
1.99616
1.99623
1.99548
1.99551
1.99511
1.99868
1.99613
1.99721
1.99621
1.99628
1.99559
1.99556
1.99511
1.99867
1.99611
1.99719
1.9962
1.99625
1.99558
1.99549
1.99505
1.99864
1.99607
1.99716
1.99617
1.99621
1.99557
1.99541
1.99497
1.99859
1.99598
1.99706
1.99605
1.99604
1.99543
1.9951
1.99482
1.99855
1.99589
1.997
1.996
1.99598
1.99547
1.99501
1.99469
1.99844
1.99569
1.99676
1.99569
1.99553
1.99501
1.99412
1.99447
1.99842
1.99561
1.99678
1.99577
1.99566
1.99539
1.99452
1.99433
1.99823
1.99529
1.99633
1.99517
1.99467
1.99432
1.99206
2.00256
1.99278
1.99886
1.9948
1.99643
1.99507
1.99464
1.99414
2.00255
1.99296
1.99902
1.99516
1.99677
1.99593
1.99518
1.99643
2.00257
1.9931
1.99915
1.99535
1.99708
1.99619
1.99593
1.99661
2.00253
1.9932
1.9992
1.99545
1.99719
1.99631
1.99608
1.99664
2.00251
1.99325
1.99923
1.99553
1.9973
1.99643
1.99633
1.99683
2.00249
1.99321
1.9992
1.99548
1.99726
1.99635
1.99629
1.99664
2.00244
1.99311
1.99915
1.9954
1.99722
1.99626
1.99633
1.99648
2.00246
1.99289
1.99902
1.99514
1.99697
1.99583
1.99599
1.99563
2.00239
1.99268
1.99896
1.99501
1.99699
1.99574
1.99629
1.99547
2.0025
1.99224
1.99867
1.99438
1.99631
1.99456
1.99517
1.99298
2.00235
1.99209
1.99875
1.9945
1.99678
1.99514
1.99662
1.99436
2.00255
1.99142
1.99822
1.99334
1.99541
1.99266
1.99395
1.9882
1.96703
1.97264
1.96088
1.95889
1.95023
1.94254
1.93485
1.91949
1.96748
1.97349
1.96202
1.96097
1.95216
1.9478
1.93711
1.93446
1.96804
1.97405
1.96291
1.96203
1.95368
1.94949
1.94018
1.93666
1.96846
1.9745
1.96356
1.96285
1.95467
1.95084
1.9414
1.93865
1.9687
1.97477
1.96398
1.96337
1.9554
1.95176
1.94273
1.94025
1.96867
1.97474
1.96396
1.96336
1.95541
1.95173
1.9428
1.94009
1.96831
1.97451
1.96368
1.96311
1.95524
1.95144
1.94295
1.93957
1.9677
1.97386
1.96279
1.96201
1.95398
1.9495
1.94133
1.93586
1.96667
1.97328
1.96204
1.96136
1.95361
1.94872
1.94199
1.93439
1.96563
1.97178
1.95997
1.95848
1.95018
1.94311
1.93686
1.92278
1.96416
1.97143
1.95959
1.95866
1.95143
1.94436
1.94198
1.92594
1.96295
1.969
1.95623
1.95334
1.94519
1.9324
1.93164
1.89505
1.98092
1.97344
1.97181
1.96565
1.96147
1.95393
1.94949
1.93587
1.98121
1.97422
1.97274
1.96747
1.96303
1.95857
1.95109
1.94907
1.98162
1.97478
1.97351
1.96848
1.96442
1.96023
1.95389
1.95143
1.98188
1.97523
1.97405
1.96923
1.96528
1.96148
1.95489
1.95334
1.98203
1.97551
1.97442
1.96976
1.96597
1.96242
1.95617
1.95504
1.98201
1.97548
1.97441
1.96976
1.96601
1.96244
1.95625
1.95498
1.98174
1.97523
1.9742
1.96954
1.9659
1.96221
1.95645
1.95457
1.98136
1.97456
1.97347
1.96851
1.96478
1.96042
1.955
1.95112
1.98059
1.97392
1.97288
1.96791
1.96452
1.95972
1.95574
1.94975
1.98003
1.97242
1.97117
1.96526
1.96149
1.95457
1.95114
1.93893
1.97887
1.972
1.97099
1.96546
1.96284
1.95584
1.95622
1.94194
1.9783
1.96966
1.96823
1.96068
1.95739
1.9451
1.94708
1.91414
2.81099
3.04707
3.18717
3.4764
3.57062
4.12715
3.79371
5.30407
2.80361
3.01816
3.16339
3.39767
3.55929
3.88885
3.93038
4.54093
2.79134
2.98951
3.12901
3.33276
3.50318
3.74241
3.86142
4.2025
2.7812
2.96363
3.09805
3.2801
3.45098
3.63502
3.8058
3.98491
2.77304
2.94558
3.07447
3.2441
3.40765
3.5665
3.73784
3.85465
2.76899
2.93648
3.06293
3.22708
3.38676
3.53658
3.70797
3.80537
2.76899
2.93648
3.06293
3.22708
3.38676
3.53658
3.70797
3.80536
2.77304
2.94558
3.07447
3.2441
3.40765
3.5665
3.73785
3.85465
2.7812
2.96363
3.09804
3.2801
3.45098
3.635
3.80581
3.98488
2.79134
2.98951
3.12901
3.33277
3.50319
3.74241
3.86144
4.20253
2.80361
3.01816
3.16339
3.39767
3.55929
3.88882
3.93037
4.54086
2.81099
3.04702
3.18717
3.47641
3.57063
4.12725
3.79368
5.30433
2.18218
2.34145
2.28338
2.39056
2.36836
2.50573
2.40602
2.76639
2.17692
2.33123
2.27344
2.36552
2.35974
2.4346
2.42796
2.54651
2.16829
2.32311
2.26241
2.34959
2.34584
2.40185
2.41062
2.4748
2.1611
2.3147
2.25215
2.33478
2.33282
2.37248
2.40127
2.41162
2.15504
2.30851
2.24363
2.32367
2.32077
2.35139
2.3847
2.36692
2.15194
2.30526
2.23945
2.31835
2.31522
2.34193
2.37857
2.34817
2.15194
2.30526
2.23945
2.31835
2.31522
2.34193
2.37856
2.34817
2.15504
2.30851
2.24363
2.32367
2.32077
2.35139
2.3847
2.36693
2.1611
2.3147
2.25215
2.33478
2.33282
2.37248
2.40126
2.41163
2.16829
2.32311
2.26241
2.34959
2.34583
2.40185
2.41061
2.4748
2.17692
2.33123
2.27343
2.36552
2.35974
2.4346
2.42796
2.54653
2.18218
2.34147
2.28339
2.39056
2.36836
2.5057
2.40602
2.76627
2.19246
2.17846
2.2264
2.24819
2.28506
2.34223
2.36131
2.49492
2.18997
2.17117
2.2181
2.23211
2.27094
2.30285
2.34623
2.38524
2.18622
2.16604
2.21207
2.22398
2.26156
2.28997
2.33054
2.36663
2.1835
2.16061
2.20631
2.21548
2.25257
2.27567
2.32042
2.34273
2.18112
2.15679
2.20214
2.20969
2.24613
2.26619
2.31119
2.32583
2.17995
2.15476
2.20006
2.20678
2.24307
2.26162
2.30766
2.31827
2.17995
2.15476
2.20006
2.20678
2.24307
2.26162
2.30766
2.31827
2.18112
2.15679
2.20214
2.20969
2.24613
2.26619
2.31119
2.32583
2.1835
2.16061
2.20631
2.21548
2.25257
2.27567
2.32042
2.34272
2.18622
2.16604
2.21207
2.22398
2.26156
2.28997
2.33055
2.36665
2.18997
2.17118
2.2181
2.23212
2.27094
2.30285
2.34622
2.38522
2.19246
2.17844
2.22639
2.24819
2.28506
2.34227
2.3613
2.49505
2.05043
2.08685
2.075
2.09445
2.09789
2.11567
2.12444
2.15842
2.04899
2.08322
2.07037
2.08644
2.08923
2.097
2.11083
2.10905
2.04676
2.08132
2.06779
2.08379
2.08567
2.09397
2.10448
2.10801
2.04515
2.07903
2.06498
2.08015
2.08137
2.08812
2.09887
2.09891
2.04373
2.07758
2.06319
2.07806
2.07896
2.08502
2.09554
2.09388
2.04304
2.07678
2.06224
2.0769
2.07769
2.08329
2.09408
2.09111
2.04304
2.07678
2.06224
2.0769
2.07769
2.08329
2.09408
2.09111
2.04372
2.07758
2.06319
2.07806
2.07896
2.08503
2.09554
2.09388
2.04515
2.07903
2.06498
2.08015
2.08136
2.08812
2.09886
2.09891
2.04676
2.08132
2.06779
2.08379
2.08567
2.09398
2.10447
2.10801
2.04899
2.08322
2.07036
2.08644
2.08922
2.09699
2.11082
2.10905
2.05043
2.08685
2.075
2.09445
2.09789
2.11567
2.12443
2.15841
2.04629
2.04365
2.05128
2.05542
2.06258
2.07069
2.08018
2.09585
2.04569
2.0417
2.04886
2.05128
2.05775
2.0613
2.07185
2.07139
2.0447
2.04073
2.04771
2.0501
2.05614
2.06026
2.06891
2.07211
2.04409
2.03951
2.04638
2.04828
2.05394
2.05741
2.0658
2.06785
2.04351
2.03877
2.0456
2.04733
2.05288
2.05613
2.06433
2.06595
2.04326
2.03835
2.04518
2.04678
2.05228
2.05532
2.0636
2.0647
2.04326
2.03835
2.04518
2.04678
2.05228
2.05532
2.0636
2.0647
2.04351
2.03877
2.0456
2.04733
2.05288
2.05613
2.06433
2.06595
2.04409
2.03951
2.04638
2.04828
2.05394
2.05741
2.0658
2.06785
2.0447
2.04073
2.04771
2.0501
2.05615
2.06026
2.06891
2.07212
2.04569
2.0417
2.04886
2.05128
2.05775
2.0613
2.07185
2.07139
2.04629
2.04364
2.05128
2.05542
2.06258
2.0707
2.08018
2.09588
2.01208
2.01993
2.01786
2.02191
2.02335
2.02687
2.03045
2.03649
2.01176
2.01901
2.01666
2.01991
2.02093
2.02238
2.02616
2.02495
2.01123
2.0186
2.01613
2.01944
2.02027
2.02206
2.02501
2.02565
2.01089
2.01806
2.01547
2.01857
2.01918
2.02067
2.0234
2.02352
2.01056
2.01774
2.0151
2.01816
2.01871
2.02014
2.02279
2.02276
2.01042
2.01756
2.01488
2.0179
2.01842
2.01976
2.02242
2.02217
2.01042
2.01756
2.01488
2.0179
2.01842
2.01976
2.02242
2.02217
2.01056
2.01774
2.0151
2.01816
2.01871
2.02014
2.02279
2.02276
2.01089
2.01806
2.01547
2.01857
2.01918
2.02067
2.0234
2.02352
2.01122
2.0186
2.01613
2.01944
2.02027
2.02206
2.02501
2.02565
2.01176
2.01901
2.01666
2.01991
2.02093
2.02238
2.02616
2.02495
2.01208
2.01993
2.01786
2.02191
2.02335
2.02687
2.03045
2.0365
2.00913
2.00902
2.01009
2.01106
2.01228
2.01379
2.01567
2.0185
2.00901
2.0086
2.00956
2.01017
2.01119
2.0118
2.0137
2.01338
2.0088
2.00841
2.00935
2.00997
2.01092
2.01169
2.01325
2.01375
2.00868
2.00815
2.00906
2.00958
2.01044
2.01106
2.01253
2.01278
2.00855
2.00801
2.00891
2.0094
2.01025
2.01084
2.01228
2.01247
2.0085
2.00792
2.00882
2.00929
2.01012
2.01067
2.01211
2.0122
2.0085
2.00792
2.00882
2.00929
2.01012
2.01067
2.01211
2.0122
2.00855
2.00801
2.00891
2.0094
2.01025
2.01084
2.01228
2.01247
2.00868
2.00815
2.00906
2.00958
2.01044
2.01106
2.01253
2.01278
2.0088
2.00841
2.00935
2.00997
2.01092
2.01169
2.01325
2.01375
2.00901
2.0086
2.00956
2.01017
2.01119
2.0118
2.01369
2.01338
2.00913
2.00902
2.01009
2.01106
2.01228
2.01379
2.01566
2.01851
2.00208
2.00366
2.00324
2.00402
2.0043
2.00498
2.00567
2.00684
2.00203
2.00348
2.00301
2.00365
2.00384
2.00414
2.00482
2.00468
2.00193
2.00341
2.00292
2.00357
2.00373
2.00409
2.00465
2.00484
2.00187
2.0033
2.0028
2.0034
2.00352
2.00382
2.00434
2.00441
2.00181
2.00324
2.00273
2.00332
2.00344
2.00373
2.00424
2.00428
2.00178
2.00321
2.00269
2.00327
2.00338
2.00366
2.00417
2.00416
2.00178
2.00321
2.00269
2.00327
2.00338
2.00366
2.00417
2.00416
2.00181
2.00324
2.00273
2.00332
2.00344
2.00373
2.00424
2.00428
2.00187
2.0033
2.0028
2.0034
2.00352
2.00382
2.00434
2.00441
2.00193
2.00341
2.00292
2.00357
2.00373
2.00409
2.00465
2.00484
2.00203
2.00348
2.00301
2.00365
2.00384
2.00414
2.00482
2.00468
2.00208
2.00366
2.00324
2.00402
2.0043
2.00498
2.00567
2.00684
2.00168
2.00137
2.00169
2.00177
2.00199
2.00221
2.0025
2.00296
2.00166
2.00131
2.0016
2.00163
2.00181
2.0019
2.00218
2.00215
2.00162
2.00128
2.00157
2.0016
2.00177
2.00188
2.00212
2.00221
2.0016
2.00124
2.00152
2.00154
2.00169
2.00178
2.00201
2.00205
2.00158
2.00122
2.0015
2.00151
2.00166
2.00175
2.00197
2.002
2.00157
2.0012
2.00148
2.00149
2.00164
2.00172
2.00194
2.00196
2.00157
2.0012
2.00148
2.00149
2.00164
2.00172
2.00194
2.00196
2.00158
2.00122
2.0015
2.00151
2.00166
2.00175
2.00197
2.002
2.0016
2.00124
2.00152
2.00154
2.00169
2.00178
2.00201
2.00205
2.00162
2.00128
2.00157
2.0016
2.00177
2.00188
2.00212
2.00221
2.00166
2.00131
2.0016
2.00163
2.00181
2.0019
2.00218
2.00215
2.00168
2.00137
2.00169
2.00177
2.00199
2.00221
2.0025
2.00296
1.99942
2.00039
1.99987
2.00017
2.00006
2.00016
2.00017
2.00027
1.99942
2.00038
1.99985
2.00014
2.00003
2.0001
2.00011
2.0001
1.99942
2.00037
1.99985
2.00014
2.00002
2.00009
2.0001
2.00012
1.99943
2.00036
1.99984
2.00013
2.00001
2.00007
2.00008
2.00008
1.99943
2.00036
1.99984
2.00012
2
2.00007
2.00007
2.00007
1.99943
2.00035
1.99984
2.00012
2
2.00006
2.00007
2.00006
1.99943
2.00035
1.99984
2.00012
2
2.00006
2.00007
2.00006
1.99943
2.00036
1.99984
2.00012
2
2.00007
2.00007
2.00007
1.99943
2.00036
1.99984
2.00013
2.00001
2.00007
2.00008
2.00008
1.99942
2.00037
1.99985
2.00014
2.00002
2.00009
2.0001
2.00012
1.99942
2.00038
1.99985
2.00014
2.00003
2.0001
2.00011
2.0001
1.99942
2.00039
1.99987
2.00017
2.00006
2.00016
2.00017
2.00027
2.00124
1.99925
2.00043
1.99975
2.00005
1.99986
1.99988
1.99976
2.00123
1.99927
2.00044
1.99979
2.00009
1.99995
1.99996
1.99999
2.00123
1.99929
2.00044
1.9998
2.0001
1.99995
1.99998
1.99997
2.00121
1.9993
2.00045
1.99982
2.00012
1.99998
2.00001
2.00002
2.0012
1.99931
2.00045
1.99982
2.00012
1.99999
2.00002
2.00003
2.0012
1.99932
2.00045
1.99983
2.00013
2
2.00003
2.00004
2.0012
1.99932
2.00045
1.99983
2.00013
2
2.00003
2.00004
2.0012
1.99931
2.00045
1.99982
2.00012
1.99999
2.00002
2.00003
2.00121
1.9993
2.00045
1.99982
2.00012
1.99998
2.00001
2.00002
2.00123
1.99929
2.00044
1.9998
2.0001
1.99995
1.99998
1.99997
2.00123
1.99927
2.00044
1.99979
2.00009
1.99995
1.99996
1.99999
2.00124
1.99925
2.00043
1.99975
2.00005
1.99986
1.99988
1.99977
1.99493
1.99853
1.99584
1.99684
1.99572
1.99553
1.99476
1.99389
1.99499
1.99862
1.99599
1.99707
1.99601
1.99605
1.99526
1.99524
1.99509
1.99866
1.99607
1.99712
1.99609
1.99609
1.99539
1.99518
1.99517
1.99871
1.99616
1.99722
1.99623
1.99626
1.99559
1.99543
1.99523
1.99873
1.99622
1.99727
1.99629
1.99632
1.99566
1.99551
1.99527
1.99875
1.99625
1.9973
1.99632
1.99636
1.99571
1.99558
1.99527
1.99875
1.99625
1.9973
1.99632
1.99636
1.99571
1.99558
1.99523
1.99873
1.99622
1.99727
1.99629
1.99632
1.99566
1.99551
1.99517
1.99871
1.99616
1.99722
1.99623
1.99626
1.99559
1.99543
1.99509
1.99866
1.99607
1.99712
1.99609
1.99609
1.99539
1.99517
1.99499
1.99862
1.99599
1.99707
1.99601
1.99605
1.99526
1.99525
1.99493
1.99853
1.99584
1.99684
1.99572
1.99553
1.99476
1.99389
2.00258
1.99277
1.99884
1.99471
1.99638
1.99477
1.9947
1.9931
2.00255
1.99303
1.99907
1.9952
1.99692
1.99589
1.99566
1.99598
2.0026
1.99317
1.99916
1.99533
1.99706
1.99596
1.99594
1.99582
2.00257
1.99336
1.99927
1.99555
1.99729
1.9963
1.99628
1.99637
2.00258
1.99347
1.99933
1.99566
1.9974
1.99645
1.99643
1.9966
2.00257
1.99354
1.99936
1.99573
1.99746
1.99655
1.99651
1.99677
2.00257
1.99354
1.99936
1.99573
1.99746
1.99655
1.99651
1.99677
2.00258
1.99347
1.99933
1.99566
1.9974
1.99645
1.99643
1.9966
2.00257
1.99336
1.99927
1.99555
1.99729
1.9963
1.99628
1.99637
2.0026
1.99317
1.99916
1.99533
1.99706
1.99596
1.99594
1.99582
2.00255
1.99303
1.99907
1.9952
1.99692
1.99589
1.99566
1.99598
2.00258
1.99277
1.99884
1.99471
1.99638
1.99477
1.9947
1.9931
1.96711
1.97259
1.96082
1.95864
1.95011
1.94167
1.93504
1.91654
1.96765
1.97366
1.96229
1.96116
1.95271
1.94778
1.93868
1.93335
1.96838
1.97419
1.96308
1.96199
1.95374
1.9489
1.94034
1.93447
1.96897
1.97486
1.96402
1.96317
1.95515
1.95095
1.94219
1.938
1.96944
1.97525
1.96458
1.9638
1.95589
1.95194
1.94319
1.93971
1.96968
1.97548
1.9649
1.96417
1.95631
1.95253
1.94372
1.94071
1.96968
1.97548
1.9649
1.96417
1.95631
1.95253
1.94372
1.94071
1.96944
1.97525
1.96458
1.9638
1.95589
1.95194
1.94319
1.93971
1.96897
1.97486
1.96402
1.96317
1.95515
1.95095
1.94219
1.938
1.96838
1.97419
1.96308
1.96199
1.95374
1.9489
1.94034
1.93447
1.96765
1.97366
1.96229
1.96116
1.95271
1.94778
1.93869
1.93335
1.96711
1.97259
1.96082
1.95864
1.95011
1.94167
1.93504
1.91654
1.98098
1.9734
1.97175
1.9654
1.96135
1.95309
1.94966
1.93302
1.98131
1.97438
1.97292
1.96759
1.96345
1.95843
1.9524
1.9478
1.98186
1.97493
1.97361
1.9684
1.96439
1.95958
1.95389
1.94923
1.98223
1.9756
1.97437
1.96948
1.9656
1.96145
1.95543
1.95253
1.98257
1.97603
1.97486
1.97011
1.9663
1.96245
1.9564
1.95433
1.98272
1.97627
1.97513
1.97046
1.96668
1.96301
1.95687
1.95531
1.98272
1.97627
1.97513
1.97046
1.96668
1.96301
1.95687
1.95531
1.98257
1.97603
1.97486
1.97011
1.9663
1.96245
1.9564
1.95433
1.98223
1.9756
1.97437
1.96948
1.9656
1.96145
1.95543
1.95253
1.98186
1.97493
1.97361
1.9684
1.96439
1.95958
1.9539
1.94923
1.98131
1.97438
1.97292
1.96759
1.96345
1.95843
1.9524
1.94781
1.98098
1.9734
1.97175
1.9654
1.96135
1.95309
1.94966
1.93301
2.7733
2.99478
3.12219
3.38763
3.47686
3.97378
3.69188
4.99944
2.77665
2.98238
3.12135
3.34243
3.5049
3.80207
3.88792
4.39022
2.76849
2.95713
3.08779
3.27777
3.43996
3.6514
3.77838
4.04358
2.76442
2.94096
3.07035
3.24489
3.41138
3.58227
3.75924
3.90533
2.75923
2.9268
3.05057
3.2136
3.37122
3.5199
3.68831
3.78472
2.75861
2.92275
3.04577
3.20579
3.36139
3.5059
3.67412
3.76366
2.76084
2.9258
3.04934
3.21031
3.36621
3.51251
3.67887
3.77391
2.767
2.93789
3.06474
3.23242
3.39312
3.55072
3.71683
3.83714
2.77671
2.95778
3.0904
3.27092
3.43884
3.62258
3.78599
3.9723
2.7884
2.98608
3.12468
3.32819
3.49674
3.73835
3.85056
4.20646
2.80165
3.0152
3.15906
3.3925
3.55068
3.88198
3.91062
4.5375
2.81054
3.04692
3.18714
3.47725
3.5708
4.13152
3.79182
5.32258
2.22226
2.36457
2.32395
2.43124
2.41068
2.57933
2.43929
2.93085
2.20716
2.3447
2.29741
2.38476
2.37463
2.46339
2.41564
2.60335
2.19215
2.33747
2.28764
2.37461
2.37451
2.44454
2.44184
2.55689
2.17951
2.32333
2.26784
2.34717
2.34593
2.38923
2.40755
2.43698
2.16928
2.31616
2.25756
2.33591
2.33575
2.36942
2.40103
2.39481
2.16289
2.31031
2.24896
2.32557
2.32401
2.35083
2.38641
2.35876
2.16023
2.30915
2.2469
2.3241
2.32266
2.34913
2.38669
2.35632
2.1612
2.31111
2.24878
2.3272
2.3255
2.35505
2.38967
2.36916
2.16552
2.31659
2.256
2.33744
2.33673
2.37518
2.40648
2.41257
2.17117
2.32404
2.26451
2.35043
2.34749
2.40133
2.41272
2.46936
2.17868
2.33207
2.27528
2.36677
2.36248
2.43546
2.4342
2.54397
2.18264
2.34133
2.28339
2.38975
2.3681
2.50273
2.4068
2.75572
2.2008
2.20013
2.24049
2.27235
2.30117
2.38354
2.36704
2.60131
2.19783
2.18409
2.22359
2.24082
2.26794
2.3121
2.31498
2.4122
2.19169
2.17937
2.22133
2.2388
2.27295
2.31385
2.34016
2.41992
2.18837
2.16886
2.21052
2.22114
2.25375
2.28029
2.31228
2.35099
2.18428
2.16391
2.20651
2.21593
2.25069
2.27338
2.31415
2.33806
2.18239
2.15949
2.20229
2.20953
2.24405
2.26248
2.30558
2.31734
2.18145
2.15828
2.20167
2.20881
2.24412
2.26211
2.30751
2.31669
2.18212
2.15908
2.20285
2.21037
2.246
2.2647
2.30983
2.32062
2.184
2.16218
2.20675
2.21586
2.2527
2.27427
2.3206
2.33777
2.18654
2.16676
2.21193
2.22335
2.26077
2.28682
2.32944
2.35775
2.18999
2.17178
2.21838
2.23217
2.27181
2.3015
2.34964
2.37954
2.19258
2.17831
2.22613
2.24727
2.28462
2.33916
2.36196
2.48502
2.06433
2.09933
2.09075
2.11292
2.11538
2.14765
2.13765
2.23163
2.06112
2.09107
2.0798
2.09538
2.09406
2.1091
2.10033
2.1348
2.056
2.08982
2.07855
2.0962
2.09828
2.11439
2.11723
2.14895
2.05317
2.08464
2.07196
2.08672
2.08705
2.0963
2.10021
2.11209
2.04975
2.08251
2.06948
2.0845
2.08583
2.09385
2.10251
2.10783
2.04791
2.0802
2.06658
2.08077
2.08166
2.08742
2.09719
2.09564
2.04662
2.07936
2.06557
2.07985
2.08099
2.08632
2.09755
2.09371
2.04642
2.07927
2.06537
2.07967
2.08081
2.0859
2.09737
2.0925
2.04696
2.08022
2.06659
2.08132
2.08305
2.08861
2.10156
2.0969
2.048
2.0818
2.06846
2.08372
2.08593
2.09212
2.10504
2.10084
2.04961
2.08376
2.07124
2.08704
2.09096
2.09686
2.11588
2.10513
2.05071
2.08667
2.07484
2.09362
2.09749
2.11281
2.12504
2.14852
2.05034
2.05147
2.05772
2.0648
2.0705
2.08605
2.08602
2.13153
2.04969
2.04692
2.05252
2.05585
2.05942
2.06673
2.06555
2.08324
2.04771
2.04609
2.05233
2.0565
2.06196
2.07017
2.07459
2.09217
2.04691
2.04327
2.04932
2.05175
2.0564
2.06125
2.06585
2.07403
2.04557
2.04202
2.04833
2.05071
2.05602
2.06035
2.06734
2.07257
2.04497
2.04071
2.04702
2.04883
2.05401
2.05718
2.06475
2.06652
2.04447
2.04014
2.04657
2.04832
2.05371
2.0566
2.06501
2.06546
2.04441
2.03998
2.04646
2.04813
2.05358
2.05623
2.06492
2.06446
2.04464
2.04036
2.047
2.04884
2.05463
2.05736
2.06704
2.06606
2.04509
2.0411
2.04786
2.04993
2.05604
2.05881
2.06895
2.06715
2.04583
2.04208
2.04924
2.05157
2.05868
2.06103
2.07485
2.06856
2.04641
2.04354
2.05112
2.05487
2.06228
2.06882
2.08054
2.08945
2.01568
2.02358
2.02203
2.02686
2.02807
2.0349
2.0343
2.05418
2.01503
2.02154
2.01937
2.02262
2.02264
2.02576
2.02428
2.03159
2.01378
2.02124
2.01912
2.02293
2.02375
2.0274
2.02847
2.03593
2.01317
2.01997
2.01756
2.02068
2.02103
2.02318
2.02424
2.02738
2.01233
2.01941
2.01697
2.02015
2.02076
2.02269
2.02484
2.02661
2.01188
2.0188
2.01625
2.01922
2.01972
2.02112
2.02354
2.02364
2.01151
2.01851
2.01594
2.0189
2.01948
2.02073
2.02355
2.02293
2.0114
2.01839
2.0158
2.01873
2.01932
2.02042
2.02341
2.02221
2.01145
2.01852
2.01598
2.01898
2.01974
2.02082
2.02435
2.02271
2.01162
2.0188
2.01633
2.0194
2.02032
2.02133
2.02517
2.02285
2.01194
2.01923
2.01696
2.02014
2.02156
2.02232
2.02807
2.0234
2.01218
2.01986
2.01779
2.02159
2.02317
2.02578
2.03066
2.03268
2.01017
2.01088
2.01169
2.01326
2.01425
2.01726
2.0173
2.02623
2.01004
2.00992
2.01058
2.01139
2.01186
2.01323
2.0128
2.01622
2.0096
2.00975
2.01053
2.01153
2.0124
2.014
2.01472
2.01823
2.00944
2.00915
2.00989
2.01054
2.01122
2.01215
2.01286
2.01446
2.00913
2.00887
2.00966
2.01031
2.01112
2.01195
2.01315
2.01414
2.00899
2.00857
2.00937
2.00989
2.01067
2.01126
2.01258
2.01282
2.00886
2.00843
2.00924
2.00975
2.01056
2.01108
2.01259
2.01249
2.00883
2.00836
2.00918
2.00966
2.01049
2.01093
2.01253
2.01214
2.00885
2.0084
2.00926
2.00977
2.01067
2.0111
2.01294
2.01233
2.00893
2.00852
2.0094
2.00994
2.01091
2.0113
2.01329
2.01232
2.00906
2.00871
2.00968
2.01027
2.01148
2.01175
2.01462
2.01258
2.00917
2.00899
2.01005
2.0109
2.01219
2.01324
2.01576
2.01659
2.00278
2.00441
2.00406
2.005
2.00524
2.0065
2.00647
2.01012
2.00267
2.00403
2.00357
2.00422
2.00423
2.00483
2.00459
2.00597
2.00244
2.00397
2.00352
2.00427
2.00443
2.00513
2.00535
2.00677
2.00233
2.00373
2.00323
2.00386
2.00393
2.00436
2.00457
2.00521
2.00217
2.00361
2.00312
2.00375
2.00387
2.00425
2.00467
2.00504
2.00209
2.00349
2.00298
2.00357
2.00367
2.00396
2.00442
2.00449
2.00201
2.00343
2.00292
2.0035
2.00361
2.00387
2.00441
2.00433
2.00199
2.0034
2.00288
2.00346
2.00357
2.0038
2.00438
2.00417
2.00199
2.00341
2.00291
2.00349
2.00364
2.00386
2.00455
2.00423
2.00201
2.00346
2.00296
2.00356
2.00374
2.00393
2.00469
2.00421
2.00207
2.00354
2.00308
2.0037
2.00398
2.00413
2.00525
2.00432
2.00211
2.00365
2.00322
2.00395
2.00426
2.00473
2.00571
2.00597
2.00187
2.00168
2.00196
2.00213
2.00232
2.00277
2.0028
2.00417
2.00184
2.00153
2.00179
2.00184
2.00195
2.00215
2.00209
2.00262
2.00177
2.0015
2.00178
2.00186
2.00202
2.00226
2.00238
2.00292
2.00174
2.00141
2.00167
2.00171
2.00184
2.00198
2.00209
2.00234
2.00169
2.00137
2.00163
2.00167
2.00182
2.00194
2.00213
2.00228
2.00166
2.00132
2.00158
2.0016
2.00175
2.00183
2.00204
2.00207
2.00164
2.00129
2.00156
2.00157
2.00173
2.0018
2.00203
2.00201
2.00163
2.00128
2.00155
2.00156
2.00171
2.00177
2.00202
2.00195
2.00163
2.00128
2.00156
2.00157
2.00174
2.00179
2.00208
2.00197
2.00165
2.0013
2.00158
2.0016
2.00177
2.00182
2.00213
2.00196
2.00167
2.00133
2.00163
2.00165
2.00186
2.00189
2.00235
2.00201
2.00168
2.00137
2.00168
2.00174
2.00197
2.00212
2.00252
2.00261
1.99943
2.00048
1.99991
2.00025
2.00013
2.00028
2.00024
2.00052
1.99944
2.00044
1.99988
2.00019
2.00006
2.00015
2.00009
2.0002
1.99943
2.00043
1.99988
2.0002
2.00008
2.00017
2.00016
2.00027
1.99944
2.00041
1.99987
2.00017
2.00004
2.00012
2.0001
2.00015
1.99944
2.0004
1.99986
2.00016
2.00004
2.00011
2.00011
2.00013
1.99944
2.00038
1.99985
2.00014
2.00002
2.00009
2.00009
2.00009
1.99944
2.00038
1.99985
2.00014
2.00002
2.00008
2.00009
2.00007
1.99943
2.00037
1.99985
2.00013
2.00001
2.00007
2.00008
2.00006
1.99943
2.00038
1.99985
2.00013
2.00002
2.00008
2.0001
2.00006
1.99943
2.00038
1.99985
2.00014
2.00002
2.00008
2.0001
2.00006
1.99943
2.00039
1.99986
2.00015
2.00004
2.00009
2.00015
2.00007
1.99942
2.00039
1.99986
2.00017
2.00006
2.00014
2.00018
2.00019
2.00132
1.99912
2.00041
1.99965
1.99999
1.99971
1.99984
1.99939
2.00128
1.99918
2.00045
1.99974
2.0001
1.9999
2.00005
1.99988
2.00127
1.9992
2.00043
1.99972
2.00005
1.99985
1.99993
1.99975
2.00123
1.99924
2.00044
1.99977
2.0001
1.99994
2.00002
1.99995
2.00122
1.99926
2.00044
1.99978
2.00009
1.99994
1.99999
1.99996
2.00121
1.99928
2.00044
1.9998
2.00011
1.99998
2.00001
2.00003
2.00121
1.99929
2.00044
1.99981
2.00011
1.99998
2.00001
2.00004
2.00121
1.99929
2.00045
1.99981
2.00012
1.99999
2.00001
2.00006
2.00122
1.99929
2.00045
1.99981
2.00011
1.99998
1.99999
2.00004
2.00123
1.99928
2.00045
1.9998
2.0001
1.99998
1.99998
2.00005
2.00124
1.99927
2.00044
1.99979
2.00008
1.99996
1.99992
2.00004
2.00124
1.99925
2.00043
1.99976
2.00005
1.99989
1.99988
1.99986
1.99433
1.99823
1.99529
1.99633
1.99517
1.99467
1.99432
1.99206
1.99447
1.99842
1.99561
1.99678
1.99577
1.99566
1.99539
1.99452
1.99469
1.99844
1.99569
1.99676
1.99569
1.99553
1.99501
1.99412
1.99482
1.99855
1.99589
1.997
1.996
1.99598
1.99547
1.99501
1.99497
1.99859
1.99598
1.99706
1.99605
1.99604
1.99543
1.9951
1.99505
1.99864
1.99607
1.99716
1.99617
1.99621
1.99557
1.99541
1.99511
1.99867
1.99611
1.99719
1.9962
1.99625
1.99558
1.99549
1.99511
1.99868
1.99613
1.99721
1.99621
1.99628
1.99559
1.99556
1.99509
1.99867
1.9961
1.99718
1.99616
1.99623
1.99548
1.99551
1.99503
1.99864
1.99604
1.99712
1.99608
1.99617
1.99537
1.99547
1.99497
1.9986
1.99595
1.99704
1.99594
1.99605
1.99505
1.9954
1.99491
1.99854
1.99584
1.99687
1.99574
1.99564
1.99473
1.9943
2.00255
1.99142
1.99822
1.99334
1.99541
1.99266
1.99395
1.9882
2.00235
1.99209
1.99875
1.9945
1.99678
1.99514
1.99662
1.99436
2.0025
1.99224
1.99867
1.99438
1.99631
1.99456
1.99517
1.99298
2.00239
1.99268
1.99896
1.99501
1.99699
1.99574
1.99629
1.99547
2.00246
1.99289
1.99902
1.99514
1.99697
1.99583
1.99599
1.99563
2.00244
1.99311
1.99915
1.9954
1.99722
1.99626
1.99633
1.99648
2.00249
1.99321
1.9992
1.99548
1.99726
1.99635
1.99629
1.99664
2.00251
1.99325
1.99923
1.99553
1.9973
1.99643
1.99633
1.99683
2.00253
1.9932
1.9992
1.99545
1.99719
1.99631
1.99608
1.99664
2.00257
1.9931
1.99915
1.99535
1.99708
1.99619
1.99593
1.99661
2.00255
1.99296
1.99902
1.99516
1.99677
1.99593
1.99518
1.99643
2.00256
1.99278
1.99886
1.9948
1.99643
1.99507
1.99464
1.99414
1.96295
1.969
1.95623
1.95334
1.94519
1.9324
1.93164
1.89506
1.96416
1.97143
1.95958
1.95866
1.95143
1.94436
1.94198
1.92594
1.96563
1.97178
1.95997
1.95848
1.95018
1.94311
1.93686
1.92278
1.96667
1.97328
1.96204
1.96136
1.95361
1.94872
1.94199
1.93439
1.9677
1.97386
1.96279
1.96201
1.95398
1.9495
1.94133
1.93586
1.96831
1.97451
1.96368
1.96311
1.95524
1.95144
1.94295
1.93957
1.96867
1.97474
1.96396
1.96336
1.95541
1.95173
1.9428
1.94009
1.9687
1.97477
1.96398
1.96337
1.9554
1.95176
1.94273
1.94025
1.96846
1.9745
1.96356
1.96285
1.95467
1.95084
1.9414
1.93865
1.96804
1.97405
1.96291
1.96203
1.95368
1.94949
1.94018
1.93666
1.96748
1.97349
1.96202
1.96097
1.95216
1.9478
1.93711
1.93447
1.96703
1.97264
1.96088
1.95889
1.95023
1.94253
1.93485
1.91949
1.9783
1.96966
1.96823
1.96068
1.95739
1.9451
1.94708
1.91414
1.97887
1.972
1.97099
1.96546
1.96284
1.95584
1.95622
1.94194
1.98003
1.97242
1.97117
1.96526
1.96149
1.95457
1.95114
1.93893
1.98059
1.97392
1.97288
1.96791
1.96452
1.95972
1.95574
1.94975
1.98136
1.97456
1.97347
1.96851
1.96478
1.96042
1.955
1.95112
1.98174
1.97523
1.9742
1.96954
1.9659
1.96221
1.95645
1.95457
1.98201
1.97548
1.97441
1.96976
1.96601
1.96244
1.95625
1.95498
1.98203
1.97551
1.97442
1.96976
1.96597
1.96242
1.95617
1.95504
1.98188
1.97523
1.97405
1.96923
1.96528
1.96148
1.95489
1.95334
1.98162
1.97478
1.97351
1.96848
1.96442
1.96023
1.95389
1.95143
1.98121
1.97422
1.97274
1.96747
1.96303
1.95857
1.95109
1.94907
1.98092
1.97344
1.97181
1.96565
1.96147
1.95393
1.94949
1.93587
3.48072
3.49826
3.59786
3.67532
3.71092
3.73479
3.73479
3.71093
3.67534
3.59791
3.49834
3.48075
3.86786
4.09917
4.09559
4.20136
4.19715
4.21603
4.21603
4.19716
4.20137
4.09562
4.09915
3.86786
3.71307
4.09323
4.18365
4.3143
4.36032
4.38974
4.38974
4.36033
4.31431
4.18367
4.09327
3.7131
3.92785
4.29579
4.39081
4.54095
4.57799
4.61296
4.61296
4.578
4.54096
4.39083
4.29579
3.92784
3.89911
4.34248
4.46271
4.62506
4.67782
4.71592
4.71592
4.67782
4.62507
4.46272
4.34249
3.89912
3.94958
4.40301
4.53072
4.70265
4.75711
4.79824
4.79824
4.7571
4.70265
4.53072
4.403
3.94958
3.94642
4.41832
4.54749
4.72758
4.78569
4.82951
4.82951
4.78569
4.72758
4.54749
4.41832
3.94643
3.91874
4.39321
4.52059
4.7013
4.76327
4.80823
4.80823
4.76326
4.70129
4.52058
4.3932
3.91874
3.9099
4.37424
4.4732
4.66265
4.71686
4.76467
4.76467
4.71685
4.66264
4.47319
4.37423
3.90992
3.77394
4.22209
4.31372
4.48824
4.54678
4.59117
4.59117
4.54676
4.48822
4.3137
4.22205
3.77392
3.77305
4.20908
4.22292
4.39127
4.42208
4.46293
4.46293
4.42207
4.39126
4.22291
4.2091
3.77308
3.58063
3.8187
3.79323
3.94781
3.95183
3.98728
3.98728
3.95182
3.9478
3.79318
3.81863
3.58061
2.39171
2.55903
2.43645
2.52558
2.49068
2.50669
2.50669
2.49067
2.52557
2.43643
2.559
2.39169
2.29916
2.5597
2.53528
2.60171
2.61303
2.62934
2.62934
2.61302
2.6017
2.53526
2.55969
2.29914
2.3998
2.56995
2.59191
2.65596
2.66986
2.68674
2.68673
2.66985
2.65595
2.59189
2.56993
2.39979
2.4047
2.58849
2.62309
2.69333
2.71522
2.73356
2.73355
2.71521
2.69332
2.62308
2.58849
2.40469
2.44512
2.58804
2.64607
2.70753
2.73396
2.75116
2.75116
2.73396
2.70752
2.64606
2.58804
2.44511
2.45298
2.59017
2.65196
2.71355
2.74095
2.75815
2.75815
2.74095
2.71355
2.65195
2.59017
2.45297
2.45995
2.58683
2.65
2.70806
2.7347
2.75097
2.75097
2.7347
2.70806
2.65
2.58683
2.45995
2.44063
2.57266
2.63218
2.68832
2.71397
2.72946
2.72946
2.71397
2.68832
2.63218
2.57266
2.44063
2.43912
2.56875
2.61177
2.66577
2.68475
2.69911
2.69911
2.68475
2.66577
2.61177
2.56874
2.43912
2.37765
2.52231
2.55809
2.60796
2.62665
2.64022
2.64022
2.62666
2.60797
2.5581
2.52231
2.37765
2.40513
2.54482
2.5234
2.56516
2.56633
2.57586
2.57586
2.56633
2.56516
2.5234
2.54481
2.40513
2.35742
2.38978
2.37322
2.42868
2.43395
2.45115
2.45115
2.43395
2.42869
2.37323
2.38981
2.35743
2.43046
2.53004
2.41499
2.45776
2.41765
2.42212
2.42212
2.41766
2.45776
2.41501
2.53007
2.43048
2.30671
2.49975
2.4835
2.52967
2.53735
2.54863
2.54863
2.53735
2.52967
2.48351
2.49974
2.30672
2.39582
2.52533
2.55438
2.61022
2.62595
2.64177
2.64177
2.62595
2.61023
2.5544
2.52535
2.39584
2.37078
2.53861
2.5892
2.66482
2.69636
2.71816
2.71816
2.69636
2.66482
2.5892
2.53861
2.37078
2.40223
2.54562
2.62285
2.7009
2.74179
2.76621
2.76621
2.74179
2.70091
2.62286
2.54562
2.40223
2.40332
2.55094
2.63617
2.72017
2.76591
2.79244
2.79244
2.76591
2.72017
2.63617
2.55095
2.40332
2.41179
2.55164
2.6394
2.72164
2.76778
2.79409
2.79409
2.76778
2.72165
2.63941
2.55165
2.4118
2.40553
2.54241
2.62457
2.70146
2.74457
2.76907
2.76907
2.74457
2.70146
2.62458
2.54241
2.40554
2.41304
2.53846
2.6022
2.66928
2.70281
2.72364
2.72364
2.70281
2.66928
2.6022
2.53847
2.41305
2.39278
2.50521
2.55258
2.60199
2.62684
2.64239
2.64239
2.62684
2.60199
2.55258
2.5052
2.39277
2.42017
2.51386
2.50843
2.54049
2.54522
2.55379
2.55379
2.54522
2.54049
2.50843
2.51387
2.42019
2.42249
2.40995
2.39287
2.40988
2.40762
2.41419
2.41419
2.40761
2.40988
2.39285
2.40992
2.42248
2.16419
2.22146
2.14944
2.17196
2.14666
2.14857
2.14857
2.14666
2.17195
2.14944
2.22145
2.16419
2.07754
2.18173
2.1661
2.18735
2.18864
2.19344
2.19344
2.18864
2.18735
2.1661
2.18172
2.07753
2.12978
2.18875
2.19404
2.21738
2.22062
2.22693
2.22693
2.22062
2.21738
2.19404
2.18875
2.12978
2.10593
2.18463
2.19923
2.23173
2.24314
2.25219
2.25219
2.24314
2.23173
2.19923
2.18463
2.10592
2.12247
2.18201
2.20943
2.2413
2.2569
2.26692
2.26692
2.2569
2.2413
2.20943
2.18201
2.12247
2.12048
2.18001
2.21068
2.24456
2.26231
2.27313
2.27313
2.26231
2.24455
2.21068
2.18001
2.12048
2.12535
2.17861
2.21053
2.2425
2.26006
2.27043
2.27043
2.26005
2.2425
2.21052
2.1786
2.12535
2.12349
2.1746
2.20426
2.233
2.24874
2.25793
2.25793
2.24874
2.233
2.20426
2.1746
2.12349
2.13022
2.17549
2.19734
2.22087
2.23177
2.23891
2.23891
2.23177
2.22087
2.19734
2.17549
2.13022
2.12437
2.1643
2.18005
2.19496
2.20198
2.20655
2.20655
2.20198
2.19495
2.18005
2.16429
2.12437
2.14339
2.17449
2.16644
2.17448
2.17256
2.17428
2.17428
2.17256
2.17448
2.16644
2.17449
2.1434
2.14905
2.12955
2.12151
2.12252
2.11998
2.12138
2.12138
2.11998
2.12252
2.12151
2.12955
2.14906
2.10577
2.13464
2.0972
2.10808
2.09477
2.0955
2.0955
2.09477
2.10808
2.0972
2.13465
2.10577
2.05989
2.11525
2.1085
2.12025
2.12148
2.12421
2.12421
2.12148
2.12024
2.1085
2.11525
2.0599
2.08779
2.12108
2.12643
2.14045
2.14351
2.14745
2.14745
2.14351
2.14045
2.12643
2.12108
2.08779
2.07504
2.12004
2.13147
2.15146
2.15968
2.16555
2.16555
2.15968
2.15146
2.13147
2.12004
2.07504
2.08396
2.11985
2.13876
2.15938
2.17045
2.17721
2.17721
2.17045
2.15938
2.13876
2.11985
2.08397
2.08309
2.11938
2.14055
2.16271
2.17534
2.18274
2.18274
2.17534
2.16271
2.14055
2.11938
2.08309
2.08587
2.11881
2.14077
2.16199
2.17459
2.1818
2.1818
2.1746
2.16199
2.14077
2.11881
2.08587
2.08525
2.11646
2.13696
2.15606
2.16742
2.17384
2.17384
2.16742
2.15606
2.13696
2.11646
2.08526
2.08892
2.11602
2.1319
2.1474
2.15572
2.16072
2.16072
2.15572
2.1474
2.13191
2.11602
2.08893
2.08637
2.10925
2.12086
2.13069
2.13617
2.13937
2.13937
2.13617
2.13069
2.12086
2.10925
2.08637
2.09618
2.11248
2.11083
2.11588
2.11598
2.11728
2.11728
2.11599
2.11589
2.11083
2.11249
2.09618
2.099
2.08764
2.08495
2.08463
2.08374
2.08429
2.08429
2.08374
2.08463
2.08495
2.08764
2.099
2.04226
2.05598
2.0379
2.04295
2.03658
2.03688
2.03688
2.03658
2.04295
2.0379
2.05598
2.04226
2.01979
2.04574
2.0419
2.04707
2.04733
2.04846
2.04846
2.04733
2.04707
2.0419
2.04574
2.01979
2.03264
2.04754
2.0491
2.05502
2.05597
2.05757
2.05757
2.05597
2.05502
2.0491
2.04754
2.03265
2.02621
2.04624
2.05037
2.05887
2.0621
2.06453
2.06453
2.0621
2.05887
2.05037
2.04624
2.0262
2.03013
2.04549
2.05291
2.06152
2.06598
2.06878
2.06878
2.06598
2.06152
2.05291
2.04549
2.03013
2.02959
2.04484
2.05319
2.06238
2.0675
2.07056
2.07056
2.0675
2.06238
2.05319
2.04483
2.02959
2.03088
2.04437
2.05308
2.06174
2.06681
2.06975
2.06975
2.06681
2.06174
2.05308
2.04437
2.03088
2.03071
2.04333
2.05145
2.0591
2.06358
2.06614
2.06614
2.06358
2.0591
2.05145
2.04333
2.03071
2.03271
2.04337
2.04958
2.05559
2.05872
2.06063
2.06063
2.05872
2.05559
2.04958
2.04337
2.03271
2.03172
2.04068
2.0452
2.04871
2.05064
2.05176
2.05176
2.05064
2.04871
2.0452
2.04068
2.03172
2.03691
2.04276
2.04153
2.04307
2.04269
2.04302
2.04302
2.04269
2.04307
2.04153
2.04276
2.03691
2.03801
2.03155
2.03065
2.02982
2.02937
2.02945
2.02945
2.02937
2.02982
2.03065
2.03155
2.03801
2.02126
2.02746
2.01933
2.02155
2.0187
2.01881
2.01881
2.0187
2.02155
2.01933
2.02746
2.02127
2.01116
2.02296
2.02137
2.02375
2.02394
2.02447
2.02447
2.02394
2.02375
2.02137
2.02296
2.01116
2.01704
2.02396
2.02488
2.02769
2.02824
2.02901
2.02901
2.02824
2.02769
2.02488
2.02396
2.01704
2.01421
2.02351
2.02567
2.02971
2.03134
2.03252
2.03252
2.03134
2.02971
2.02567
2.02351
2.01421
2.01601
2.02328
2.02697
2.03113
2.03336
2.03473
2.03473
2.03336
2.03113
2.02697
2.02328
2.01602
2.01582
2.02305
2.0272
2.03165
2.0342
2.0357
2.0357
2.0342
2.03165
2.0272
2.02305
2.01582
2.01642
2.02285
2.02717
2.03138
2.03392
2.03536
2.03536
2.03392
2.03138
2.02717
2.02285
2.01642
2.01636
2.02235
2.02639
2.03012
2.03237
2.03364
2.03364
2.03237
2.03012
2.02639
2.02235
2.01636
2.01725
2.02227
2.02542
2.02836
2.02997
2.03092
2.03092
2.02997
2.02836
2.02542
2.02227
2.01725
2.01677
2.02096
2.02327
2.02502
2.02605
2.02662
2.02662
2.02605
2.02502
2.02327
2.02096
2.01677
2.01912
2.02171
2.02139
2.02216
2.0221
2.02229
2.02229
2.0221
2.02217
2.02139
2.02171
2.01912
2.01944
2.01648
2.01627
2.01588
2.01576
2.01579
2.01579
2.01576
2.01588
2.01627
2.01648
2.01944
2.00802
2.01059
2.00722
2.00814
2.00697
2.00701
2.00701
2.00697
2.00814
2.00722
2.01059
2.00802
2.0038
2.0087
2.00801
2.00898
2.00904
2.00925
2.00925
2.00904
2.00898
2.00801
2.0087
2.0038
2.00618
2.00903
2.00937
2.0105
2.01071
2.01101
2.01101
2.01071
2.0105
2.00937
2.00903
2.00618
2.005
2.00879
2.00963
2.01125
2.0119
2.01237
2.01237
2.0119
2.01125
2.00963
2.00879
2.005
2.00571
2.00865
2.0101
2.01177
2.01265
2.0132
2.0132
2.01265
2.01177
2.0101
2.00865
2.00571
2.00563
2.00852
2.01016
2.01193
2.01294
2.01354
2.01354
2.01294
2.01193
2.01016
2.00852
2.00563
2.00587
2.00842
2.01012
2.01179
2.01279
2.01336
2.01336
2.01279
2.01179
2.01012
2.00842
2.00587
2.00585
2.00821
2.0098
2.01127
2.01215
2.01265
2.01265
2.01215
2.01127
2.0098
2.00821
2.00585
2.00624
2.00819
2.00942
2.01056
2.01118
2.01155
2.01155
2.01118
2.01056
2.00942
2.00819
2.00624
2.00604
2.00766
2.00857
2.00923
2.00962
2.00983
2.00983
2.00962
2.00923
2.00857
2.00766
2.00604
2.00707
2.00801
2.00785
2.00812
2.00807
2.00813
2.00813
2.00807
2.00812
2.00785
2.00801
2.00707
2.00715
2.00583
2.00579
2.00558
2.00553
2.00554
2.00554
2.00553
2.00558
2.00579
2.00583
2.00715
2.00341
2.00438
2.00311
2.00345
2.00301
2.00303
2.00303
2.00301
2.00345
2.00311
2.00438
2.00341
2.00182
2.00367
2.00343
2.0038
2.00383
2.00391
2.00391
2.00383
2.0038
2.00343
2.00367
2.00182
2.00273
2.00382
2.00396
2.0044
2.00449
2.00461
2.00461
2.00449
2.0044
2.00396
2.00382
2.00273
2.00229
2.00374
2.00409
2.00471
2.00497
2.00515
2.00515
2.00497
2.00471
2.00409
2.00374
2.00229
2.00256
2.0037
2.00428
2.00492
2.00528
2.00549
2.00549
2.00528
2.00492
2.00428
2.0037
2.00256
2.00254
2.00366
2.00431
2.005
2.0054
2.00563
2.00563
2.0054
2.005
2.00431
2.00366
2.00254
2.00263
2.00362
2.00429
2.00495
2.00534
2.00557
2.00557
2.00534
2.00495
2.00429
2.00362
2.00263
2.00262
2.00354
2.00417
2.00474
2.00509
2.00529
2.00529
2.00509
2.00474
2.00417
2.00354
2.00262
2.00276
2.00352
2.00401
2.00446
2.00471
2.00486
2.00486
2.00471
2.00446
2.00401
2.00352
2.00276
2.00269
2.00331
2.00368
2.00394
2.0041
2.00419
2.00419
2.0041
2.00394
2.00368
2.00331
2.00269
2.00307
2.00343
2.00339
2.00349
2.00349
2.00351
2.00351
2.00349
2.00349
2.00339
2.00343
2.00307
2.00309
2.00259
2.00259
2.00251
2.0025
2.00251
2.00251
2.0025
2.00251
2.00259
2.00259
2.00309
2.00034
2.00055
2.00027
2.00034
2.00024
2.00024
2.00024
2.00024
2.00034
2.00027
2.00055
2.00034
1.99999
2.00038
2.00031
2.00038
2.00038
2.00039
2.00039
2.00038
2.00038
2.00031
2.00038
1.99999
2.00019
2.0004
2.00041
2.00048
2.00049
2.00051
2.00051
2.00049
2.00048
2.00041
2.0004
2.00019
2.00009
2.00037
2.00042
2.00052
2.00056
2.00059
2.00059
2.00056
2.00052
2.00042
2.00037
2.00009
2.00015
2.00036
2.00044
2.00055
2.00061
2.00064
2.00064
2.00061
2.00055
2.00044
2.00036
2.00015
2.00015
2.00034
2.00044
2.00056
2.00062
2.00066
2.00066
2.00062
2.00056
2.00044
2.00034
2.00015
2.00017
2.00034
2.00044
2.00055
2.00061
2.00065
2.00065
2.00061
2.00055
2.00044
2.00034
2.00017
2.00017
2.00032
2.00042
2.00051
2.00057
2.0006
2.0006
2.00057
2.00051
2.00042
2.00032
2.00017
2.0002
2.00032
2.0004
2.00047
2.00051
2.00053
2.00053
2.00051
2.00047
2.0004
2.00032
2.0002
2.00018
2.00029
2.00035
2.00038
2.0004
2.00042
2.00042
2.0004
2.00038
2.00035
2.00029
2.00018
2.00027
2.00033
2.00031
2.00032
2.00031
2.00031
2.00031
2.00031
2.00032
2.00031
2.00033
2.00027
2.00027
2.00016
2.00016
2.00014
2.00014
2.00014
2.00014
2.00014
2.00014
2.00016
2.00016
2.00027
1.9997
1.99937
1.99982
1.99971
1.99987
1.99987
1.99987
1.99987
1.99971
1.99982
1.99937
1.9997
2.00023
1.99967
1.99979
1.9997
1.99971
1.9997
1.9997
1.99971
1.9997
1.99979
1.99967
2.00023
1.99991
1.99963
1.99966
1.99957
1.99958
1.99956
1.99956
1.99958
1.99957
1.99966
1.99963
1.99991
2.00007
1.99968
1.99967
1.99953
1.9995
1.99946
1.99946
1.9995
1.99953
1.99967
1.99968
2.00007
1.99997
1.99971
1.99962
1.9995
1.99945
1.99941
1.99941
1.99945
1.9995
1.99962
1.99971
1.99997
1.99998
1.99973
1.99963
1.99949
1.99943
1.99938
1.99938
1.99943
1.99949
1.99963
1.99973
1.99998
1.99994
1.99973
1.99962
1.9995
1.99944
1.9994
1.9994
1.99944
1.9995
1.99962
1.99973
1.99994
1.99995
1.99975
1.99964
1.99953
1.99948
1.99945
1.99945
1.99948
1.99953
1.99964
1.99975
1.99995
1.99989
1.99973
1.99965
1.99957
1.99954
1.99951
1.99951
1.99954
1.99957
1.99965
1.99973
1.99989
1.99992
1.99977
1.99972
1.99967
1.99965
1.99964
1.99964
1.99965
1.99967
1.99972
1.99977
1.99992
1.99979
1.99969
1.99974
1.99973
1.99975
1.99975
1.99975
1.99975
1.99973
1.99974
1.99969
1.99979
1.99977
1.99991
1.99994
1.99995
1.99997
1.99996
1.99996
1.99997
1.99995
1.99994
1.99991
1.99977
1.99311
1.99174
1.99349
1.99294
1.99355
1.9935
1.9935
1.99355
1.99294
1.99349
1.99174
1.99311
1.99536
1.9925
1.99273
1.99205
1.99193
1.99176
1.99176
1.99193
1.99205
1.99273
1.9925
1.99536
1.99405
1.99219
1.99172
1.99087
1.9906
1.99035
1.99035
1.9906
1.99087
1.99172
1.99219
1.99405
1.99467
1.99218
1.99135
1.99016
1.9896
1.98923
1.98923
1.9896
1.99016
1.99135
1.99218
1.99467
1.99427
1.99217
1.99094
1.98967
1.98894
1.98851
1.98851
1.98894
1.98967
1.99094
1.99217
1.99427
1.99431
1.99219
1.99083
1.98948
1.98865
1.98819
1.98819
1.98865
1.98948
1.99083
1.99219
1.99431
1.99418
1.99225
1.99085
1.98955
1.98873
1.98828
1.98828
1.98873
1.98955
1.99085
1.99225
1.99418
1.99421
1.99241
1.9911
1.98994
1.98921
1.98881
1.98881
1.98921
1.98994
1.9911
1.99241
1.99421
1.99403
1.9925
1.99146
1.99053
1.98998
1.98967
1.98967
1.98998
1.99053
1.99146
1.9925
1.99403
1.99416
1.99292
1.99214
1.99156
1.9912
1.991
1.991
1.9912
1.99156
1.99214
1.99292
1.99416
1.99366
1.99286
1.99282
1.99254
1.99248
1.9924
1.9924
1.99248
1.99254
1.99282
1.99286
1.99366
1.99356
1.99425
1.99427
1.99435
1.99436
1.99435
1.99435
1.99437
1.99435
1.99427
1.99425
1.99356
1.99235
1.98812
1.99356
1.99205
1.99402
1.99395
1.99395
1.99402
1.99205
1.99356
1.98812
1.99235
1.99884
1.99176
1.99312
1.99188
1.99195
1.99171
1.99171
1.99195
1.99188
1.99312
1.99176
1.99884
1.99482
1.99125
1.99141
1.99013
1.9902
1.98989
1.98989
1.9902
1.99013
1.99141
1.99125
1.99482
1.99675
1.99183
1.99143
1.9896
1.98912
1.98865
1.98865
1.98912
1.9896
1.99143
1.99183
1.99675
1.99546
1.99208
1.99086
1.98914
1.98841
1.98789
1.98789
1.98841
1.98914
1.99086
1.99208
1.99546
1.99562
1.9923
1.99087
1.98905
1.98817
1.9876
1.9876
1.98817
1.98905
1.99087
1.9923
1.99562
1.99521
1.99238
1.99084
1.98916
1.98829
1.98775
1.98775
1.98829
1.98916
1.99084
1.99238
1.99521
1.99526
1.99259
1.99114
1.98966
1.98889
1.98842
1.98842
1.98889
1.98966
1.99114
1.99259
1.99526
1.99469
1.99243
1.99137
1.99022
1.98972
1.98938
1.98938
1.98972
1.99022
1.99137
1.99243
1.99469
1.99502
1.993
1.99223
1.99157
1.99128
1.99109
1.99109
1.99128
1.99157
1.99223
1.993
1.99502
1.99355
1.99218
1.99275
1.99247
1.99269
1.99264
1.99264
1.99269
1.99247
1.99275
1.99218
1.99355
1.99333
1.99493
1.99525
1.99538
1.99552
1.99548
1.99548
1.99552
1.99538
1.99525
1.99493
1.99333
1.91761
1.89926
1.91851
1.91092
1.91744
1.91656
1.91656
1.91744
1.91092
1.9185
1.89926
1.91761
1.94097
1.90733
1.9085
1.89993
1.89773
1.89547
1.89547
1.89773
1.89993
1.90851
1.90733
1.94097
1.92392
1.90182
1.89559
1.88544
1.88202
1.879
1.879
1.88202
1.88544
1.89559
1.90182
1.92392
1.92974
1.90049
1.89055
1.87694
1.87065
1.86658
1.86658
1.87065
1.87694
1.89056
1.90049
1.92974
1.92391
1.89935
1.88496
1.87106
1.86324
1.85873
1.85873
1.86324
1.87106
1.88496
1.89935
1.92391
1.9241
1.89898
1.8833
1.86853
1.85992
1.85509
1.85509
1.85992
1.86853
1.8833
1.89898
1.9241
1.92261
1.89933
1.88326
1.86904
1.86047
1.85576
1.85576
1.86047
1.86904
1.88326
1.89933
1.92261
1.92345
1.90131
1.88621
1.87318
1.86529
1.861
1.861
1.86529
1.87318
1.88621
1.90131
1.92345
1.92234
1.90284
1.89069
1.87966
1.87348
1.86994
1.86994
1.87348
1.87966
1.89069
1.90284
1.92234
1.92508
1.90849
1.89909
1.89138
1.88678
1.88426
1.88426
1.88678
1.89138
1.89909
1.90849
1.92508
1.9212
1.90887
1.90779
1.90306
1.90178
1.90042
1.90042
1.90178
1.90306
1.90779
1.90887
1.92119
1.92126
1.92543
1.92588
1.92462
1.92438
1.92364
1.92364
1.92438
1.92462
1.92588
1.92543
1.92126
1.9373
1.92011
1.93879
1.93201
1.93858
1.93795
1.93795
1.93858
1.93201
1.93879
1.92011
1.9373
1.95908
1.92937
1.93188
1.92514
1.924
1.9224
1.9224
1.924
1.92514
1.93188
1.92937
1.95908
1.94313
1.92507
1.92174
1.91419
1.91248
1.91042
1.91042
1.91248
1.91419
1.92174
1.92507
1.94313
1.94873
1.92479
1.91864
1.90852
1.90454
1.90171
1.90171
1.90454
1.90852
1.91864
1.92479
1.94873
1.94328
1.92425
1.91444
1.90447
1.89936
1.89628
1.89628
1.89936
1.90447
1.91444
1.92425
1.94328
1.94351
1.92416
1.91337
1.90278
1.89706
1.89375
1.89375
1.89706
1.90278
1.91337
1.92416
1.94351
1.94205
1.92436
1.91315
1.90302
1.8973
1.89409
1.89409
1.8973
1.90302
1.91315
1.92436
1.94205
1.94276
1.92575
1.91515
1.90583
1.90052
1.89759
1.89759
1.90052
1.90583
1.91515
1.92575
1.94276
1.94153
1.9264
1.91798
1.91002
1.90595
1.90351
1.90351
1.90595
1.91002
1.91798
1.9264
1.94153
1.94407
1.93066
1.92412
1.91848
1.91542
1.91367
1.91367
1.91542
1.91848
1.92412
1.93066
1.94407
1.94011
1.9298
1.92996
1.92643
1.92591
1.92498
1.92498
1.92591
1.92643
1.92996
1.9298
1.94011
1.94042
1.94379
1.94464
1.94334
1.94331
1.94265
1.94265
1.94331
1.94334
1.94464
1.94379
1.94042
)
;

boundaryField
{
    inlet
    {
        type            fixedValue;
        value           uniform 4;
    }
    wall
    {
        type            myTemperature;
        value           nonuniform List<scalar> 
720
(
2.72298
2.69929
2.66734
2.62745
2.58741
2.56038
2.56038
2.58741
2.62745
2.66734
2.69929
2.72298
2.2889
2.2957
2.30397
2.31749
2.33317
2.34491
2.34491
2.33317
2.31749
2.30397
2.2957
2.2889
2.17228
2.17648
2.18162
2.19039
2.20056
2.20821
2.20821
2.20056
2.19039
2.18162
2.17648
2.17228
2.08603
2.0883
2.0909
2.0954
2.10051
2.10436
2.10436
2.10051
2.0954
2.0909
2.0883
2.08603
2.04511
2.04627
2.04759
2.04988
2.05247
2.0544
2.0544
2.05247
2.04988
2.04759
2.04627
2.04511
2.02084
2.02138
2.02197
2.02302
2.02419
2.02507
2.02507
2.02419
2.02302
2.02197
2.02138
2.02084
2.00944
2.00968
2.00996
2.01044
2.01098
2.01138
2.01138
2.01098
2.01044
2.00996
2.00968
2.00944
2.0039
2.004
2.00411
2.00431
2.00453
2.00469
2.00469
2.00453
2.00431
2.00411
2.004
2.0039
2.00147
2.00151
2.00156
2.00163
2.00171
2.00178
2.00178
2.00171
2.00163
2.00156
2.00151
2.00147
2.00031
2.00031
2.00032
2.00034
2.00036
2.00037
2.00037
2.00036
2.00034
2.00032
2.00031
2.00031
1.99957
1.99956
1.99954
1.99952
1.99949
1.99947
1.99947
1.99949
1.99952
1.99954
1.99956
1.99957
1.99766
1.99761
1.99755
1.99744
1.99732
1.99723
1.99723
1.99732
1.99744
1.99755
1.99761
1.99766
1.99455
1.99438
1.9942
1.9939
1.99356
1.9933
1.9933
1.99356
1.9939
1.9942
1.99438
1.99455
1.97257
1.97182
1.97092
1.96942
1.96771
1.96644
1.96644
1.96771
1.96942
1.97092
1.97182
1.97257
1.97578
1.97508
1.97427
1.97291
1.97139
1.97025
1.97025
1.97139
1.97291
1.97427
1.97508
1.97578
2.76374
2.75512
2.74367
2.73241
2.72341
2.71772
2.71564
2.7169
2.7214
2.72698
2.73289
2.73254
2.25832
2.25472
2.24965
2.24487
2.24138
2.24027
2.24185
2.24637
2.25327
2.26247
2.27172
2.2821
2.15145
2.14911
2.14619
2.14358
2.14182
2.14148
2.14268
2.14564
2.14988
2.15568
2.16126
2.16817
2.07291
2.07186
2.07059
2.06957
2.069
2.06914
2.07004
2.07179
2.07411
2.07724
2.08013
2.0839
2.03789
2.03738
2.03679
2.03635
2.03615
2.0363
2.03683
2.03777
2.03898
2.0406
2.04207
2.04402
2.01719
2.01697
2.01672
2.01654
2.01649
2.0166
2.01688
2.01735
2.01794
2.01872
2.01942
2.02034
2.00771
2.00762
2.00752
2.00745
2.00743
2.00749
2.00762
2.00784
2.00811
2.00847
2.00879
2.0092
2.00316
2.00313
2.00309
2.00306
2.00306
2.00308
2.00314
2.00324
2.00335
2.0035
2.00363
2.00381
2.00119
2.00117
2.00116
2.00115
2.00115
2.00116
2.00118
2.00122
2.00126
2.00132
2.00137
2.00144
2.00024
2.00024
2.00023
2.00023
2.00023
2.00024
2.00024
2.00025
2.00026
2.00027
2.00028
2.0003
1.99966
1.99966
1.99966
1.99967
1.99967
1.99967
1.99966
1.99965
1.99963
1.99962
1.9996
1.99958
1.99803
1.99806
1.99809
1.99811
1.99811
1.9981
1.99807
1.99803
1.99797
1.99788
1.99781
1.99772
1.99559
1.99564
1.99571
1.99575
1.99577
1.99574
1.99566
1.99553
1.99536
1.99514
1.99495
1.99469
1.9765
1.9768
1.97717
1.97746
1.97762
1.97757
1.97731
1.97681
1.97614
1.97522
1.97437
1.97325
1.97953
1.97979
1.98012
1.98039
1.98053
1.98047
1.98022
1.97974
1.9791
1.97824
1.97744
1.9764
2.76416
2.75672
2.74617
2.73618
2.72855
2.7246
2.7246
2.72855
2.73617
2.74617
2.75672
2.76416
2.25805
2.25375
2.248
2.24232
2.23781
2.23539
2.23539
2.23781
2.24232
2.248
2.25374
2.25805
2.1513
2.14851
2.14516
2.1419
2.13939
2.13805
2.13805
2.13939
2.1419
2.14516
2.14851
2.15129
2.07278
2.07133
2.06972
2.06817
2.067
2.06637
2.06637
2.067
2.06817
2.06972
2.07133
2.07278
2.03781
2.03705
2.03625
2.03547
2.0349
2.0346
2.0346
2.0349
2.03547
2.03625
2.03705
2.03781
2.01714
2.01678
2.0164
2.01604
2.01577
2.01563
2.01563
2.01577
2.01604
2.0164
2.01678
2.01714
2.00769
2.00752
2.00736
2.00719
2.00707
2.00701
2.00701
2.00707
2.00719
2.00736
2.00752
2.00769
2.00315
2.00308
2.00301
2.00294
2.00289
2.00287
2.00287
2.00289
2.00294
2.00301
2.00308
2.00315
2.00118
2.00116
2.00113
2.0011
2.00109
2.00108
2.00108
2.00109
2.0011
2.00113
2.00116
2.00118
2.00024
2.00023
2.00023
2.00022
2.00022
2.00022
2.00022
2.00022
2.00022
2.00023
2.00023
2.00024
1.99966
1.99966
1.99967
1.99968
1.99969
1.99969
1.99969
1.99969
1.99968
1.99967
1.99966
1.99966
1.99804
1.99808
1.99812
1.99816
1.99819
1.9982
1.9982
1.99819
1.99816
1.99812
1.99808
1.99804
1.9956
1.99569
1.99579
1.99589
1.99596
1.996
1.996
1.99596
1.99589
1.99579
1.99569
1.9956
1.97654
1.97697
1.97743
1.97788
1.97821
1.97839
1.97839
1.97821
1.97788
1.97743
1.97697
1.97654
1.97956
1.97995
1.98038
1.9808
1.98111
1.98128
1.98128
1.98111
1.9808
1.98038
1.97995
1.97956
2.73254
2.73289
2.72698
2.7214
2.71689
2.71564
2.71772
2.72341
2.73241
2.74367
2.75512
2.76374
2.2821
2.27172
2.26247
2.25327
2.24637
2.24185
2.24027
2.24138
2.24487
2.24965
2.25472
2.25832
2.16817
2.16126
2.15568
2.14988
2.14564
2.14268
2.14148
2.14182
2.14358
2.14619
2.14911
2.15145
2.0839
2.08013
2.07724
2.07411
2.07179
2.07004
2.06914
2.069
2.06957
2.07059
2.07186
2.07291
2.04402
2.04207
2.0406
2.03898
2.03777
2.03683
2.0363
2.03615
2.03635
2.03679
2.03738
2.03789
2.02034
2.01942
2.01872
2.01794
2.01735
2.01688
2.0166
2.01649
2.01654
2.01672
2.01697
2.01719
2.0092
2.00879
2.00847
2.00811
2.00784
2.00762
2.00749
2.00743
2.00745
2.00752
2.00762
2.00771
2.00381
2.00363
2.0035
2.00335
2.00324
2.00314
2.00308
2.00306
2.00306
2.00309
2.00313
2.00316
2.00144
2.00137
2.00132
2.00126
2.00122
2.00118
2.00116
2.00115
2.00115
2.00116
2.00117
2.00119
2.0003
2.00028
2.00027
2.00026
2.00025
2.00024
2.00024
2.00023
2.00023
2.00023
2.00024
2.00024
1.99958
1.9996
1.99962
1.99963
1.99965
1.99966
1.99967
1.99967
1.99967
1.99966
1.99966
1.99966
1.99772
1.99781
1.99788
1.99797
1.99803
1.99807
1.9981
1.99811
1.99811
1.99809
1.99806
1.99803
1.99469
1.99495
1.99514
1.99536
1.99553
1.99566
1.99574
1.99577
1.99575
1.99571
1.99564
1.99559
1.97325
1.97437
1.97522
1.97614
1.97681
1.97731
1.97757
1.97762
1.97746
1.97717
1.9768
1.9765
1.9764
1.97744
1.97824
1.9791
1.97974
1.98022
1.98047
1.98053
1.98039
1.98012
1.97979
1.97953
)
;
    }
    outlet
    {
        type            fixedValue;
        value           uniform 1;
    }
}


// ************************************************************************* //
