/*--------------------------------*- C++ -*----------------------------------*\
| =========                 |                                                 |
| \\      /  F ield         | foam-extend: Open Source CFD                    |
|  \\    /   O peration     | Version:  3.0                                   |
|   \\  /    A nd           | Web:         http://www.extend-project.de       |
|    \\/     M anipulation  |                                                 |
\*---------------------------------------------------------------------------*/
FoamFile
{
    version     2.0;
    format      ascii;
    class       vectorField;
    location    "constant/polyMesh";
    object      points;
}
// * * * * * * * * * * * * * * * * * * * * * * * * * * * * * * * * * * * * * //


880
(
(0.5 0 0)
(0.65 0 0)
(0.8 0 0)
(0.95 0 0)
(1.1 0 0)
(1.25 0 0)
(1.4 0 0)
(1.55 0 0)
(1.7 0 0)
(1.85 0 0)
(2 0 0)
(0.493843987 0.07821716129 0)
(0.6419972563 0.1016823381 0)
(0.7901505256 0.125147515 0)
(0.9383037949 0.1486126918 0)
(1.086457064 0.1720778686 0)
(1.234610334 0.1955430455 0)
(1.382763603 0.2190082223 0)
(1.530916872 0.2424733991 0)
(1.679070141 0.265938576 0)
(1.827223411 0.2894037528 0)
(1.97537668 0.3128689296 0)
(0.4755279456 0.1545083367 0)
(0.6181864541 0.2008609018 0)
(0.7608449626 0.2472134669 0)
(0.9035034711 0.293566032 0)
(1.04616198 0.3399185971 0)
(1.188820488 0.3862711622 0)
(1.331478997 0.4326237273 0)
(1.474137505 0.4789762925 0)
(1.616796014 0.5253288576 0)
(1.759454522 0.5716814227 0)
(1.902113031 0.6180339878 0)
(0.4455028746 0.226994997 0)
(0.5791538917 0.2950935971 0)
(0.7128049089 0.3631921972 0)
(0.846455926 0.4312907973 0)
(0.9801069432 0.4993893974 0)
(1.11375796 0.5674879975 0)
(1.247408977 0.6355865976 0)
(1.381059995 0.7036851977 0)
(1.514711012 0.7717837978 0)
(1.648362029 0.8398823979 0)
(1.782013046 0.9079809979 0)
(0.4045080857 0.2938922922 0)
(0.5258606758 0.3820601132 0)
(0.6472132658 0.4702279343 0)
(0.7685658559 0.5583957553 0)
(0.8899184459 0.6465635763 0)
(1.011271036 0.7347313974 0)
(1.132623626 0.8228992184 0)
(1.253976216 0.9110670395 0)
(1.375328806 0.9992348605 0)
(1.496681396 1.087402682 0)
(1.618033986 1.175570503 0)
(0.353553 0.353553 0)
(0.459619056 0.459619056 0)
(0.565685112 0.565685112 0)
(0.671751168 0.671751168 0)
(0.777817224 0.777817224 0)
(0.88388328 0.88388328 0)
(0.989949336 0.989949336 0)
(1.096015392 1.096015392 0)
(1.202081448 1.202081448 0)
(1.308147504 1.308147504 0)
(1.41421356 1.41421356 0)
(0.2938922922 0.4045080857 0)
(0.3820601132 0.5258606758 0)
(0.4702279343 0.6472132658 0)
(0.5583957553 0.7685658559 0)
(0.6465635763 0.8899184459 0)
(0.7347313974 1.011271036 0)
(0.8228992184 1.132623626 0)
(0.9110670395 1.253976216 0)
(0.9992348605 1.375328806 0)
(1.087402682 1.496681396 0)
(1.175570503 1.618033986 0)
(0.226994997 0.4455028746 0)
(0.2950935971 0.5791538917 0)
(0.3631921972 0.7128049089 0)
(0.4312907973 0.846455926 0)
(0.4993893974 0.9801069432 0)
(0.5674879975 1.11375796 0)
(0.6355865976 1.247408977 0)
(0.7036851977 1.381059995 0)
(0.7717837978 1.514711012 0)
(0.8398823979 1.648362029 0)
(0.9079809979 1.782013046 0)
(0.1545083367 0.4755279456 0)
(0.2008609018 0.6181864541 0)
(0.2472134669 0.7608449626 0)
(0.293566032 0.9035034711 0)
(0.3399185971 1.04616198 0)
(0.3862711622 1.188820488 0)
(0.4326237273 1.331478997 0)
(0.4789762925 1.474137505 0)
(0.5253288576 1.616796014 0)
(0.5716814227 1.759454522 0)
(0.6180339878 1.902113031 0)
(0.07821716129 0.493843987 0)
(0.1016823381 0.6419972563 0)
(0.125147515 0.7901505256 0)
(0.1486126918 0.9383037949 0)
(0.1720778686 1.086457064 0)
(0.1955430455 1.234610334 0)
(0.2190082223 1.382763603 0)
(0.2424733991 1.530916872 0)
(0.265938576 1.679070141 0)
(0.2894037528 1.827223411 0)
(0.3128689296 1.97537668 0)
(0 0.5 0)
(0 0.65 0)
(0 0.8 0)
(0 0.95 0)
(0 1.1 0)
(0 1.25 0)
(0 1.4 0)
(0 1.55 0)
(0 1.7 0)
(0 1.85 0)
(0 2 0)
(0.5 0 0.1)
(0.65 0 0.1)
(0.8 0 0.1)
(0.95 0 0.1)
(1.1 0 0.1)
(1.25 0 0.1)
(1.4 0 0.1)
(1.55 0 0.1)
(1.7 0 0.1)
(1.85 0 0.1)
(2 0 0.1)
(0.493843987 0.07821716129 0.1)
(0.6419972563 0.1016823381 0.1)
(0.7901505256 0.125147515 0.1)
(0.9383037949 0.1486126918 0.1)
(1.086457064 0.1720778686 0.1)
(1.234610334 0.1955430455 0.1)
(1.382763603 0.2190082223 0.1)
(1.530916872 0.2424733991 0.1)
(1.679070141 0.265938576 0.1)
(1.827223411 0.2894037528 0.1)
(1.97537668 0.3128689296 0.1)
(0.4755279456 0.1545083367 0.1)
(0.6181864541 0.2008609018 0.1)
(0.7608449626 0.2472134669 0.1)
(0.9035034711 0.293566032 0.1)
(1.04616198 0.3399185971 0.1)
(1.188820488 0.3862711622 0.1)
(1.331478997 0.4326237273 0.1)
(1.474137505 0.4789762925 0.1)
(1.616796014 0.5253288576 0.1)
(1.759454522 0.5716814227 0.1)
(1.902113031 0.6180339878 0.1)
(0.4455028746 0.226994997 0.1)
(0.5791538917 0.2950935971 0.1)
(0.7128049089 0.3631921972 0.1)
(0.846455926 0.4312907973 0.1)
(0.9801069432 0.4993893974 0.1)
(1.11375796 0.5674879975 0.1)
(1.247408977 0.6355865976 0.1)
(1.381059995 0.7036851977 0.1)
(1.514711012 0.7717837978 0.1)
(1.648362029 0.8398823979 0.1)
(1.782013046 0.9079809979 0.1)
(0.4045080857 0.2938922922 0.1)
(0.5258606758 0.3820601132 0.1)
(0.6472132658 0.4702279343 0.1)
(0.7685658559 0.5583957553 0.1)
(0.8899184459 0.6465635763 0.1)
(1.011271036 0.7347313974 0.1)
(1.132623626 0.8228992184 0.1)
(1.253976216 0.9110670395 0.1)
(1.375328806 0.9992348605 0.1)
(1.496681396 1.087402682 0.1)
(1.618033986 1.175570503 0.1)
(0.353553 0.353553 0.1)
(0.459619056 0.459619056 0.1)
(0.565685112 0.565685112 0.1)
(0.671751168 0.671751168 0.1)
(0.777817224 0.777817224 0.1)
(0.88388328 0.88388328 0.1)
(0.989949336 0.989949336 0.1)
(1.096015392 1.096015392 0.1)
(1.202081448 1.202081448 0.1)
(1.308147504 1.308147504 0.1)
(1.41421356 1.41421356 0.1)
(0.2938922922 0.4045080857 0.1)
(0.3820601132 0.5258606758 0.1)
(0.4702279343 0.6472132658 0.1)
(0.5583957553 0.7685658559 0.1)
(0.6465635763 0.8899184459 0.1)
(0.7347313974 1.011271036 0.1)
(0.8228992184 1.132623626 0.1)
(0.9110670395 1.253976216 0.1)
(0.9992348605 1.375328806 0.1)
(1.087402682 1.496681396 0.1)
(1.175570503 1.618033986 0.1)
(0.226994997 0.4455028746 0.1)
(0.2950935971 0.5791538917 0.1)
(0.3631921972 0.7128049089 0.1)
(0.4312907973 0.846455926 0.1)
(0.4993893974 0.9801069432 0.1)
(0.5674879975 1.11375796 0.1)
(0.6355865976 1.247408977 0.1)
(0.7036851977 1.381059995 0.1)
(0.7717837978 1.514711012 0.1)
(0.8398823979 1.648362029 0.1)
(0.9079809979 1.782013046 0.1)
(0.1545083367 0.4755279456 0.1)
(0.2008609018 0.6181864541 0.1)
(0.2472134669 0.7608449626 0.1)
(0.293566032 0.9035034711 0.1)
(0.3399185971 1.04616198 0.1)
(0.3862711622 1.188820488 0.1)
(0.4326237273 1.331478997 0.1)
(0.4789762925 1.474137505 0.1)
(0.5253288576 1.616796014 0.1)
(0.5716814227 1.759454522 0.1)
(0.6180339878 1.902113031 0.1)
(0.07821716129 0.493843987 0.1)
(0.1016823381 0.6419972563 0.1)
(0.125147515 0.7901505256 0.1)
(0.1486126918 0.9383037949 0.1)
(0.1720778686 1.086457064 0.1)
(0.1955430455 1.234610334 0.1)
(0.2190082223 1.382763603 0.1)
(0.2424733991 1.530916872 0.1)
(0.265938576 1.679070141 0.1)
(0.2894037528 1.827223411 0.1)
(0.3128689296 1.97537668 0.1)
(0 0.5 0.1)
(0 0.65 0.1)
(0 0.8 0.1)
(0 0.95 0.1)
(0 1.1 0.1)
(0 1.25 0.1)
(0 1.4 0.1)
(0 1.55 0.1)
(0 1.7 0.1)
(0 1.85 0.1)
(0 2 0.1)
(-0.07821716129 0.493843987 0)
(-0.1016823381 0.6419972563 0)
(-0.125147515 0.7901505256 0)
(-0.1486126918 0.9383037949 0)
(-0.1720778686 1.086457064 0)
(-0.1955430455 1.234610334 0)
(-0.2190082223 1.382763603 0)
(-0.2424733991 1.530916872 0)
(-0.265938576 1.679070141 0)
(-0.2894037528 1.827223411 0)
(-0.3128689296 1.97537668 0)
(-0.1545083367 0.4755279456 0)
(-0.2008609018 0.6181864541 0)
(-0.2472134669 0.7608449626 0)
(-0.293566032 0.9035034711 0)
(-0.3399185971 1.04616198 0)
(-0.3862711622 1.188820488 0)
(-0.4326237273 1.331478997 0)
(-0.4789762925 1.474137505 0)
(-0.5253288576 1.616796014 0)
(-0.5716814227 1.759454522 0)
(-0.6180339878 1.902113031 0)
(-0.226994997 0.4455028746 0)
(-0.2950935971 0.5791538917 0)
(-0.3631921972 0.7128049089 0)
(-0.4312907973 0.846455926 0)
(-0.4993893974 0.9801069432 0)
(-0.5674879975 1.11375796 0)
(-0.6355865976 1.247408977 0)
(-0.7036851977 1.381059995 0)
(-0.7717837978 1.514711012 0)
(-0.8398823979 1.648362029 0)
(-0.9079809979 1.782013046 0)
(-0.2938922922 0.4045080857 0)
(-0.3820601132 0.5258606758 0)
(-0.4702279343 0.6472132658 0)
(-0.5583957553 0.7685658559 0)
(-0.6465635763 0.8899184459 0)
(-0.7347313974 1.011271036 0)
(-0.8228992184 1.132623626 0)
(-0.9110670395 1.253976216 0)
(-0.9992348605 1.375328806 0)
(-1.087402682 1.496681396 0)
(-1.175570503 1.618033986 0)
(-0.353553 0.353553 0)
(-0.459619056 0.459619056 0)
(-0.565685112 0.565685112 0)
(-0.671751168 0.671751168 0)
(-0.777817224 0.777817224 0)
(-0.88388328 0.88388328 0)
(-0.989949336 0.989949336 0)
(-1.096015392 1.096015392 0)
(-1.202081448 1.202081448 0)
(-1.308147504 1.308147504 0)
(-1.41421356 1.41421356 0)
(-0.4045080857 0.2938922922 0)
(-0.5258606758 0.3820601132 0)
(-0.6472132658 0.4702279343 0)
(-0.7685658559 0.5583957553 0)
(-0.8899184459 0.6465635763 0)
(-1.011271036 0.7347313974 0)
(-1.132623626 0.8228992184 0)
(-1.253976216 0.9110670395 0)
(-1.375328806 0.9992348605 0)
(-1.496681396 1.087402682 0)
(-1.618033986 1.175570503 0)
(-0.4455028746 0.226994997 0)
(-0.5791538917 0.2950935971 0)
(-0.7128049089 0.3631921972 0)
(-0.846455926 0.4312907973 0)
(-0.9801069432 0.4993893974 0)
(-1.11375796 0.5674879975 0)
(-1.247408977 0.6355865976 0)
(-1.381059995 0.7036851977 0)
(-1.514711012 0.7717837978 0)
(-1.648362029 0.8398823979 0)
(-1.782013046 0.9079809979 0)
(-0.4755279456 0.1545083367 0)
(-0.6181864541 0.2008609018 0)
(-0.7608449626 0.2472134669 0)
(-0.9035034711 0.293566032 0)
(-1.04616198 0.3399185971 0)
(-1.188820488 0.3862711622 0)
(-1.331478997 0.4326237273 0)
(-1.474137505 0.4789762925 0)
(-1.616796014 0.5253288576 0)
(-1.759454522 0.5716814227 0)
(-1.902113031 0.6180339878 0)
(-0.493843987 0.07821716129 0)
(-0.6419972563 0.1016823381 0)
(-0.7901505256 0.125147515 0)
(-0.9383037949 0.1486126918 0)
(-1.086457064 0.1720778686 0)
(-1.234610334 0.1955430455 0)
(-1.382763603 0.2190082223 0)
(-1.530916872 0.2424733991 0)
(-1.679070141 0.265938576 0)
(-1.827223411 0.2894037528 0)
(-1.97537668 0.3128689296 0)
(-0.5 0 0)
(-0.65 0 0)
(-0.8 0 0)
(-0.95 0 0)
(-1.1 0 0)
(-1.25 0 0)
(-1.4 0 0)
(-1.55 0 0)
(-1.7 0 0)
(-1.85 0 0)
(-2 0 0)
(-0.07821716129 0.493843987 0.1)
(-0.1016823381 0.6419972563 0.1)
(-0.125147515 0.7901505256 0.1)
(-0.1486126918 0.9383037949 0.1)
(-0.1720778686 1.086457064 0.1)
(-0.1955430455 1.234610334 0.1)
(-0.2190082223 1.382763603 0.1)
(-0.2424733991 1.530916872 0.1)
(-0.265938576 1.679070141 0.1)
(-0.2894037528 1.827223411 0.1)
(-0.3128689296 1.97537668 0.1)
(-0.1545083367 0.4755279456 0.1)
(-0.2008609018 0.6181864541 0.1)
(-0.2472134669 0.7608449626 0.1)
(-0.293566032 0.9035034711 0.1)
(-0.3399185971 1.04616198 0.1)
(-0.3862711622 1.188820488 0.1)
(-0.4326237273 1.331478997 0.1)
(-0.4789762925 1.474137505 0.1)
(-0.5253288576 1.616796014 0.1)
(-0.5716814227 1.759454522 0.1)
(-0.6180339878 1.902113031 0.1)
(-0.226994997 0.4455028746 0.1)
(-0.2950935971 0.5791538917 0.1)
(-0.3631921972 0.7128049089 0.1)
(-0.4312907973 0.846455926 0.1)
(-0.4993893974 0.9801069432 0.1)
(-0.5674879975 1.11375796 0.1)
(-0.6355865976 1.247408977 0.1)
(-0.7036851977 1.381059995 0.1)
(-0.7717837978 1.514711012 0.1)
(-0.8398823979 1.648362029 0.1)
(-0.9079809979 1.782013046 0.1)
(-0.2938922922 0.4045080857 0.1)
(-0.3820601132 0.5258606758 0.1)
(-0.4702279343 0.6472132658 0.1)
(-0.5583957553 0.7685658559 0.1)
(-0.6465635763 0.8899184459 0.1)
(-0.7347313974 1.011271036 0.1)
(-0.8228992184 1.132623626 0.1)
(-0.9110670395 1.253976216 0.1)
(-0.9992348605 1.375328806 0.1)
(-1.087402682 1.496681396 0.1)
(-1.175570503 1.618033986 0.1)
(-0.353553 0.353553 0.1)
(-0.459619056 0.459619056 0.1)
(-0.565685112 0.565685112 0.1)
(-0.671751168 0.671751168 0.1)
(-0.777817224 0.777817224 0.1)
(-0.88388328 0.88388328 0.1)
(-0.989949336 0.989949336 0.1)
(-1.096015392 1.096015392 0.1)
(-1.202081448 1.202081448 0.1)
(-1.308147504 1.308147504 0.1)
(-1.41421356 1.41421356 0.1)
(-0.4045080857 0.2938922922 0.1)
(-0.5258606758 0.3820601132 0.1)
(-0.6472132658 0.4702279343 0.1)
(-0.7685658559 0.5583957553 0.1)
(-0.8899184459 0.6465635763 0.1)
(-1.011271036 0.7347313974 0.1)
(-1.132623626 0.8228992184 0.1)
(-1.253976216 0.9110670395 0.1)
(-1.375328806 0.9992348605 0.1)
(-1.496681396 1.087402682 0.1)
(-1.618033986 1.175570503 0.1)
(-0.4455028746 0.226994997 0.1)
(-0.5791538917 0.2950935971 0.1)
(-0.7128049089 0.3631921972 0.1)
(-0.846455926 0.4312907973 0.1)
(-0.9801069432 0.4993893974 0.1)
(-1.11375796 0.5674879975 0.1)
(-1.247408977 0.6355865976 0.1)
(-1.381059995 0.7036851977 0.1)
(-1.514711012 0.7717837978 0.1)
(-1.648362029 0.8398823979 0.1)
(-1.782013046 0.9079809979 0.1)
(-0.4755279456 0.1545083367 0.1)
(-0.6181864541 0.2008609018 0.1)
(-0.7608449626 0.2472134669 0.1)
(-0.9035034711 0.293566032 0.1)
(-1.04616198 0.3399185971 0.1)
(-1.188820488 0.3862711622 0.1)
(-1.331478997 0.4326237273 0.1)
(-1.474137505 0.4789762925 0.1)
(-1.616796014 0.5253288576 0.1)
(-1.759454522 0.5716814227 0.1)
(-1.902113031 0.6180339878 0.1)
(-0.493843987 0.07821716129 0.1)
(-0.6419972563 0.1016823381 0.1)
(-0.7901505256 0.125147515 0.1)
(-0.9383037949 0.1486126918 0.1)
(-1.086457064 0.1720778686 0.1)
(-1.234610334 0.1955430455 0.1)
(-1.382763603 0.2190082223 0.1)
(-1.530916872 0.2424733991 0.1)
(-1.679070141 0.265938576 0.1)
(-1.827223411 0.2894037528 0.1)
(-1.97537668 0.3128689296 0.1)
(-0.5 0 0.1)
(-0.65 0 0.1)
(-0.8 0 0.1)
(-0.95 0 0.1)
(-1.1 0 0.1)
(-1.25 0 0.1)
(-1.4 0 0.1)
(-1.55 0 0.1)
(-1.7 0 0.1)
(-1.85 0 0.1)
(-2 0 0.1)
(-0.493843987 -0.07821716129 0)
(-0.6419972563 -0.1016823381 0)
(-0.7901505256 -0.125147515 0)
(-0.9383037949 -0.1486126918 0)
(-1.086457064 -0.1720778686 0)
(-1.234610334 -0.1955430455 0)
(-1.382763603 -0.2190082223 0)
(-1.530916872 -0.2424733991 0)
(-1.679070141 -0.265938576 0)
(-1.827223411 -0.2894037528 0)
(-1.97537668 -0.3128689296 0)
(-0.4755279456 -0.1545083367 0)
(-0.6181864541 -0.2008609018 0)
(-0.7608449626 -0.2472134669 0)
(-0.9035034711 -0.293566032 0)
(-1.04616198 -0.3399185971 0)
(-1.188820488 -0.3862711622 0)
(-1.331478997 -0.4326237273 0)
(-1.474137505 -0.4789762925 0)
(-1.616796014 -0.5253288576 0)
(-1.759454522 -0.5716814227 0)
(-1.902113031 -0.6180339878 0)
(-0.4455028746 -0.226994997 0)
(-0.5791538917 -0.2950935971 0)
(-0.7128049089 -0.3631921972 0)
(-0.846455926 -0.4312907973 0)
(-0.9801069432 -0.4993893974 0)
(-1.11375796 -0.5674879975 0)
(-1.247408977 -0.6355865976 0)
(-1.381059995 -0.7036851977 0)
(-1.514711012 -0.7717837978 0)
(-1.648362029 -0.8398823979 0)
(-1.782013046 -0.9079809979 0)
(-0.4045080857 -0.2938922922 0)
(-0.5258606758 -0.3820601132 0)
(-0.6472132658 -0.4702279343 0)
(-0.7685658559 -0.5583957553 0)
(-0.8899184459 -0.6465635763 0)
(-1.011271036 -0.7347313974 0)
(-1.132623626 -0.8228992184 0)
(-1.253976216 -0.9110670395 0)
(-1.375328806 -0.9992348605 0)
(-1.496681396 -1.087402682 0)
(-1.618033986 -1.175570503 0)
(-0.353553 -0.353553 0)
(-0.459619056 -0.459619056 0)
(-0.565685112 -0.565685112 0)
(-0.671751168 -0.671751168 0)
(-0.777817224 -0.777817224 0)
(-0.88388328 -0.88388328 0)
(-0.989949336 -0.989949336 0)
(-1.096015392 -1.096015392 0)
(-1.202081448 -1.202081448 0)
(-1.308147504 -1.308147504 0)
(-1.41421356 -1.41421356 0)
(-0.2938922922 -0.4045080857 0)
(-0.3820601132 -0.5258606758 0)
(-0.4702279343 -0.6472132658 0)
(-0.5583957553 -0.7685658559 0)
(-0.6465635763 -0.8899184459 0)
(-0.7347313974 -1.011271036 0)
(-0.8228992184 -1.132623626 0)
(-0.9110670395 -1.253976216 0)
(-0.9992348605 -1.375328806 0)
(-1.087402682 -1.496681396 0)
(-1.175570503 -1.618033986 0)
(-0.226994997 -0.4455028746 0)
(-0.2950935971 -0.5791538917 0)
(-0.3631921972 -0.7128049089 0)
(-0.4312907973 -0.846455926 0)
(-0.4993893974 -0.9801069432 0)
(-0.5674879975 -1.11375796 0)
(-0.6355865976 -1.247408977 0)
(-0.7036851977 -1.381059995 0)
(-0.7717837978 -1.514711012 0)
(-0.8398823979 -1.648362029 0)
(-0.9079809979 -1.782013046 0)
(-0.1545083367 -0.4755279456 0)
(-0.2008609018 -0.6181864541 0)
(-0.2472134669 -0.7608449626 0)
(-0.293566032 -0.9035034711 0)
(-0.3399185971 -1.04616198 0)
(-0.3862711622 -1.188820488 0)
(-0.4326237273 -1.331478997 0)
(-0.4789762925 -1.474137505 0)
(-0.5253288576 -1.616796014 0)
(-0.5716814227 -1.759454522 0)
(-0.6180339878 -1.902113031 0)
(-0.07821716129 -0.493843987 0)
(-0.1016823381 -0.6419972563 0)
(-0.125147515 -0.7901505256 0)
(-0.1486126918 -0.9383037949 0)
(-0.1720778686 -1.086457064 0)
(-0.1955430455 -1.234610334 0)
(-0.2190082223 -1.382763603 0)
(-0.2424733991 -1.530916872 0)
(-0.265938576 -1.679070141 0)
(-0.2894037528 -1.827223411 0)
(-0.3128689296 -1.97537668 0)
(0 -0.5 0)
(0 -0.65 0)
(0 -0.8 0)
(0 -0.95 0)
(0 -1.1 0)
(0 -1.25 0)
(0 -1.4 0)
(0 -1.55 0)
(0 -1.7 0)
(0 -1.85 0)
(0 -2 0)
(-0.493843987 -0.07821716129 0.1)
(-0.6419972563 -0.1016823381 0.1)
(-0.7901505256 -0.125147515 0.1)
(-0.9383037949 -0.1486126918 0.1)
(-1.086457064 -0.1720778686 0.1)
(-1.234610334 -0.1955430455 0.1)
(-1.382763603 -0.2190082223 0.1)
(-1.530916872 -0.2424733991 0.1)
(-1.679070141 -0.265938576 0.1)
(-1.827223411 -0.2894037528 0.1)
(-1.97537668 -0.3128689296 0.1)
(-0.4755279456 -0.1545083367 0.1)
(-0.6181864541 -0.2008609018 0.1)
(-0.7608449626 -0.2472134669 0.1)
(-0.9035034711 -0.293566032 0.1)
(-1.04616198 -0.3399185971 0.1)
(-1.188820488 -0.3862711622 0.1)
(-1.331478997 -0.4326237273 0.1)
(-1.474137505 -0.4789762925 0.1)
(-1.616796014 -0.5253288576 0.1)
(-1.759454522 -0.5716814227 0.1)
(-1.902113031 -0.6180339878 0.1)
(-0.4455028746 -0.226994997 0.1)
(-0.5791538917 -0.2950935971 0.1)
(-0.7128049089 -0.3631921972 0.1)
(-0.846455926 -0.4312907973 0.1)
(-0.9801069432 -0.4993893974 0.1)
(-1.11375796 -0.5674879975 0.1)
(-1.247408977 -0.6355865976 0.1)
(-1.381059995 -0.7036851977 0.1)
(-1.514711012 -0.7717837978 0.1)
(-1.648362029 -0.8398823979 0.1)
(-1.782013046 -0.9079809979 0.1)
(-0.4045080857 -0.2938922922 0.1)
(-0.5258606758 -0.3820601132 0.1)
(-0.6472132658 -0.4702279343 0.1)
(-0.7685658559 -0.5583957553 0.1)
(-0.8899184459 -0.6465635763 0.1)
(-1.011271036 -0.7347313974 0.1)
(-1.132623626 -0.8228992184 0.1)
(-1.253976216 -0.9110670395 0.1)
(-1.375328806 -0.9992348605 0.1)
(-1.496681396 -1.087402682 0.1)
(-1.618033986 -1.175570503 0.1)
(-0.353553 -0.353553 0.1)
(-0.459619056 -0.459619056 0.1)
(-0.565685112 -0.565685112 0.1)
(-0.671751168 -0.671751168 0.1)
(-0.777817224 -0.777817224 0.1)
(-0.88388328 -0.88388328 0.1)
(-0.989949336 -0.989949336 0.1)
(-1.096015392 -1.096015392 0.1)
(-1.202081448 -1.202081448 0.1)
(-1.308147504 -1.308147504 0.1)
(-1.41421356 -1.41421356 0.1)
(-0.2938922922 -0.4045080857 0.1)
(-0.3820601132 -0.5258606758 0.1)
(-0.4702279343 -0.6472132658 0.1)
(-0.5583957553 -0.7685658559 0.1)
(-0.6465635763 -0.8899184459 0.1)
(-0.7347313974 -1.011271036 0.1)
(-0.8228992184 -1.132623626 0.1)
(-0.9110670395 -1.253976216 0.1)
(-0.9992348605 -1.375328806 0.1)
(-1.087402682 -1.496681396 0.1)
(-1.175570503 -1.618033986 0.1)
(-0.226994997 -0.4455028746 0.1)
(-0.2950935971 -0.5791538917 0.1)
(-0.3631921972 -0.7128049089 0.1)
(-0.4312907973 -0.846455926 0.1)
(-0.4993893974 -0.9801069432 0.1)
(-0.5674879975 -1.11375796 0.1)
(-0.6355865976 -1.247408977 0.1)
(-0.7036851977 -1.381059995 0.1)
(-0.7717837978 -1.514711012 0.1)
(-0.8398823979 -1.648362029 0.1)
(-0.9079809979 -1.782013046 0.1)
(-0.1545083367 -0.4755279456 0.1)
(-0.2008609018 -0.6181864541 0.1)
(-0.2472134669 -0.7608449626 0.1)
(-0.293566032 -0.9035034711 0.1)
(-0.3399185971 -1.04616198 0.1)
(-0.3862711622 -1.188820488 0.1)
(-0.4326237273 -1.331478997 0.1)
(-0.4789762925 -1.474137505 0.1)
(-0.5253288576 -1.616796014 0.1)
(-0.5716814227 -1.759454522 0.1)
(-0.6180339878 -1.902113031 0.1)
(-0.07821716129 -0.493843987 0.1)
(-0.1016823381 -0.6419972563 0.1)
(-0.125147515 -0.7901505256 0.1)
(-0.1486126918 -0.9383037949 0.1)
(-0.1720778686 -1.086457064 0.1)
(-0.1955430455 -1.234610334 0.1)
(-0.2190082223 -1.382763603 0.1)
(-0.2424733991 -1.530916872 0.1)
(-0.265938576 -1.679070141 0.1)
(-0.2894037528 -1.827223411 0.1)
(-0.3128689296 -1.97537668 0.1)
(0 -0.5 0.1)
(0 -0.65 0.1)
(0 -0.8 0.1)
(0 -0.95 0.1)
(0 -1.1 0.1)
(0 -1.25 0.1)
(0 -1.4 0.1)
(0 -1.55 0.1)
(0 -1.7 0.1)
(0 -1.85 0.1)
(0 -2 0.1)
(0.07821716129 -0.493843987 0)
(0.1016823381 -0.6419972563 0)
(0.125147515 -0.7901505256 0)
(0.1486126918 -0.9383037949 0)
(0.1720778686 -1.086457064 0)
(0.1955430455 -1.234610334 0)
(0.2190082223 -1.382763603 0)
(0.2424733991 -1.530916872 0)
(0.265938576 -1.679070141 0)
(0.2894037528 -1.827223411 0)
(0.3128689296 -1.97537668 0)
(0.1545083367 -0.4755279456 0)
(0.2008609018 -0.6181864541 0)
(0.2472134669 -0.7608449626 0)
(0.293566032 -0.9035034711 0)
(0.3399185971 -1.04616198 0)
(0.3862711622 -1.188820488 0)
(0.4326237273 -1.331478997 0)
(0.4789762925 -1.474137505 0)
(0.5253288576 -1.616796014 0)
(0.5716814227 -1.759454522 0)
(0.6180339878 -1.902113031 0)
(0.226994997 -0.4455028746 0)
(0.2950935971 -0.5791538917 0)
(0.3631921972 -0.7128049089 0)
(0.4312907973 -0.846455926 0)
(0.4993893974 -0.9801069432 0)
(0.5674879975 -1.11375796 0)
(0.6355865976 -1.247408977 0)
(0.7036851977 -1.381059995 0)
(0.7717837978 -1.514711012 0)
(0.8398823979 -1.648362029 0)
(0.9079809979 -1.782013046 0)
(0.2938922922 -0.4045080857 0)
(0.3820601132 -0.5258606758 0)
(0.4702279343 -0.6472132658 0)
(0.5583957553 -0.7685658559 0)
(0.6465635763 -0.8899184459 0)
(0.7347313974 -1.011271036 0)
(0.8228992184 -1.132623626 0)
(0.9110670395 -1.253976216 0)
(0.9992348605 -1.375328806 0)
(1.087402682 -1.496681396 0)
(1.175570503 -1.618033986 0)
(0.353553 -0.353553 0)
(0.459619056 -0.459619056 0)
(0.565685112 -0.565685112 0)
(0.671751168 -0.671751168 0)
(0.777817224 -0.777817224 0)
(0.88388328 -0.88388328 0)
(0.989949336 -0.989949336 0)
(1.096015392 -1.096015392 0)
(1.202081448 -1.202081448 0)
(1.308147504 -1.308147504 0)
(1.41421356 -1.41421356 0)
(0.4045080857 -0.2938922922 0)
(0.5258606758 -0.3820601132 0)
(0.6472132658 -0.4702279343 0)
(0.7685658559 -0.5583957553 0)
(0.8899184459 -0.6465635763 0)
(1.011271036 -0.7347313974 0)
(1.132623626 -0.8228992184 0)
(1.253976216 -0.9110670395 0)
(1.375328806 -0.9992348605 0)
(1.496681396 -1.087402682 0)
(1.618033986 -1.175570503 0)
(0.4455028746 -0.226994997 0)
(0.5791538917 -0.2950935971 0)
(0.7128049089 -0.3631921972 0)
(0.846455926 -0.4312907973 0)
(0.9801069432 -0.4993893974 0)
(1.11375796 -0.5674879975 0)
(1.247408977 -0.6355865976 0)
(1.381059995 -0.7036851977 0)
(1.514711012 -0.7717837978 0)
(1.648362029 -0.8398823979 0)
(1.782013046 -0.9079809979 0)
(0.4755279456 -0.1545083367 0)
(0.6181864541 -0.2008609018 0)
(0.7608449626 -0.2472134669 0)
(0.9035034711 -0.293566032 0)
(1.04616198 -0.3399185971 0)
(1.188820488 -0.3862711622 0)
(1.331478997 -0.4326237273 0)
(1.474137505 -0.4789762925 0)
(1.616796014 -0.5253288576 0)
(1.759454522 -0.5716814227 0)
(1.902113031 -0.6180339878 0)
(0.493843987 -0.07821716129 0)
(0.6419972563 -0.1016823381 0)
(0.7901505256 -0.125147515 0)
(0.9383037949 -0.1486126918 0)
(1.086457064 -0.1720778686 0)
(1.234610334 -0.1955430455 0)
(1.382763603 -0.2190082223 0)
(1.530916872 -0.2424733991 0)
(1.679070141 -0.265938576 0)
(1.827223411 -0.2894037528 0)
(1.97537668 -0.3128689296 0)
(0.07821716129 -0.493843987 0.1)
(0.1016823381 -0.6419972563 0.1)
(0.125147515 -0.7901505256 0.1)
(0.1486126918 -0.9383037949 0.1)
(0.1720778686 -1.086457064 0.1)
(0.1955430455 -1.234610334 0.1)
(0.2190082223 -1.382763603 0.1)
(0.2424733991 -1.530916872 0.1)
(0.265938576 -1.679070141 0.1)
(0.2894037528 -1.827223411 0.1)
(0.3128689296 -1.97537668 0.1)
(0.1545083367 -0.4755279456 0.1)
(0.2008609018 -0.6181864541 0.1)
(0.2472134669 -0.7608449626 0.1)
(0.293566032 -0.9035034711 0.1)
(0.3399185971 -1.04616198 0.1)
(0.3862711622 -1.188820488 0.1)
(0.4326237273 -1.331478997 0.1)
(0.4789762925 -1.474137505 0.1)
(0.5253288576 -1.616796014 0.1)
(0.5716814227 -1.759454522 0.1)
(0.6180339878 -1.902113031 0.1)
(0.226994997 -0.4455028746 0.1)
(0.2950935971 -0.5791538917 0.1)
(0.3631921972 -0.7128049089 0.1)
(0.4312907973 -0.846455926 0.1)
(0.4993893974 -0.9801069432 0.1)
(0.5674879975 -1.11375796 0.1)
(0.6355865976 -1.247408977 0.1)
(0.7036851977 -1.381059995 0.1)
(0.7717837978 -1.514711012 0.1)
(0.8398823979 -1.648362029 0.1)
(0.9079809979 -1.782013046 0.1)
(0.2938922922 -0.4045080857 0.1)
(0.3820601132 -0.5258606758 0.1)
(0.4702279343 -0.6472132658 0.1)
(0.5583957553 -0.7685658559 0.1)
(0.6465635763 -0.8899184459 0.1)
(0.7347313974 -1.011271036 0.1)
(0.8228992184 -1.132623626 0.1)
(0.9110670395 -1.253976216 0.1)
(0.9992348605 -1.375328806 0.1)
(1.087402682 -1.496681396 0.1)
(1.175570503 -1.618033986 0.1)
(0.353553 -0.353553 0.1)
(0.459619056 -0.459619056 0.1)
(0.565685112 -0.565685112 0.1)
(0.671751168 -0.671751168 0.1)
(0.777817224 -0.777817224 0.1)
(0.88388328 -0.88388328 0.1)
(0.989949336 -0.989949336 0.1)
(1.096015392 -1.096015392 0.1)
(1.202081448 -1.202081448 0.1)
(1.308147504 -1.308147504 0.1)
(1.41421356 -1.41421356 0.1)
(0.4045080857 -0.2938922922 0.1)
(0.5258606758 -0.3820601132 0.1)
(0.6472132658 -0.4702279343 0.1)
(0.7685658559 -0.5583957553 0.1)
(0.8899184459 -0.6465635763 0.1)
(1.011271036 -0.7347313974 0.1)
(1.132623626 -0.8228992184 0.1)
(1.253976216 -0.9110670395 0.1)
(1.375328806 -0.9992348605 0.1)
(1.496681396 -1.087402682 0.1)
(1.618033986 -1.175570503 0.1)
(0.4455028746 -0.226994997 0.1)
(0.5791538917 -0.2950935971 0.1)
(0.7128049089 -0.3631921972 0.1)
(0.846455926 -0.4312907973 0.1)
(0.9801069432 -0.4993893974 0.1)
(1.11375796 -0.5674879975 0.1)
(1.247408977 -0.6355865976 0.1)
(1.381059995 -0.7036851977 0.1)
(1.514711012 -0.7717837978 0.1)
(1.648362029 -0.8398823979 0.1)
(1.782013046 -0.9079809979 0.1)
(0.4755279456 -0.1545083367 0.1)
(0.6181864541 -0.2008609018 0.1)
(0.7608449626 -0.2472134669 0.1)
(0.9035034711 -0.293566032 0.1)
(1.04616198 -0.3399185971 0.1)
(1.188820488 -0.3862711622 0.1)
(1.331478997 -0.4326237273 0.1)
(1.474137505 -0.4789762925 0.1)
(1.616796014 -0.5253288576 0.1)
(1.759454522 -0.5716814227 0.1)
(1.902113031 -0.6180339878 0.1)
(0.493843987 -0.07821716129 0.1)
(0.6419972563 -0.1016823381 0.1)
(0.7901505256 -0.125147515 0.1)
(0.9383037949 -0.1486126918 0.1)
(1.086457064 -0.1720778686 0.1)
(1.234610334 -0.1955430455 0.1)
(1.382763603 -0.2190082223 0.1)
(1.530916872 -0.2424733991 0.1)
(1.679070141 -0.265938576 0.1)
(1.827223411 -0.2894037528 0.1)
(1.97537668 -0.3128689296 0.1)
)


// ************************************************************************* //
