/*--------------------------------*- C++ -*----------------------------------*\
| =========                 |                                                 |
| \\      /  F ield         | foam-extend: Open Source CFD                    |
|  \\    /   O peration     | Version:  3.0                                   |
|   \\  /    A nd           | Web:         http://www.extend-project.de       |
|    \\/     M anipulation  |                                                 |
\*---------------------------------------------------------------------------*/
FoamFile
{
    version     2.0;
    format      ascii;
    class       volVectorField;
    location    "20";
    object      s;
}
// * * * * * * * * * * * * * * * * * * * * * * * * * * * * * * * * * * * * * //

dimensions      [0 1 -1 0 0 0 0];

internalField   nonuniform List<vector> 
3012
(
(-2.24077 0.123903 0)
(-1.84251 -0.245191 0)
(-2.59502 0.164411 0)
(-1.7427 0.128317 0)
(-3.13051 0.358942 0)
(-2.18155 0.220677 0)
(-3.03917 -0.30819 0)
(-2.87387 0.101482 0)
(-2.01303 0.233445 0)
(-2.2193 -0.395881 0)
(-1.90278 -0.0768155 0)
(-2.23653 0.452683 0)
(-1.28294 -0.131981 0)
(-2.00898 0.0772391 0)
(-2.26099 0.0661808 0)
(-1.22423 0.116515 0)
(-3.11545 0.311436 0)
(-2.19996 0.271345 0)
(-2.96564 -0.336561 0)
(-2.88411 0.0967633 0)
(-1.2723 0.42362 0)
(-1.67741 -0.221669 0)
(-1.89025 -0.351816 0)
(-1.22384 0.300143 0)
(-2.68276 0.032605 0)
(-1.9769 -0.1391 0)
(-1.94042 0.265693 0)
(-2.27194 0.0478083 0)
(-1.87896 0.331399 0)
(-2.07373 0.415284 0)
(-1.37694 -0.166181 0)
(-1.55537 -0.439081 0)
(-1.31403 -0.144643 0)
(-2.09288 0.374804 0)
(-1.89383 0.307246 0)
(-1.47207 -0.411361 0)
(-2.09854 -0.186375 0)
(-2.73192 0.0516451 0)
(-2.29037 0.0508296 0)
(-2.05079 0.251266 0)
(-1.17196 -0.115777 0)
(-2.17121 0.0612076 0)
(-1.11327 0.110802 0)
(-1.94075 0.0727276 0)
(-1.29645 -0.103689 0)
(-1.43725 -0.370687 0)
(-1.93326 0.27514 0)
(-2.14611 0.330609 0)
(-1.27814 -0.36833 0)
(-2.02241 0.32855 0)
(-1.83688 0.287688 0)
(-1.15122 -0.13023 0)
(-2.22694 0.122118 0)
(-1.77518 -0.230235 0)
(-1.68008 0.130481 0)
(-2.56932 0.154364 0)
(-2.7249 -0.323383 0)
(-2.27362 0.444708 0)
(-3.06773 0.239436 0)
(-2.89551 0.086013 0)
(-2.71796 -0.353171 0)
(-2.25347 0.365643 0)
(-3.01829 0.263256 0)
(-2.91996 0.0482429 0)
(-1.30971 -0.0830487 0)
(-2.02541 0.0322019 0)
(-2.28913 0.00434691 0)
(-1.26683 0.163477 0)
(-2.13731 -0.148725 0)
(-1.18782 0.272924 0)
(-1.20062 0.0874534 0)
(-1.9007 -0.0844373 0)
(-1.78864 0.46686 0)
(-1.57532 -0.489711 0)
(-1.37175 -0.242015 0)
(-1.64733 0.37216 0)
(-1.69896 0.355921 0)
(-1.85051 0.426706 0)
(-1.42204 -0.469728 0)
(-1.24729 -0.229156 0)
(-1.39887 -0.0786122 0)
(-2.07384 0.0256298 0)
(-1.36082 0.186094 0)
(-2.35813 -0.00649946 0)
(-2.11632 -0.0392288 0)
(-1.09496 0.192746 0)
(-1.13295 -0.00382698 0)
(-1.89123 -0.0053563 0)
(-1.21886 -0.180429 0)
(-1.99633 0.387226 0)
(-1.81734 0.327629 0)
(-1.37114 -0.428571 0)
(-2.27237 -0.390739 0)
(-2.01641 0.222148 0)
(-1.93953 -0.0725665 0)
(-2.23936 0.457296 0)
(-2.21568 0.0161856 0)
(-2.30598 0.367595 0)
(-2.15392 -0.0294064 0)
(-2.69086 -0.191153 0)
(-2.11278 -0.164984 0)
(-1.16772 0.281776 0)
(-1.17886 0.10354 0)
(-1.88125 -0.0980676 0)
(-1.75002 0.472841 0)
(-1.36107 -0.249885 0)
(-1.56651 -0.494721 0)
(-1.61489 0.378441 0)
(-1.80896 -0.396419 0)
(-1.24962 0.324707 0)
(-1.60643 -0.249435 0)
(-1.31376 0.441005 0)
(-1.96413 0.2223 0)
(-2.18964 0.25709 0)
(-1.3585 -0.309934 0)
(-1.2457 -0.0465978 0)
(-1.52585 -0.49626 0)
(-1.3371 -0.278272 0)
(-1.51776 0.505646 0)
(-1.41037 0.402783 0)
(-1.76306 -0.179835 0)
(-1.08639 0.209659 0)
(-1.08776 0.319506 0)
(-1.96086 -0.264429 0)
(-2.49534 -0.203355 0)
(-2.32798 0.00628096 0)
(-2.79902 0.15042 0)
(-2.30468 0.320717 0)
(-3.05757 0.0486597 0)
(-2.67391 0.68142 0)
(-2.99786 0.060477 0)
(-2.43441 -0.305976 0)
(-2.57065 -0.205672 0)
(-2.31647 0.00649716 0)
(-2.41107 0.359138 0)
(-2.84139 0.122886 0)
(-3.06308 0.0761556 0)
(-3.04897 0.0907903 0)
(-2.60086 0.693054 0)
(-2.48933 -0.361103 0)
(-2.67578 0.0702939 0)
(-1.86596 0.232678 0)
(-2.26904 0.0646899 0)
(-1.92448 -0.169047 0)
(-3.00637 0.191291 0)
(-2.4177 0.494302 0)
(-2.54894 -0.31034 0)
(-2.94754 -0.00513815 0)
(-2.94136 0.213759 0)
(-2.37608 0.491966 0)
(-2.46905 -0.228972 0)
(-2.85382 -0.043127 0)
(-1.06946 -0.084607 0)
(-1.82815 0.24201 0)
(-1.17047 -0.309018 0)
(-2.02136 0.269065 0)
(-1.31969 -0.384774 0)
(-2.03547 0.348623 0)
(-1.84736 0.300568 0)
(-1.18373 -0.140125 0)
(-1.75241 -0.421481 0)
(-1.55452 -0.259993 0)
(-1.36108 0.460929 0)
(-1.28585 0.347033 0)
(-2.3058 0.051831 0)
(-2.37297 -0.188413 0)
(-2.81004 0.0303887 0)
(-2.3583 0.30307 0)
(-1.32671 -0.162025 0)
(-2.06807 0.395743 0)
(-1.87461 0.322486 0)
(-1.49358 -0.42939 0)
(-2.87722 0.298673 0)
(-2.79899 -0.084753 0)
(-2.48187 -0.195318 0)
(-2.24823 0.352712 0)
(-2.41868 -0.0752818 0)
(-2.84541 0.279151 0)
(-2.33014 0.329197 0)
(-2.73113 -0.164463 0)
(-2.29412 0.0559135 0)
(-2.3978 -0.222086 0)
(-2.82125 0.0522672 0)
(-2.36051 0.306359 0)
(-1.61635 0.458774 0)
(-1.85299 -0.198564 0)
(-1.52819 0.26973 0)
(-2.13397 -0.377267 0)
(-1.58075 0.30342 0)
(-2.06134 -0.421607 0)
(-1.69128 0.478569 0)
(-1.79061 -0.215942 0)
(-1.79084 -0.410046 0)
(-1.5876 -0.253867 0)
(-1.35116 0.458368 0)
(-1.27967 0.340812 0)
(-1.65818 -0.436359 0)
(-2.13774 0.415737 0)
(-1.92835 0.318938 0)
(-1.4694 -0.147465 0)
(-1.2994 -0.0569046 0)
(-2.01093 0.0165128 0)
(-1.26167 0.181156 0)
(-2.27114 -0.0169603 0)
(-1.31097 -0.153659 0)
(-2.27514 0.088977 0)
(-2.02061 0.0934953 0)
(-1.2455 0.101054 0)
(-1.10429 -0.251839 0)
(-2.01231 0.207728 0)
(-1.02548 -0.0350687 0)
(-1.81689 0.190711 0)
(-1.10424 0.22432 0)
(-1.76373 -0.178898 0)
(-1.97002 -0.267019 0)
(-1.10805 0.347649 0)
(-2.35423 -0.0357127 0)
(-1.36975 0.209596 0)
(-1.39904 -0.0483954 0)
(-2.06791 0.00563403 0)
(-1.55705 -0.509811 0)
(-1.41535 0.39965 0)
(-1.36569 -0.290914 0)
(-1.52298 0.503926 0)
(-1.38081 -0.177301 0)
(-1.84941 0.335889 0)
(-1.56249 -0.446478 0)
(-2.03515 0.422008 0)
(-1.1539 0.218091 0)
(-1.76949 -0.170247 0)
(-1.16705 0.348012 0)
(-1.98023 -0.265081 0)
(-1.4077 -0.272342 0)
(-1.54825 0.487112 0)
(-1.43952 0.382409 0)
(-1.6023 -0.489838 0)
(-2.10432 0.43018 0)
(-1.68247 -0.44618 0)
(-1.48481 -0.159936 0)
(-1.90305 0.327672 0)
(-1.27697 0.418018 0)
(-1.70807 -0.211893 0)
(-1.92549 -0.340239 0)
(-1.23133 0.288197 0)
(-1.25632 0.31657 0)
(-1.86006 -0.377968 0)
(-1.31624 0.439832 0)
(-1.6491 -0.235585 0)
(-1.65916 0.463514 0)
(-1.85994 -0.195575 0)
(-1.56385 0.270968 0)
(-2.14494 -0.382431 0)
(-1.59492 0.288338 0)
(-1.70397 0.473097 0)
(-2.10839 -0.410563 0)
(-1.828 -0.207334 0)
(-2.55295 -0.289866 0)
(-2.00283 0.107243 0)
(-2.12433 -0.0512721 0)
(-2.16474 0.444496 0)
(-1.14968 -0.196594 0)
(-1.74834 0.335018 0)
(-1.29486 -0.429299 0)
(-1.90781 0.387858 0)
(-1.09452 -0.100286 0)
(-2.08834 0.0588815 0)
(-1.03877 0.107581 0)
(-1.87619 0.0695392 0)
(-1.7559 0.468245 0)
(-1.64061 0.271705 0)
(-1.85869 -0.193766 0)
(-2.15253 -0.402244 0)
(-1.20949 -0.117283 0)
(-2.18679 0.0634628 0)
(-1.14985 0.112063 0)
(-1.9526 0.074826 0)
(-1.27748 -0.105341 0)
(-2.00711 0.0567026 0)
(-2.26138 0.0396453 0)
(-1.22446 0.13772 0)
(-2.26532 0.0825292 0)
(-1.89364 -0.228587 0)
(-1.81742 0.169949 0)
(-2.65015 0.102606 0)
(-1.05581 -0.0697794 0)
(-2.0233 0.252161 0)
(-1.82746 0.227032 0)
(-1.15008 -0.29131 0)
(-2.75997 -0.181526 0)
(-2.28051 0.0100972 0)
(-2.69019 0.409237 0)
(-2.86014 0.0440089 0)
(-2.89018 -0.215207 0)
(-2.85769 0.40757 0)
(-2.26591 0.049437 0)
(-2.88836 0.0480646 0)
(-1.26243 -0.105289 0)
(-1.92533 0.273132 0)
(-1.39812 -0.368683 0)
(-2.13588 0.324146 0)
(-1.80522 0.478639 0)
(-1.6814 0.280487 0)
(-1.85548 -0.18913 0)
(-2.15191 -0.407272 0)
(-1.34774 -0.324399 0)
(-1.94023 0.242291 0)
(-2.15826 0.282012 0)
(-1.22889 -0.0659451 0)
(-2.2584 0.0809588 0)
(-1.90043 -0.197869 0)
(-1.82698 0.191647 0)
(-2.64425 0.102204 0)
(-2.55537 -0.266613 0)
(-1.96761 0.0857559 0)
(-2.13099 -0.0606898 0)
(-2.10138 0.417887 0)
(-1.88806 -0.459638 0)
(-1.64295 0.491935 0)
(-1.53001 0.348213 0)
(-1.6496 -0.246778 0)
(-1.13462 -0.0343208 0)
(-2.13 -0.0132727 0)
(-1.90381 0.0146492 0)
(-1.09195 0.16952 0)
(-1.38331 0.256447 0)
(-1.83194 -0.194366 0)
(-1.44198 0.427829 0)
(-2.08842 -0.339285 0)
(-2.21398 -0.0236165 0)
(-2.17182 0.365024 0)
(-2.04898 -0.00966851 0)
(-2.67056 -0.206276 0)
(-2.14104 -0.0656761 0)
(-1.16284 0.00771051 0)
(-1.12976 0.208026 0)
(-1.90894 -0.0249163 0)
(-1.85867 0.440441 0)
(-1.70591 0.362439 0)
(-1.47075 -0.470664 0)
(-1.28679 -0.227198 0)
(-1.88621 0.421066 0)
(-1.72932 0.353071 0)
(-1.40123 -0.460594 0)
(-1.23162 -0.218878 0)
(-1.26839 -0.25244 0)
(-1.75556 0.452244 0)
(-1.61897 0.373747 0)
(-1.45817 -0.490546 0)
(-1.11244 0.0616169 0)
(-2.0795 -0.107863 0)
(-1.08671 0.241653 0)
(-1.85827 -0.0590908 0)
(-1.09499 -0.229148 0)
(-2.02094 0.191415 0)
(-1.01505 -0.00958253 0)
(-1.82501 0.174798 0)
(-1.05311 -0.119952 0)
(-1.78426 0.267318 0)
(-1.9628 0.2963 0)
(-1.16004 -0.337631 0)
(-1.29534 -0.245329 0)
(-1.76561 0.453318 0)
(-1.48831 -0.48522 0)
(-1.6284 0.371418 0)
(-1.13869 0.0642372 0)
(-2.09227 -0.117167 0)
(-1.8681 -0.0649207 0)
(-1.11566 0.245301 0)
(-1.85754 0.324021 0)
(-1.89585 -0.456921 0)
(-1.65327 -0.173233 0)
(-2.04353 0.468113 0)
(-1.91646 0.316961 0)
(-1.89112 -0.454116 0)
(-2.11984 0.456599 0)
(-1.65484 -0.156485 0)
(-2.18808 -0.290343 0)
(-1.45728 0.396205 0)
(-1.91368 -0.161138 0)
(-1.4107 0.200396 0)
(-1.6445 -0.230217 0)
(-1.63573 0.349393 0)
(-1.77072 0.496112 0)
(-1.89023 -0.468235 0)
(-1.31763 -0.0902319 0)
(-1.95894 0.261842 0)
(-2.18007 0.31644 0)
(-1.45565 -0.363122 0)
(-1.85767 0.476858 0)
(-1.93944 -0.162348 0)
(-1.7326 0.249368 0)
(-2.26336 -0.377879 0)
(-1.90349 0.461689 0)
(-1.97669 -0.141418 0)
(-1.77429 0.21752 0)
(-2.31849 -0.36085 0)
(-1.67153 -0.241738 0)
(-1.44622 0.461188 0)
(-1.36702 0.32434 0)
(-1.89723 -0.410764 0)
(-1.52824 0.31946 0)
(-1.51104 0.0667676 0)
(-2.06297 -0.0727339 0)
(-2.3728 -0.16206 0)
(-1.31289 -0.205212 0)
(-2.0021 0.134807 0)
(-1.23216 0.0523268 0)
(-2.2469 0.143341 0)
(-2.31714 -0.317963 0)
(-2.29927 0.0937427 0)
(-2.68661 0.264969 0)
(-2.08417 0.135838 0)
(-1.54119 0.301919 0)
(-2.10051 -0.046789 0)
(-1.53592 0.0337819 0)
(-2.41875 -0.121894 0)
(-2.57198 0.446843 0)
(-2.87181 0.119658 0)
(-2.35759 -0.111221 0)
(-2.83529 -0.13363 0)
(-1.41953 -0.257966 0)
(-1.56586 0.383079 0)
(-1.62742 -0.500124 0)
(-1.69325 0.488883 0)
(-1.22123 -0.420717 0)
(-1.73475 0.343093 0)
(-1.08516 -0.194084 0)
(-1.88585 0.389659 0)
(-1.84796 0.0833872 0)
(-2.05373 0.0778885 0)
(-0.982857 0.0756476 0)
(-1.03808 -0.128205 0)
(-1.86173 -0.134091 0)
(-1.20136 0.156697 0)
(-1.20469 0.323183 0)
(-2.09423 -0.218674 0)
(-2.072 -0.114498 0)
(-1.75801 0.395253 0)
(-2.42751 -0.26251 0)
(-1.68474 0.122529 0)
(-2.09979 -0.0946781 0)
(-1.75148 0.383373 0)
(-2.45955 -0.231792 0)
(-1.68762 0.099618 0)
(-1.52353 -0.492759 0)
(-1.31716 -0.271202 0)
(-1.55636 0.491908 0)
(-1.44617 0.399059 0)
(-2.53344 -0.216206 0)
(-1.86843 0.381707 0)
(-2.14731 -0.0740862 0)
(-1.79334 0.0685989 0)
(-1.09151 0.306705 0)
(-1.08601 0.179242 0)
(-1.77535 -0.162902 0)
(-1.97723 -0.2431 0)
(-2.25903 0.912952 0)
(-3.12522 -0.908045 0)
(-3.70976 -0.00705883 0)
(-3.09791 0.429359 0)
(-2.17384 -0.280074 0)
(-1.41101 0.390341 0)
(-1.37221 0.199767 0)
(-1.90487 -0.158394 0)
(-1.97248 0.285488 0)
(-1.04547 -0.101575 0)
(-1.14836 -0.317423 0)
(-1.78926 0.257361 0)
(-2.22055 0.199958 0)
(-2.73668 0.272934 0)
(-2.32658 0.0228443 0)
(-2.53027 -0.283384 0)
(-1.79071 0.362617 0)
(-2.5141 -0.199618 0)
(-2.13846 -0.0742466 0)
(-1.73442 0.0607163 0)
(-1.49293 0.474773 0)
(-1.66519 -0.24725 0)
(-1.4047 0.335731 0)
(-1.89484 -0.427837 0)
(-1.60855 -0.242209 0)
(-1.61945 0.357704 0)
(-1.75348 0.495767 0)
(-1.84503 -0.479472 0)
(-1.35996 -0.096056 0)
(-2.04973 0.0441217 0)
(-1.31441 0.161185 0)
(-2.32144 0.0195024 0)
(-2.24723 0.577621 0)
(-3.02201 -0.462159 0)
(-3.3602 0.215342 0)
(-2.9582 0.249046 0)
(-1.8524 -0.467058 0)
(-1.65888 0.496298 0)
(-1.54155 0.35738 0)
(-1.61847 -0.248308 0)
(-1.35645 0.239684 0)
(-1.84156 -0.18931 0)
(-1.40848 0.410992 0)
(-2.09615 -0.324793 0)
(-1.53916 -0.0515308 0)
(-2.33885 0.325036 0)
(-1.69788 -0.373714 0)
(-2.07681 0.2457 0)
(-1.25157 -0.167076 0)
(-2.0167 0.379408 0)
(-1.83378 0.318323 0)
(-1.40591 -0.419347 0)
(-2.23068 0.0998681 0)
(-2.8223 0.401381 0)
(-2.79147 -0.203368 0)
(-2.85325 0.0367875 0)
(-1.19238 0.297546 0)
(-1.87293 -0.341375 0)
(-1.23533 0.416485 0)
(-1.66529 -0.217505 0)
(-2.34254 0.346811 0)
(-1.57386 -0.0602378 0)
(-1.74644 -0.388108 0)
(-2.07926 0.255883 0)
(-1.33051 0.365267 0)
(-1.68659 -0.46333 0)
(-1.49367 -0.281358 0)
(-1.4201 0.474736 0)
(-1.34539 0.362052 0)
(-1.71996 -0.456513 0)
(-1.52069 -0.273981 0)
(-1.43516 0.476039 0)
(-2.31282 0.201424 0)
(-1.33868 0.0195083 0)
(-2.05373 0.174326 0)
(-1.43819 -0.265959 0)
(-3.32923 0.03326 0)
(-3.05996 0.738576 0)
(-2.29298 -0.264034 0)
(-2.94221 -0.0251176 0)
(-1.801 0.498176 0)
(-1.77864 -0.484413 0)
(-1.65787 0.36986 0)
(-1.54938 -0.235655 0)
(-2.24123 0.321674 0)
(-1.38708 -0.0748878 0)
(-1.532 -0.365717 0)
(-2.00543 0.259646 0)
(-1.36524 0.0110785 0)
(-1.47329 -0.278767 0)
(-2.06273 0.186102 0)
(-2.32301 0.220954 0)
(-1.09287 -0.0863807 0)
(-1.83469 0.24748 0)
(-2.02817 0.276607 0)
(-1.19784 -0.313164 0)
(-1.84522 0.491769 0)
(-1.78903 -0.481446 0)
(-1.55923 -0.226965 0)
(-1.69544 0.362922 0)
(-1.33598 0.151454 0)
(-1.35842 0.348356 0)
(-1.93378 -0.135811 0)
(-2.19873 -0.238765 0)
(-1.35996 0.13291 0)
(-1.37902 0.339064 0)
(-1.95707 -0.12169 0)
(-2.22908 -0.220534 0)
(-1.41344 0.0247908 0)
(-2.08513 0.180696 0)
(-1.52335 -0.274937 0)
(-2.35436 0.21872 0)
(-1.59197 -0.498458 0)
(-1.57024 0.383585 0)
(-1.38491 -0.255536 0)
(-1.69773 0.483697 0)
(-2.25007 0.324748 0)
(-1.57035 -0.373063 0)
(-1.42107 -0.0785008 0)
(-2.01241 0.25885 0)
(-1.29327 -0.178975 0)
(-1.99679 0.120278 0)
(-1.21834 0.0731399 0)
(-2.24098 0.123662 0)
(-1.86002 -0.124784 0)
(-1.17932 0.139072 0)
(-1.17612 0.305145 0)
(-2.08834 -0.201792 0)
(-2.01902 -0.3382 0)
(-3.82957 -0.107508 0)
(-3.62593 0.699399 0)
(-2.79873 -0.176549 0)
(-1.43201 0.0489193 0)
(-1.53404 -0.256375 0)
(-2.1096 0.163239 0)
(-2.38973 0.194461 0)
(-2.23494 0.374306 0)
(-1.68432 -0.415331 0)
(-2.00075 0.284344 0)
(-1.50684 -0.10995 0)
(-1.85014 -0.112707 0)
(-2.18571 0.468302 0)
(-1.9704 0.268632 0)
(-2.1471 -0.425147 0)
(-3.15919 -0.0705645 0)
(-2.9267 0.595866 0)
(-2.30451 -0.168846 0)
(-2.91869 0.0295712 0)
(-2.31078 0.0836073 0)
(-2.56489 -0.18004 0)
(-2.87411 0.000117951 0)
(-2.6153 0.356055 0)
(-2.05366 0.269143 0)
(-1.83628 -0.413081 0)
(-2.30829 0.381502 0)
(-1.63814 -0.0810579 0)
(-1.32769 -0.125417 0)
(-2.12809 0.362617 0)
(-1.48268 -0.396967 0)
(-1.92125 0.296729 0)
(-2.22652 0.169519 0)
(-2.0668 -0.344982 0)
(-1.87217 0.0521187 0)
(-2.56054 0.295195 0)
(-1.14734 -0.268811 0)
(-1.84193 0.210158 0)
(-1.05654 -0.0463444 0)
(-2.04235 0.232514 0)
(-1.2228 -0.403337 0)
(-1.7525 0.336883 0)
(-1.91182 0.384016 0)
(-1.08916 -0.177572 0)
(-2.21458 0.173138 0)
(-2.1096 -0.360906 0)
(-2.5508 0.315473 0)
(-1.89687 0.0464579 0)
(-1.16173 -0.258078 0)
(-2.06041 0.217562 0)
(-1.85778 0.197165 0)
(-1.07284 -0.0315769 0)
(-1.85368 0.0965007 0)
(-0.996172 0.0602513 0)
(-2.0597 0.0941938 0)
(-1.05595 -0.15097 0)
(-2.23776 0.367617 0)
(-1.4798 -0.0962855 0)
(-1.65069 -0.397498 0)
(-2.0036 0.282777 0)
(-2.61942 0.333148 0)
(-2.82495 -0.106975 0)
(-2.26303 0.131845 0)
(-2.42049 -0.15912 0)
(-2.03627 0.280522 0)
(-1.79018 -0.417117 0)
(-1.59691 -0.0928544 0)
(-2.28329 0.38738 0)
(-2.17176 0.354432 0)
(-2.27214 0.0222333 0)
(-2.13317 -0.0894108 0)
(-2.75244 -0.0610181 0)
(-2.19574 0.51477 0)
(-2.67884 -0.334162 0)
(-3.08059 0.283933 0)
(-2.85915 0.0914511 0)
(-2.74468 0.240255 0)
(-2.20014 0.239684 0)
(-2.47358 -0.254061 0)
(-2.32253 0.0221647 0)
(-2.34089 0.334023 0)
(-2.35281 -0.0086259 0)
(-2.82245 0.185781 0)
(-2.58182 -0.200924 0)
(-2.11108 -0.110703 0)
(-2.12548 0.323493 0)
(-2.73578 -0.0282235 0)
(-2.27413 0.030852 0)
(-1.13114 -0.168031 0)
(-1.78982 0.321623 0)
(-1.26689 -0.401607 0)
(-1.96094 0.368219 0)
(-1.15176 -0.180219 0)
(-1.9573 0.377773 0)
(-1.78723 0.326778 0)
(-1.29325 -0.417401 0)
(-3.22703 -0.784587 0)
(-2.12767 0.946495 0)
(-3.7025 0.037472 0)
(-2.95942 0.506825 0)
(-1.9161 0.311201 0)
(-2.12178 0.394921 0)
(-1.41606 -0.146632 0)
(-1.59187 -0.428615 0)
(-2.39001 0.295436 0)
(-2.114 0.223851 0)
(-1.69865 -0.350127 0)
(-1.5508 -0.0237263 0)
(-1.14303 0.316371 0)
(-1.14168 0.171096 0)
(-1.81213 -0.148424 0)
(-2.0264 -0.230375 0)
(-2.02158 -0.252586 0)
(-1.16854 0.337577 0)
(-1.80439 -0.161734 0)
(-1.15957 0.195408 0)
(-1.61049 0.486876 0)
(-1.57142 -0.498827 0)
(-1.49566 0.38826 0)
(-1.36563 -0.261289 0)
(-3.77506 0.151065 0)
(-2.03558 -0.395684 0)
(-3.51269 0.981746 0)
(-2.81746 -0.176044 0)
(-1.26166 -0.379002 0)
(-1.99612 0.34622 0)
(-1.81609 0.304062 0)
(-1.13218 -0.144529 0)
(-1.59379 0.495243 0)
(-1.48032 0.38995 0)
(-1.4028 -0.267454 0)
(-1.60372 -0.499197 0)
(-1.97984 0.223667 0)
(-1.01078 -0.0540429 0)
(-1.09621 -0.262115 0)
(-1.78634 0.203053 0)
(-1.59161 0.485681 0)
(-1.54121 -0.496553 0)
(-1.47999 0.39145 0)
(-1.33152 -0.260786 0)
(-1.11156 0.30319 0)
(-1.79853 -0.151964 0)
(-1.11364 0.164835 0)
(-2.00609 -0.229693 0)
(-1.29258 0.316591 0)
(-1.88361 -0.3876 0)
(-1.35792 0.446159 0)
(-1.66648 -0.237118 0)
(-2.27731 0.0454223 0)
(-2.37278 -0.134193 0)
(-2.81518 -0.0108343 0)
(-2.39059 0.379102 0)
(-1.60442 0.0579875 0)
(-2.48354 0.212613 0)
(-1.72065 -0.283672 0)
(-2.17545 0.162727 0)
(-2.28781 0.0952538 0)
(-2.01153 -0.242158 0)
(-2.67884 0.147733 0)
(-1.90519 0.172929 0)
(-2.01992 -0.0696919 0)
(-1.99002 0.182663 0)
(-2.392 -0.359748 0)
(-2.1903 0.457018 0)
(-2.09204 -0.231699 0)
(-2.30151 0.0750232 0)
(-2.71289 0.122733 0)
(-1.99253 0.200956 0)
(-2.1476 -0.219788 0)
(-2.30613 0.0628044 0)
(-2.74302 0.0796351 0)
(-2.08386 0.225732 0)
(-1.9455 0.0426489 0)
(-2.18191 -0.37073 0)
(-2.56274 0.31946 0)
(-2.22162 0.154293 0)
(-1.79725 0.477321 0)
(-1.65373 0.374537 0)
(-1.62506 -0.497897 0)
(-1.41647 -0.246623 0)
(-2.26669 -0.27553 0)
(-1.53826 0.392108 0)
(-1.48656 0.173269 0)
(-1.9698 -0.143398 0)
(-2.07184 -0.0552846 0)
(-2.02625 0.14585 0)
(-2.47246 -0.332359 0)
(-2.21906 0.450143 0)
(-1.86659 0.493049 0)
(-1.71677 0.334248 0)
(-1.69307 -0.21109 0)
(-1.95223 -0.462961 0)
(-1.99942 -0.148368 0)
(-1.74797 0.436738 0)
(-2.33136 -0.324289 0)
(-1.65743 0.194556 0)
(-2.16152 -0.168611 0)
(-1.23145 0.10633 0)
(-1.22512 0.29637 0)
(-1.91651 -0.0962808 0)
(-2.49574 0.243766 0)
(-1.64155 0.0407367 0)
(-1.77585 -0.308911 0)
(-2.18532 0.1792 0)
(-2.38448 0.276732 0)
(-1.64921 -0.337662 0)
(-2.10882 0.215342 0)
(-1.51265 -0.0148973 0)
(-1.49338 0.141503 0)
(-1.5363 0.376496 0)
(-2.01168 -0.125517 0)
(-2.31848 -0.246669 0)
(-1.75823 0.283755 0)
(-1.04271 -0.133589 0)
(-1.92939 0.316183 0)
(-1.15338 -0.345914 0)
(-1.06711 -0.214863 0)
(-0.989593 0.0115737 0)
(-2.0041 0.167185 0)
(-1.80909 0.156907 0)
(-1.94211 -0.471142 0)
(-1.76503 0.339829 0)
(-1.68287 -0.206378 0)
(-1.92872 0.498039 0)
(-1.74476 0.44772 0)
(-1.96425 -0.162286 0)
(-2.28524 -0.348238 0)
(-1.64661 0.218255 0)
(-1.375 -0.0306558 0)
(-2.29408 0.275152 0)
(-1.50236 -0.324082 0)
(-2.04293 0.225798 0)
(-1.98519 0.227207 0)
(-2.21644 0.268241 0)
(-1.40856 -0.314649 0)
(-1.28979 -0.0443874 0)
(-2.29974 0.0845292 0)
(-2.03808 0.0893476 0)
(-1.35112 -0.153266 0)
(-1.28758 0.107806 0)
(-1.70857 0.328134 0)
(-1.98988 -0.462911 0)
(-1.85693 0.494935 0)
(-1.72344 -0.21326 0)
(-1.29666 0.226931 0)
(-1.33394 0.389821 0)
(-2.07626 -0.296578 0)
(-1.83304 -0.176913 0)
(-1.49817 0.381756 0)
(-1.2217 -0.254069 0)
(-1.60861 0.454337 0)
(-1.42117 -0.485804 0)
(-2.72986 0.320917 0)
(-2.35229 -0.0302135 0)
(-2.19295 0.236012 0)
(-2.61737 -0.214067 0)
(-1.55461 -0.255372 0)
(-1.64509 0.492217 0)
(-1.77526 -0.478547 0)
(-1.52667 0.366166 0)
(-2.20966 0.20077 0)
(-2.73476 -0.164258 0)
(-2.69076 0.34748 0)
(-2.38185 -0.0935108 0)
(-2.6751 0.314801 0)
(-2.14374 0.162686 0)
(-2.30176 0.0572811 0)
(-2.46886 -0.291056 0)
(-1.96937 -0.157007 0)
(-1.04607 0.1057 0)
(-1.77151 -0.102125 0)
(-1.0274 0.252766 0)
(-2.51113 0.281999 0)
(-2.32398 0.0288443 0)
(-2.58575 -0.267056 0)
(-2.86646 0.0647223 0)
(-2.75533 0.346052 0)
(-2.24559 0.241587 0)
(-2.39561 -0.0943967 0)
(-2.75329 -0.173576 0)
(-2.20366 0.218111 0)
(-2.67325 0.367415 0)
(-2.75031 -0.140795 0)
(-2.37109 -0.0965578 0)
(-2.12167 0.237484 0)
(-1.94032 -0.400646 0)
(-2.40427 0.364471 0)
(-1.73282 -0.0447814 0)
(-1.6293 0.365512 0)
(-1.22685 -0.247403 0)
(-1.76705 0.43644 0)
(-1.40547 -0.479505 0)
(-1.05684 0.215515 0)
(-1.8456 -0.0335584 0)
(-2.06177 -0.0731269 0)
(-1.0891 0.03374 0)
(-2.3095 0.0842133 0)
(-2.25179 -0.235207 0)
(-2.74561 0.170162 0)
(-2.1131 0.245101 0)
(-2.01503 -0.33774 0)
(-1.3521 0.413651 0)
(-1.77922 -0.203831 0)
(-1.30236 0.263526 0)
(-1.56795 0.489892 0)
(-1.58097 -0.25539 0)
(-1.46339 0.360946 0)
(-1.80173 -0.459431 0)
(-2.3304 0.0626051 0)
(-2.35348 -0.247478 0)
(-2.16972 0.239837 0)
(-2.7669 0.193035 0)
(-1.45551 0.0742952 0)
(-2.05032 -0.0761434 0)
(-1.46699 0.319073 0)
(-2.35144 -0.162004 0)
(-2.03432 -0.125553 0)
(-1.67809 0.392851 0)
(-2.36615 -0.271573 0)
(-1.61137 0.142056 0)
(-1.83011 0.341722 0)
(-2.01095 0.477238 0)
(-1.61015 -0.196171 0)
(-1.84504 -0.475174 0)
(-2.05521 -0.323091 0)
(-1.35951 0.402364 0)
(-1.3125 0.24377 0)
(-1.81275 -0.192617 0)
(-1.58178 -0.252861 0)
(-1.80585 -0.466159 0)
(-1.50275 0.364494 0)
(-1.61375 0.495619 0)
(-1.91526 0.41046 0)
(-2.09842 -0.0912018 0)
(-1.81834 0.112991 0)
(-2.48463 -0.265799 0)
(-1.74039 0.483611 0)
(-1.43797 -0.251861 0)
(-1.60589 0.37658 0)
(-1.64785 -0.496488 0)
(-1.16174 -0.0520297 0)
(-1.9307 0.0290394 0)
(-2.16316 0.004985 0)
(-1.11554 0.161757 0)
(-2.37272 0.0671627 0)
(-2.08903 0.0773155 0)
(-1.36793 0.131881 0)
(-1.42745 -0.146796 0)
(-2.00205 -0.137218 0)
(-1.6734 0.409559 0)
(-1.60213 0.171128 0)
(-2.32462 -0.28949 0)
(-1.74089 0.488628 0)
(-1.47834 -0.249329 0)
(-1.60636 0.374866 0)
(-1.6934 -0.493783 0)
(-1.26544 -0.332809 0)
(-1.15028 -0.0915349 0)
(-2.07443 0.290663 0)
(-1.87431 0.255994 0)
(-1.59272 0.316066 0)
(-1.76189 -0.218987 0)
(-2.03012 -0.430022 0)
(-1.70711 0.486653 0)
(-1.13989 -0.106145 0)
(-1.26049 -0.342755 0)
(-2.04265 0.314267 0)
(-1.85038 0.275766 0)
(-1.23316 0.318243 0)
(-1.88709 -0.121621 0)
(-1.23097 0.141527 0)
(-2.12769 -0.204438 0)
(-2.1546 0.217003 0)
(-1.97027 -0.380645 0)
(-1.76679 -0.012011 0)
(-2.45126 0.341342 0)
(-2.26715 -0.289208 0)
(-1.56377 0.416045 0)
(-1.50577 0.194981 0)
(-1.96359 -0.148581 0)
(-1.46764 -0.17895 0)
(-1.66666 -0.454462 0)
(-2.04374 0.438335 0)
(-1.85622 0.336452 0)
(-1.58032 0.45146 0)
(-1.87186 -0.188805 0)
(-1.5019 0.259407 0)
(-2.15342 -0.355423 0)
(-1.66047 0.368993 0)
(-1.80362 0.439199 0)
(-1.21948 -0.238968 0)
(-1.39505 -0.472075 0)
(-1.9611 -0.464057 0)
(-1.79983 0.328167 0)
(-1.69914 -0.193064 0)
(-1.97065 0.489186 0)
(-1.56688 0.363521 0)
(-2.03311 -0.11005 0)
(-1.52606 0.12015 0)
(-2.34836 -0.228379 0)
(-1.27301 0.335215 0)
(-1.89233 -0.131988 0)
(-1.26187 0.15635 0)
(-2.13851 -0.223897 0)
(-1.93338 0.414094 0)
(-1.41525 -0.457886 0)
(-1.24763 -0.210353 0)
(-1.76685 0.345772 0)
(-1.86353 -0.0203102 0)
(-2.08191 -0.0569669 0)
(-1.05837 0.1956 0)
(-1.09355 0.00686449 0)
(-2.31173 -0.060312 0)
(-1.33975 0.224285 0)
(-1.36337 -0.0193874 0)
(-2.03637 -0.0125514 0)
(-2.57853 -0.246904 0)
(-2.27921 0.0394128 0)
(-2.15397 0.147656 0)
(-2.59573 0.380793 0)
(-2.6631 -0.181357 0)
(-2.22626 0.253092 0)
(-2.34551 -0.0225401 0)
(-2.70358 0.343957 0)
(-2.34699 -0.113581 0)
(-1.41638 0.0196683 0)
(-1.41078 0.26797 0)
(-2.05616 -0.047243 0)
(-1.26979 -0.294701 0)
(-2.1303 0.245656 0)
(-1.16578 -0.0480565 0)
(-1.91574 0.217639 0)
(-1.40348 0.377166 0)
(-1.463 -0.281273 0)
(-1.65943 -0.484942 0)
(-1.50615 0.487462 0)
(-1.34234 -0.368558 0)
(-1.86916 0.286264 0)
(-2.06258 0.333609 0)
(-1.20841 -0.120911 0)
(-2.30924 0.07169 0)
(-2.7463 0.153612 0)
(-2.24381 -0.225868 0)
(-2.11198 0.243354 0)
(-2.50475 -0.216219 0)
(-2.38654 0.328139 0)
(-2.31007 0.0307557 0)
(-2.82753 0.106561 0)
(-1.39 -0.386395 0)
(-2.08054 0.349154 0)
(-1.24728 -0.13082 0)
(-1.88322 0.294897 0)
(-1.20078 0.376065 0)
(-1.7714 -0.176175 0)
(-1.17845 0.240666 0)
(-1.98993 -0.279034 0)
(-1.73726 -0.191214 0)
(-1.21188 0.386915 0)
(-1.95178 -0.301507 0)
(-1.1825 0.257736 0)
(-1.43939 0.37999 0)
(-1.64702 -0.497894 0)
(-1.54917 0.489074 0)
(-1.44888 -0.282162 0)
(-1.35067 -0.0163511 0)
(-2.28846 0.252378 0)
(-1.4686 -0.303722 0)
(-2.03833 0.210459 0)
(-1.71822 0.351168 0)
(-1.87228 0.413711 0)
(-1.19072 -0.219454 0)
(-1.35186 -0.454003 0)
(-2.48676 0.40456 0)
(-2.82183 -0.175405 0)
(-2.36831 -0.131885 0)
(-2.87921 0.166308 0)
(-1.7529 0.335635 0)
(-1.17883 -0.208297 0)
(-1.91438 0.392659 0)
(-1.33096 -0.446777 0)
(-1.86795 -0.409427 0)
(-1.32639 0.33092 0)
(-1.64914 -0.246823 0)
(-1.40164 0.46112 0)
(-1.82986 0.46935 0)
(-1.68165 0.36679 0)
(-1.636 -0.488662 0)
(-1.42869 -0.235558 0)
(-1.79827 -0.387321 0)
(-1.2167 0.324469 0)
(-1.27513 0.437434 0)
(-1.59869 -0.248249 0)
(-2.1005 0.00572117 0)
(-1.05653 0.152296 0)
(-1.88264 0.0287348 0)
(-1.1028 -0.0493366 0)
(-1.05878 0.130324 0)
(-2.11252 0.0449303 0)
(-1.1126 -0.0787929 0)
(-1.89388 0.0595563 0)
(-2.18046 -0.15508 0)
(-1.93119 -0.0848185 0)
(-1.25583 0.0909214 0)
(-1.24798 0.286408 0)
(-1.72773 -0.429125 0)
(-1.53382 -0.268789 0)
(-1.34367 0.46442 0)
(-1.26888 0.353697 0)
(-1.88533 0.103199 0)
(-1.11012 -0.151977 0)
(-1.04407 0.0665085 0)
(-2.0987 0.101758 0)
(-1.11392 -0.129091 0)
(-2.11323 0.0773163 0)
(-1.05353 0.087901 0)
(-1.89611 0.0836335 0)
(-2.38046 0.0977063 0)
(-2.09668 0.0975411 0)
(-1.37887 0.11577 0)
(-1.44829 -0.170582 0)
(-1.76274 -0.46277 0)
(-1.54381 -0.182062 0)
(-2.04319 0.465344 0)
(-1.85575 0.344723 0)
(-2.13239 0.176043 0)
(-1.98444 0.00413684 0)
(-2.31516 -0.359943 0)
(-2.40391 0.416711 0)
(-1.40911 0.302341 0)
(-1.98474 -0.396628 0)
(-1.48791 0.455316 0)
(-1.74199 -0.227591 0)
(-1.69453 0.352057 0)
(-1.84386 0.412681 0)
(-1.33016 -0.459356 0)
(-1.17241 -0.228174 0)
(-1.86311 0.0274969 0)
(-2.07667 0.00473277 0)
(-1.07746 -0.0391251 0)
(-1.03195 0.156103 0)
(-2.16944 0.170871 0)
(-2.46735 0.405983 0)
(-1.99159 0.0252767 0)
(-2.3119 -0.362337 0)
(-1.41333 0.289702 0)
(-2.03144 -0.381369 0)
(-1.48837 0.451531 0)
(-1.78005 -0.217202 0)
(-1.80351 -0.449238 0)
(-1.5898 -0.263474 0)
(-1.47891 0.47909 0)
(-1.38716 0.353861 0)
(-2.56866 -0.185453 0)
(-1.9092 0.372953 0)
(-2.17237 -0.0500674 0)
(-1.83822 0.044218 0)
(-2.1929 0.403142 0)
(-1.69728 -0.425246 0)
(-1.97026 0.303781 0)
(-1.50753 -0.125478 0)
(-2.63098 0.332526 0)
(-2.78854 -0.113135 0)
(-2.23028 0.150334 0)
(-2.40908 -0.14683 0)
(-2.12546 0.198373 0)
(-1.20936 -0.245928 0)
(-1.11982 -0.00749615 0)
(-1.90985 0.180838 0)
(-1.41815 0.0454988 0)
(-2.33197 -0.128802 0)
(-1.41607 0.2864 0)
(-2.04127 -0.0582769 0)
(-1.14791 0.0494881 0)
(-1.94417 0.132765 0)
(-1.22431 -0.189414 0)
(-2.17175 0.138589 0)
(-1.7782 -0.469414 0)
(-1.55762 -0.190509 0)
(-2.0146 0.46307 0)
(-1.83268 0.341544 0)
(-1.17489 0.0717898 0)
(-1.96633 0.114102 0)
(-1.24716 -0.16936 0)
(-2.20096 0.115466 0)
(-2.10493 -0.0323828 0)
(-1.51387 0.275067 0)
(-1.51835 0.00448834 0)
(-2.41863 -0.0969011 0)
(-2.13836 0.449112 0)
(-1.62365 -0.147205 0)
(-1.93011 0.317741 0)
(-1.85032 -0.447945 0)
(-1.41132 -0.403951 0)
(-1.26221 -0.146616 0)
(-2.06252 0.359402 0)
(-1.8697 0.301935 0)
(-2.00309 0.0937453 0)
(-2.61333 0.309785 0)
(-2.25977 -0.334889 0)
(-2.25788 0.122963 0)
(-2.59622 -0.248409 0)
(-2.15461 0.111042 0)
(-2.52351 0.391581 0)
(-2.24125 0.0383135 0)
(-2.20172 0.0853127 0)
(-1.17462 0.0954398 0)
(-1.23932 -0.141243 0)
(-1.96573 0.0919249 0)
(-2.59288 0.331082 0)
(-2.09065 0.0756788 0)
(-2.39201 -0.351237 0)
(-2.24513 0.100295 0)
(-1.21896 -0.256076 0)
(-1.6529 0.455005 0)
(-1.53463 0.381265 0)
(-1.40974 -0.484838 0)
(-1.09232 -0.124288 0)
(-1.98613 0.315698 0)
(-1.2085 -0.349241 0)
(-1.80504 0.280773 0)
(-1.10204 -0.139796 0)
(-1.98419 0.332649 0)
(-1.80527 0.294905 0)
(-1.22436 -0.368753 0)
(-2.06338 0.172169 0)
(-1.12503 -0.220595 0)
(-1.04488 0.00696095 0)
(-1.85885 0.160297 0)
(-2.07871 0.152158 0)
(-1.04308 0.023993 0)
(-1.87042 0.143805 0)
(-1.11801 -0.20228 0)
(-1.13052 -0.210629 0)
(-1.73938 0.34454 0)
(-1.27534 -0.442869 0)
(-1.89705 0.397512 0)
(-2.07719 -0.315739 0)
(-2.25741 0.157132 0)
(-2.60849 0.275579 0)
(-1.89226 0.0939107 0)
(-1.99489 -0.135489 0)
(-1.04944 0.0835537 0)
(-1.79196 -0.0844824 0)
(-1.02951 0.242431 0)
(-1.01259 0.110993 0)
(-2.08728 0.0575043 0)
(-1.06716 -0.0960811 0)
(-1.87608 0.0682497 0)
(-1.50047 0.480141 0)
(-1.62443 -0.25014 0)
(-1.40911 0.347297 0)
(-1.84736 -0.435615 0)
(-1.98094 0.428314 0)
(-2.09152 -0.0934838 0)
(-1.85806 0.128213 0)
(-2.4853 -0.29589 0)
(-2.26686 0.0190358 0)
(-2.20772 -0.113534 0)
(-2.33808 0.312207 0)
(-2.76775 -0.159409 0)
(-1.84634 0.0513639 0)
(-2.05394 0.0341775 0)
(-1.04544 -0.0509317 0)
(-0.994142 0.143127 0)
(-1.83879 0.398238 0)
(-1.13058 -0.233347 0)
(-1.27835 -0.461761 0)
(-1.68949 0.344395 0)
(-2.63783 -0.237536 0)
(-2.1685 0.114183 0)
(-2.53514 0.384649 0)
(-2.25454 0.00371551 0)
(-2.69853 0.241245 0)
(-2.28462 -0.287509 0)
(-2.29734 0.0883279 0)
(-2.07434 0.171632 0)
(-2.21351 0.365816 0)
(-1.98669 0.286602 0)
(-1.60512 -0.394398 0)
(-1.43888 -0.102198 0)
(-1.39616 0.440289 0)
(-1.72643 -0.225359 0)
(-1.33125 0.297027 0)
(-1.95765 -0.376757 0)
(-2.09565 0.24686 0)
(-1.12689 -0.0536952 0)
(-1.22825 -0.291965 0)
(-1.88745 0.221085 0)
(-2.11863 0.171894 0)
(-1.09696 0.00430912 0)
(-1.17846 -0.232213 0)
(-1.90358 0.159788 0)
(-1.44111 0.454861 0)
(-1.7163 -0.23169 0)
(-1.36687 0.310073 0)
(-1.95057 -0.394131 0)
(-1.76456 -0.205418 0)
(-1.31784 0.411589 0)
(-1.99504 -0.33542 0)
(-1.27176 0.266637 0)
(-2.26324 0.0988901 0)
(-2.84017 -0.0395307 0)
(-2.50943 -0.17452 0)
(-2.61456 0.359539 0)
(-2.05656 0.479501 0)
(-1.84698 -0.143674 0)
(-1.87487 0.277851 0)
(-2.14883 -0.424188 0)
(-2.09701 0.484559 0)
(-1.82717 -0.140202 0)
(-1.90355 0.284662 0)
(-2.12756 -0.431818 0)
(-1.81403 0.315423 0)
(-1.1861 -0.166631 0)
(-1.99135 0.367385 0)
(-1.32862 -0.408626 0)
(-1.675 -0.106571 0)
(-1.89745 -0.429974 0)
(-2.00739 0.28422 0)
(-2.24289 0.416118 0)
(-1.89351 -0.416848 0)
(-1.67717 -0.0844334 0)
(-2.04601 0.27563 0)
(-2.29498 0.404309 0)
(-1.19482 -0.0467488 0)
(-2.18128 -0.00921528 0)
(-1.94423 0.0190009 0)
(-1.15193 0.170199 0)
(-2.23497 -0.264491 0)
(-1.43134 0.174224 0)
(-1.47196 0.382714 0)
(-1.94999 -0.142218 0)
(-1.32701 -0.251396 0)
(-1.74244 0.465017 0)
(-1.60872 0.376718 0)
(-1.53035 -0.49511 0)
(-2.0148 -0.451248 0)
(-1.8968 0.304121 0)
(-1.7463 -0.157061 0)
(-2.09286 0.473798 0)
(-1.22564 -0.061487 0)
(-1.96722 0.0296516 0)
(-2.21126 0.0038558 0)
(-1.18115 0.164044 0)
(-1.95839 -0.0555632 0)
(-2.21072 -0.114171 0)
(-1.26224 0.0407838 0)
(-1.24598 0.249907 0)
(-1.95633 -0.0670555 0)
(-2.21129 -0.130927 0)
(-1.26001 0.271342 0)
(-1.27302 0.064879 0)
(-1.64674 -0.222357 0)
(-1.8322 0.493616 0)
(-1.68676 0.346353 0)
(-1.89417 -0.47088 0)
(-2.09639 -0.149282 0)
(-1.15298 0.093547 0)
(-1.13678 0.270595 0)
(-1.86975 -0.0883723 0)
(-1.77666 0.343854 0)
(-1.94524 0.416662 0)
(-1.45481 -0.453438 0)
(-1.28313 -0.203187 0)
(-1.16138 0.0389816 0)
(-2.12981 -0.0920918 0)
(-1.13406 0.231764 0)
(-1.89842 -0.0444933 0)
(-1.80979 0.337727 0)
(-1.47368 -0.449396 0)
(-1.30247 -0.192284 0)
(-1.98629 0.41107 0)
(-1.73567 0.362605 0)
(-1.40553 -0.217231 0)
(-1.60758 -0.474609 0)
(-1.89449 0.460153 0)
(-1.27075 -0.453517 0)
(-1.85611 0.409173 0)
(-1.12299 -0.225503 0)
(-1.70458 0.353835 0)
(-1.72225 0.361167 0)
(-1.42852 -0.226394 0)
(-1.87927 0.462728 0)
(-1.63518 -0.483902 0)
(-1.85684 0.0513683 0)
(-2.06499 0.0359065 0)
(-0.992738 0.127605 0)
(-1.04256 -0.0720938 0)
(-2.1485 -0.000343273 0)
(-1.58934 0.260138 0)
(-1.60243 -0.036979 0)
(-2.4814 -0.0512372 0)
(-1.60504 0.238242 0)
(-2.51202 -0.0218796 0)
(-2.17279 0.0177572 0)
(-1.62854 -0.073085 0)
(-2.93912 0.805097 0)
(-3.31219 0.121797 0)
(-3.02985 -0.0788646 0)
(-2.41339 -0.423122 0)
(-1.82215 0.448284 0)
(-1.49303 -0.482107 0)
(-1.67551 0.366303 0)
(-1.30308 -0.237397 0)
(-2.26512 0.204521 0)
(-2.66989 -0.256236 0)
(-2.83596 0.321316 0)
(-2.88886 0.0143256 0)
(-2.60506 0.601637 0)
(-2.32759 -0.110003 0)
(-2.85309 -0.03168 0)
(-2.90368 0.0975659 0)
(-2.0523 -0.444942 0)
(-1.87706 0.30458 0)
(-1.77321 -0.156691 0)
(-2.06593 0.48408 0)
(-1.31728 -0.2742 0)
(-1.21651 -0.0168089 0)
(-1.96475 0.195631 0)
(-2.19279 0.221984 0)
(-1.32833 -0.257759 0)
(-1.23185 0.00461688 0)
(-1.98926 0.180729 0)
(-2.2264 0.203135 0)
(-1.35275 0.244043 0)
(-1.37 0.00504021 0)
(-2.31108 -0.0849882 0)
(-2.03324 -0.029681 0)
(-1.26431 -0.251969 0)
(-1.57108 0.380643 0)
(-1.69704 0.460362 0)
(-1.46049 -0.487029 0)
(-2.04242 -0.140566 0)
(-1.09571 0.0825916 0)
(-1.82885 -0.085736 0)
(-1.07505 0.250772 0)
(-2.13643 0.0570062 0)
(-2.34989 0.423037 0)
(-2.59802 -0.272282 0)
(-2.13929 0.0152322 0)
(-1.57374 -0.410867 0)
(-2.16591 0.380503 0)
(-1.40505 -0.126455 0)
(-1.94948 0.301156 0)
(-1.54812 0.490373 0)
(-1.55683 -0.26404 0)
(-1.44438 0.366153 0)
(-1.77123 -0.467115 0)
(-2.1684 0.414874 0)
(-3.39508 0.237693 0)
(-3.1773 -0.461932 0)
(-2.90737 0.191298 0)
(-1.94086 -0.0962237 0)
(-2.27892 -0.391358 0)
(-2.17534 0.46469 0)
(-1.97355 0.225428 0)
(-2.24522 0.233946 0)
(-2.63497 -0.243751 0)
(-2.86333 -0.00669308 0)
(-2.85503 0.31667 0)
(-2.33392 1.40669 0)
(-3.94361 0.0878033 0)
(-3.00512 -1.11514 0)
(-3.21555 0.69188 0)
(-1.68447 0.456193 0)
(-1.2342 -0.251973 0)
(-1.42618 -0.482663 0)
(-1.56095 0.380851 0)
(-1.12883 0.229658 0)
(-1.76541 -0.178925 0)
(-1.14174 0.357015 0)
(-1.97523 -0.273321 0)
(-1.87218 0.485041 0)
(-1.89893 -0.170895 0)
(-2.21412 -0.399148 0)
(-1.73744 0.268214 0)
(-1.29913 -0.316713 0)
(-1.91901 0.233822 0)
(-2.13259 0.266936 0)
(-1.1875 -0.0660524 0)
(-1.81311 -0.0791878 0)
(-2.02135 -0.130406 0)
(-1.07033 0.073539 0)
(-1.04841 0.239418 0)
(-1.93965 -0.293092 0)
(-1.7329 -0.19427 0)
(-1.13417 0.373569 0)
(-1.11517 0.250809 0)
(-1.39471 -0.286497 0)
(-1.52945 0.499934 0)
(-1.42156 0.394832 0)
(-1.58945 -0.504678 0)
(-1.59041 -0.502821 0)
(-1.48509 0.503339 0)
(-1.39808 -0.295441 0)
(-1.38235 0.398094 0)
(-1.88769 -0.16555 0)
(-1.93554 0.488883 0)
(-1.78482 0.271666 0)
(-2.20509 -0.411549 0)
(-1.18107 -0.383226 0)
(-1.74214 0.319914 0)
(-1.90012 0.359103 0)
(-1.05678 -0.165636 0)
(-1.41841 0.343348 0)
(-1.97219 -0.123898 0)
(-2.25201 -0.228502 0)
(-1.39335 0.131019 0)
(-1.82688 -0.474584 0)
(-1.8676 0.495549 0)
(-1.58996 -0.217939 0)
(-1.71424 0.35963 0)
(-1.8227 0.116131 0)
(-0.979728 0.0347786 0)
(-2.02151 0.117254 0)
(-1.04455 -0.176407 0)
(-1.48839 -0.185614 0)
(-1.69372 -0.461129 0)
(-1.84017 0.341359 0)
(-2.0235 0.44841 0)
(-2.64359 0.205969 0)
(-1.8937 0.115592 0)
(-2.27253 0.124424 0)
(-2.03478 -0.296817 0)
(-2.33429 0.0584428 0)
(-1.31831 0.134037 0)
(-2.06115 0.0709764 0)
(-1.37471 -0.132998 0)
(-1.6424 0.355285 0)
(-2.09362 -0.0807621 0)
(-2.43186 -0.188787 0)
(-1.60554 0.0822259 0)
(-2.6413 0.187326 0)
(-2.27134 0.119054 0)
(-1.87015 0.137335 0)
(-1.99668 -0.266654 0)
(-2.15444 0.361851 0)
(-1.36761 -0.115667 0)
(-1.52559 -0.393519 0)
(-1.94189 0.291738 0)
(-1.60039 -0.105764 0)
(-1.56107 0.205059 0)
(-2.16284 0.0391893 0)
(-2.49125 0.0143047 0)
(-1.20854 0.342011 0)
(-1.53344 -0.261924 0)
(-1.27106 0.447466 0)
(-1.72096 -0.404908 0)
(-2.32537 0.328563 0)
(-2.37784 -0.0687229 0)
(-2.68097 -0.192901 0)
(-2.82522 0.239204 0)
(-1.80062 -0.437939 0)
(-1.58899 -0.261247 0)
(-1.43849 0.475578 0)
(-1.3532 0.351522 0)
(-1.71436 0.486402 0)
(-1.58385 0.368981 0)
(-1.71846 -0.493324 0)
(-1.5027 -0.254489 0)
(-1.87584 -0.142846 0)
(-1.27386 0.1809 0)
(-2.12203 -0.24216 0)
(-1.29035 0.354814 0)
(-1.02655 0.0143735 0)
(-1.79843 -0.019892 0)
(-2.0006 -0.0532764 0)
(-0.993419 0.188188 0)
(-1.32155 -0.466406 0)
(-1.15661 -0.245493 0)
(-1.72775 0.430863 0)
(-1.5981 0.368488 0)
(-1.18105 -0.37263 0)
(-1.76175 0.301152 0)
(-1.92838 0.338394 0)
(-1.06212 -0.153269 0)
(-2.42553 -0.832932 0)
(-2.96626 1.31765 0)
(-3.50042 0.520816 0)
(-3.14222 -0.321129 0)
(-1.83148 0.136448 0)
(-0.999481 0.0300616 0)
(-2.03142 0.141727 0)
(-1.06654 -0.188776 0)
(-1.63981 -0.493949 0)
(-1.43441 -0.262152 0)
(-1.51719 0.38201 0)
(-1.63679 0.490227 0)
(-1.20926 0.340497 0)
(-1.82758 -0.154018 0)
(-2.05386 -0.246718 0)
(-1.19785 0.187609 0)
(-1.34013 0.176703 0)
(-1.9123 -0.144815 0)
(-1.36705 0.366893 0)
(-2.17584 -0.25288 0)
(-1.71637 -0.187006 0)
(-1.14323 0.385752 0)
(-1.92317 -0.286619 0)
(-1.12282 0.264118 0)
(-1.40852 -0.300783 0)
(-1.47358 0.486423 0)
(-1.59516 -0.504536 0)
(-1.37123 0.384143 0)
(-1.7095 -0.224816 0)
(-1.35531 0.438111 0)
(-1.93466 -0.36969 0)
(-1.29515 0.301202 0)
(-1.76852 0.492433 0)
(-1.56454 -0.242314 0)
(-1.63071 0.362927 0)
(-1.79373 -0.48603 0)
(-1.15451 -0.138733 0)
(-1.0899 0.0860806 0)
(-2.14539 0.0922393 0)
(-1.9218 0.0957943 0)
(-1.73644 -0.152595 0)
(-3.89021 0.739327 0)
(-2.62979 -0.0780788 0)
(-4.01509 -0.16416 0)
(-1.37422 0.378483 0)
(-1.44791 -0.288453 0)
(-1.64009 -0.487134 0)
(-1.47373 0.485592 0)
(-1.67547 0.371131 0)
(-2.0834 -0.095481 0)
(-2.42648 -0.217286 0)
(-1.62614 0.0994929 0)
(-1.78968 -0.211244 0)
(-1.37627 0.273393 0)
(-1.44183 0.433238 0)
(-2.03665 -0.363524 0)
(-1.89508 0.390669 0)
(-1.73779 0.3427 0)
(-1.2431 -0.440875 0)
(-1.10315 -0.210327 0)
(-1.7146 -0.197024 0)
(-1.92377 -0.306336 0)
(-1.16143 0.269865 0)
(-1.19044 0.392902 0)
(-1.86449 0.0814258 0)
(-2.07321 0.0729044 0)
(-0.989384 0.0982866 0)
(-1.0472 -0.107857 0)
(-1.6501 0.330942 0)
(-1.98455 -0.45375 0)
(-1.72201 -0.220493 0)
(-1.7829 0.494828 0)
(-1.58652 0.4875 0)
(-1.48427 0.345121 0)
(-1.65426 -0.242854 0)
(-1.89003 -0.442272 0)
(-1.64466 0.321618 0)
(-2.03445 -0.438003 0)
(-1.76199 -0.212376 0)
(-1.77206 0.495263 0)
(-1.93442 0.130174 0)
(-1.11603 0.0474461 0)
(-1.19132 -0.188437 0)
(-2.15889 0.135023 0)
(-1.82153 0.466936 0)
(-3.69095 -0.529038 0)
(-2.68924 0.283511 0)
(-3.84172 0.300337 0)
(-3.99128 -0.594214 0)
(-1.6465 0.268451 0)
(-2.58506 0.157647 0)
(-4.05655 0.301161 0)
(-2.31866 0.177467 0)
(-2.05753 0.156789 0)
(-1.33129 0.0395931 0)
(-1.42409 -0.243396 0)
(-2.44901 0.307269 0)
(-1.82826 -0.356099 0)
(-1.66287 -0.00377985 0)
(-2.15508 0.217037 0)
(-2.11231 -0.426334 0)
(-1.8439 0.482363 0)
(-1.82323 -0.19208 0)
(-1.70668 0.292585 0)
(-2.55936 -1.19063 0)
(-2.89758 1.44943 0)
(-3.55791 0.637611 0)
(-3.27098 -0.57097 0)
(-1.9043 -0.339722 0)
(-2.186 0.194716 0)
(-2.49457 0.290657 0)
(-1.73649 0.0267983 0)
(-1.73069 0.133349 0)
(-1.82128 0.411193 0)
(-2.07356 -0.115255 0)
(-2.43854 -0.284621 0)
(-1.2644 -0.252392 0)
(-1.48176 0.389356 0)
(-1.59005 0.471927 0)
(-1.45672 -0.494134 0)
(-1.97721 -0.186116 0)
(-1.06852 0.128226 0)
(-1.05362 0.271529 0)
(-1.7781 -0.121696 0)
(-2.12619 -0.0448366 0)
(-1.62254 0.316191 0)
(-1.60791 0.0306493 0)
(-2.46401 -0.12618 0)
(-2.12329 -0.0603979 0)
(-1.66333 0.340954 0)
(-1.63513 0.054762 0)
(-2.46889 -0.157513 0)
(-1.93169 0.177218 0)
(-2.15346 0.195228 0)
(-1.15046 -0.00164719 0)
(-1.24084 -0.246322 0)
(-2.06759 -0.434172 0)
(-1.83331 0.49157 0)
(-1.78743 -0.199363 0)
(-1.69656 0.310472 0)
(-1.93848 0.197754 0)
(-2.16007 0.221769 0)
(-1.27429 -0.273026 0)
(-1.17605 -0.0236742 0)
(-2.08821 -0.398258 0)
(-2.11552 0.226431 0)
(-1.83919 -0.0337155 0)
(-2.39497 0.391737 0)
(-1.79077 0.30614 0)
(-1.77461 -0.183727 0)
(-1.95548 0.486305 0)
(-2.056 -0.448374 0)
(-2.01371 0.398154 0)
(-1.29159 -0.175022 0)
(-1.45674 -0.432412 0)
(-1.8324 0.328604 0)
(-1.49827 -0.498288 0)
(-1.55034 0.37923 0)
(-1.67289 0.463294 0)
(-1.29412 -0.257776 0)
(-1.82764 -0.102849 0)
(-1.09507 0.274772 0)
(-1.11092 0.113553 0)
(-2.04221 -0.164232 0)
(-1.29855 -0.332392 0)
(-1.8906 0.252164 0)
(-1.18008 -0.0864 0)
(-2.094 0.28834 0)
(-2.39865 0.0457336 0)
(-2.10538 0.0618212 0)
(-1.40587 0.15575 0)
(-1.45809 -0.126807 0)
(-2.02473 -0.413644 0)
(-2.08752 0.252714 0)
(-1.78171 -0.0606643 0)
(-2.35466 0.408887 0)
(-1.51314 0.378582 0)
(-1.46367 -0.266161 0)
(-1.67039 -0.496426 0)
(-1.63286 0.49085 0)
(-1.23422 0.358499 0)
(-1.8267 -0.158985 0)
(-2.0569 -0.258062 0)
(-1.21717 0.204229 0)
(-1.77264 0.328519 0)
(-1.24468 -0.396586 0)
(-1.93771 0.373077 0)
(-1.10985 -0.167812 0)
(-1.80556 0.293603 0)
(-1.81868 -0.171821 0)
(-1.97021 0.488015 0)
(-2.11395 -0.435037 0)
(-1.8728 0.103939 0)
(-1.02386 0.0571693 0)
(-2.08304 0.102906 0)
(-1.0892 -0.159152 0)
(-2.16991 0.453248 0)
(-1.71623 -0.135278 0)
(-1.9668 -0.445918 0)
(-1.95397 0.298206 0)
(-1.75414 -0.137497 0)
(-1.94377 0.295834 0)
(-2.01852 -0.444176 0)
(-2.15425 0.46349 0)
(-1.64413 -0.283866 0)
(-1.5257 0.0444353 0)
(-2.14967 0.178111 0)
(-2.44313 0.22532 0)
(-1.49922 -0.50308 0)
(-1.51046 0.385363 0)
(-1.62478 0.471028 0)
(-1.29408 -0.256387 0)
(-1.92425 0.392538 0)
(-2.13461 -0.0792814 0)
(-2.53457 -0.247668 0)
(-1.82914 0.078456 0)
(-1.80721 -0.121396 0)
(-1.08641 0.283821 0)
(-2.01578 -0.187945 0)
(-1.09796 0.133146 0)
(-2.34351 0.123244 0)
(-2.07265 0.116285 0)
(-1.4185 -0.194991 0)
(-1.34271 0.0857904 0)
(-2.34722 0.155413 0)
(-2.07807 0.139732 0)
(-1.44444 -0.217191 0)
(-1.35801 0.0697316 0)
(-2.09659 0.052026 0)
(-2.15008 -0.0149934 0)
(-2.27298 0.415569 0)
(-2.60548 -0.261776 0)
(-2.39605 0.0106484 0)
(-2.10135 0.0383439 0)
(-1.40729 0.178178 0)
(-1.44833 -0.0996838 0)
(-1.49566 0.0616104 0)
(-2.14287 0.15709 0)
(-2.4374 0.193524 0)
(-1.60101 -0.258864 0)
(-2.2149 0.0223856 0)
(-2.63717 -0.238452 0)
(-2.15995 0.065856 0)
(-2.45138 0.410197 0)
(-1.61828 0.0989373 0)
(-2.52639 0.186086 0)
(-2.20018 0.143633 0)
(-1.72616 -0.251519 0)
(-1.60977 -0.234264 0)
(-2.4678 0.162664 0)
(-2.16055 0.135431 0)
(-1.51545 0.0901283 0)
(-2.00909 0.204051 0)
(-2.24889 0.239146 0)
(-1.41554 -0.295682 0)
(-1.30397 -0.020538 0)
(-2.25221 0.0692722 0)
(-2.3501 -0.120165 0)
(-2.50136 0.354774 0)
(-2.7945 -0.119362 0)
(-2.06318 -0.0270334 0)
(-1.03086 0.176699 0)
(-1.07071 -0.0120884 0)
(-1.8502 0.00255308 0)
(-1.66355 0.361372 0)
(-1.34858 -0.466492 0)
(-1.80664 0.425269 0)
(-1.18299 -0.236697 0)
(-1.21717 -0.199793 0)
(-1.7807 0.336356 0)
(-1.94938 0.398048 0)
(-1.3743 -0.444747 0)
(-1.15099 -0.0820913 0)
(-1.09857 0.134213 0)
(-2.15012 0.0395406 0)
(-1.92273 0.0555984 0)
(-2.38814 0.338306 0)
(-2.11224 0.239985 0)
(-1.81385 -0.377403 0)
(-1.6369 -0.0360765 0)
(-1.75468 0.356546 0)
(-1.91823 0.442325 0)
(-1.53332 -0.469491 0)
(-1.34487 -0.215255 0)
(-2.10501 0.245425 0)
(-2.3825 0.355853 0)
(-1.86255 -0.399107 0)
(-1.6712 -0.049915 0)
(-1.95367 -0.0220197 0)
(-2.19927 -0.0655284 0)
(-1.19557 0.215468 0)
(-1.22576 0.00183569 0)
(-1.23802 -0.0907372 0)
(-2.14045 0.30203 0)
(-1.92796 0.258061 0)
(-1.36386 -0.35074 0)
(-1.61422 0.00831142 0)
(-1.76089 -0.334181 0)
(-2.44197 0.277714 0)
(-2.15019 0.204179 0)
(-3.87819 0.294955 0)
(-1.98911 -0.78743 0)
(-2.8145 -0.443713 0)
(-3.48132 1.18278 0)
(-1.57029 -0.497179 0)
(-1.5425 0.384715 0)
(-1.66387 0.481921 0)
(-1.36355 -0.255882 0)
(-1.14008 0.29931 0)
(-1.81726 -0.334815 0)
(-1.17437 0.401968 0)
(-1.62061 -0.218876 0)
(-1.26279 -0.2451 0)
(-1.43518 0.386677 0)
(-1.53297 0.46886 0)
(-1.4826 -0.501735 0)
(-1.83793 -0.130733 0)
(-1.15177 0.302356 0)
(-1.15678 0.14431 0)
(-2.05916 -0.20674 0)
(-1.95173 -0.218529 0)
(-1.06179 0.151813 0)
(-1.7597 -0.148323 0)
(-1.05339 0.284682 0)
(-1.44142 -0.284289 0)
(-1.36309 0.463243 0)
(-1.28064 0.363434 0)
(-1.62218 -0.45681 0)
(-1.23393 -0.0913129 0)
(-1.97117 0.0474956 0)
(-1.18354 0.138974 0)
(-2.21393 0.0271527 0)
(-2.43062 -0.0272251 0)
(-2.11924 0.011465 0)
(-1.49651 -0.0485196 0)
(-1.46801 0.23356 0)
(-1.92868 -0.281205 0)
(-1.72721 -0.187503 0)
(-1.09265 0.245245 0)
(-1.10649 0.36021 0)
(-1.57861 0.365914 0)
(-1.60936 -0.246614 0)
(-1.84694 -0.474879 0)
(-1.70397 0.506553 0)
(-1.55802 -0.505067 0)
(-1.374 0.39771 0)
(-1.37013 -0.296107 0)
(-1.47774 0.500882 0)
(-1.97345 0.444334 0)
(-2.05624 -0.107208 0)
(-2.4347 -0.319567 0)
(-1.84317 0.160917 0)
(-1.40395 0.399512 0)
(-2.13799 -0.308624 0)
(-1.35754 0.218362 0)
(-1.87606 -0.178671 0)
(-2.50965 -0.305192 0)
(-2.15668 0.10837 0)
(-2.408 0.428598 0)
(-2.09791 0.0282418 0)
(-2.31549 -0.340757 0)
(-2.03988 0.0864146 0)
(-2.24223 0.130442 0)
(-2.58768 0.334863 0)
(-1.90149 -0.150213 0)
(-1.98835 0.482935 0)
(-1.82696 0.262516 0)
(-2.22168 -0.405937 0)
(-1.36267 -0.0577088 0)
(-2.25792 0.296537 0)
(-1.4971 -0.346484 0)
(-2.01694 0.242228 0)
(-2.45002 0.07412 0)
(-1.53122 -0.168786 0)
(-1.4703 0.137527 0)
(-2.14177 0.0797242 0)
(-1.29476 -0.225565 0)
(-2.21506 0.173474 0)
(-1.97917 0.158691 0)
(-1.20701 0.0284574 0)
(-2.32195 0.0709369 0)
(-2.29224 -0.226853 0)
(-2.23141 0.259072 0)
(-2.79763 0.0840542 0)
(-1.9821 0.471606 0)
(-1.97431 -0.132262 0)
(-2.31886 -0.369639 0)
(-1.83495 0.224581 0)
(-2.47222 0.0971997 0)
(-1.50811 0.131446 0)
(-1.57815 -0.183537 0)
(-2.15912 0.0920296 0)
(-2.33403 0.0632801 0)
(-2.35316 -0.218103 0)
(-2.24495 0.271702 0)
(-2.79878 0.123695 0)
(-3.5674 -1.00104 0)
(-1.86471 0.880159 0)
(-2.79963 0.505217 0)
(-3.90487 -0.164446 0)
(-1.45185 -0.0573509 0)
(-2.30294 0.313336 0)
(-1.59922 -0.363912 0)
(-2.0505 0.246637 0)
(-1.41155 0.0689716 0)
(-2.10425 0.138897 0)
(-2.38555 0.158767 0)
(-1.50088 -0.228924 0)
(-1.8167 0.0269495 0)
(-1.02442 -0.0320869 0)
(-2.01905 0.00546076 0)
(-0.980288 0.151877 0)
(-1.72884 0.435636 0)
(-1.20655 -0.253883 0)
(-1.38527 -0.482098 0)
(-1.59732 0.367326 0)
(-1.8215 -0.0400685 0)
(-1.03164 0.219826 0)
(-2.0311 -0.0795821 0)
(-1.0633 0.0451214 0)
(-1.12352 -0.235815 0)
(-1.78709 0.409322 0)
(-1.6473 0.354053 0)
(-1.27523 -0.457377 0)
(-1.16466 0.307243 0)
(-1.80329 -0.355121 0)
(-1.60913 -0.230795 0)
(-1.2077 0.414335 0)
(-2.28777 0.0284931 0)
(-2.29427 0.345082 0)
(-2.78909 -0.0603145 0)
(-2.24294 -0.11875 0)
(-1.20441 0.333022 0)
(-1.75982 -0.3945 0)
(-1.26409 0.441303 0)
(-1.56666 -0.254787 0)
(-1.2364 0.352471 0)
(-1.52577 -0.266916 0)
(-1.30526 0.46044 0)
(-1.71586 -0.418997 0)
(-1.26682 0.221815 0)
(-1.29807 0.379578 0)
(-2.06249 -0.288035 0)
(-1.82499 -0.174606 0)
(-1.47371 -0.279508 0)
(-1.34954 0.464708 0)
(-1.6585 -0.446115 0)
(-1.27033 0.361424 0)
(-1.86905 0.492345 0)
(-1.8636 -0.475635 0)
(-1.62161 -0.218062 0)
(-1.71486 0.351083 0)
(-1.45177 0.360912 0)
(-1.97239 -0.126786 0)
(-2.25901 -0.23803 0)
(-1.42071 0.145859 0)
(-1.52345 -0.259287 0)
(-1.6315 0.493472 0)
(-1.73859 -0.482203 0)
(-1.51453 0.372576 0)
(-2.12955 -0.00839749 0)
(-1.53163 0.256824 0)
(-1.54576 -0.026475 0)
(-2.44827 -0.0613369 0)
(-2.23837 0.436205 0)
(-1.7222 -0.107919 0)
(-1.96478 -0.431409 0)
(-2.00585 0.285929 0)
(-2.28436 0.427781 0)
(-1.77437 -0.0849933 0)
(-2.02639 -0.422039 0)
(-2.03818 0.266494 0)
(-1.35584 -0.20868 0)
(-1.2724 0.0573098 0)
(-2.0252 0.138323 0)
(-2.27701 0.148767 0)
(-1.04015 0.0380629 0)
(-1.80634 -0.0361191 0)
(-2.01124 -0.073636 0)
(-1.00751 0.210204 0)
(-1.18117 -0.254449 0)
(-1.71525 0.436737 0)
(-1.35586 -0.477923 0)
(-1.58581 0.371217 0)
(-1.93654 -0.451844 0)
(-1.68512 0.493168 0)
(-1.5681 0.340029 0)
(-1.68642 -0.235604 0)
(-1.6317 -0.127595 0)
(-2.19768 0.429721 0)
(-1.97552 0.302769 0)
(-1.85082 -0.43783 0)
(-1.42761 0.246975 0)
(-1.49176 0.427082 0)
(-2.12128 -0.34065 0)
(-1.85499 -0.190051 0)
(-1.94411 0.287547 0)
(-1.96397 -0.107831 0)
(-2.67616 0.000103162 0)
(-2.25793 0.031928 0)
(-1.99405 -0.0798636 0)
(-2.00005 0.324798 0)
(-2.69329 -0.0339924 0)
(-2.25885 0.0229186 0)
(-2.15546 -0.0210077 0)
(-1.64535 0.295578 0)
(-1.64182 -0.00338173 0)
(-2.49903 -0.0891768 0)
(-1.70965 -0.0145523 0)
(-1.71884 0.301532 0)
(-2.5367 -0.0860809 0)
(-2.17611 -0.0158632 0)
(-2.35067 -0.786755 0)
(-3.62254 0.356653 0)
(-3.0577 -0.359721 0)
(-3.16676 1.13896 0)
(-2.47512 -0.180571 0)
(-2.23526 0.233769 0)
(-2.81762 -0.0885617 0)
(-2.75728 0.327377 0)
(-1.49119 0.316279 0)
(-1.58576 0.476983 0)
(-2.00265 -0.414202 0)
(-1.74877 -0.225969 0)
(-1.70892 -0.0797289 0)
(-2.55124 -0.0158523 0)
(-1.68693 0.249967 0)
(-2.19448 0.022354 0)
(-1.74657 0.354001 0)
(-1.90826 0.433444 0)
(-1.49147 -0.468357 0)
(-1.30945 -0.217596 0)
(-2.59923 -0.249734 0)
(-1.96189 0.0480884 0)
(-2.08967 0.395358 0)
(-2.16582 -0.0500992 0)
(-2.36752 -0.356327 0)
(-2.0287 0.193651 0)
(-1.99578 -0.055613 0)
(-2.2389 0.465722 0)
(-2.19445 0.417537 0)
(-1.57575 -0.135789 0)
(-1.78116 -0.446631 0)
(-1.9697 0.304266 0)
(-2.17771 -0.048016 0)
(-1.19728 -0.00835643 0)
(-1.9385 -0.00991446 0)
(-1.16246 0.202013 0)
(-1.59953 0.470079 0)
(-1.5063 0.301761 0)
(-1.77871 -0.215513 0)
(-2.04029 -0.402137 0)
(-2.45836 -0.313463 0)
(-2.13881 0.131461 0)
(-2.39123 0.429228 0)
(-2.06728 0.0258716 0)
(-1.23703 0.424628 0)
(-1.62868 -0.231933 0)
(-1.18934 0.311532 0)
(-1.8311 -0.360199 0)
(-1.4377 0.100403 0)
(-1.45737 0.333507 0)
(-2.02015 -0.0980654 0)
(-2.3153 -0.19307 0)
(-1.61041 -0.2061 0)
(-1.95379 0.486384 0)
(-1.78403 0.347744 0)
(-1.84922 -0.476361 0)
(-1.32972 0.375805 0)
(-1.40739 -0.297298 0)
(-1.42565 0.477741 0)
(-1.58922 -0.488354 0)
(-1.49882 -0.279435 0)
(-1.37459 0.468989 0)
(-1.68935 -0.450621 0)
(-1.29243 0.361108 0)
(-1.13795 0.388451 0)
(-1.87206 -0.29977 0)
(-1.67434 -0.197107 0)
(-1.11633 0.277444 0)
(-2.38502 -0.0472163 0)
(-2.08814 -0.00204543 0)
(-1.42415 0.2304 0)
(-1.4493 -0.0339241 0)
(-2.53506 0.427215 0)
(-2.29813 -0.0518507 0)
(-2.85944 0.0876588 0)
(-2.71509 -0.174415 0)
(-1.43564 0.0904189 0)
(-2.12157 0.123699 0)
(-2.41112 0.139459 0)
(-1.51893 -0.211806 0)
(-1.74137 -0.114884 0)
(-2.58043 0.0120288 0)
(-1.70822 0.230614 0)
(-2.21483 0.0383088 0)
(-2.09821 0.110244 0)
(-2.51901 -0.301061 0)
(-2.09557 -0.00736932 0)
(-2.31078 0.438903 0)
(-2.04366 0.050117 0)
(-0.973991 0.116461 0)
(-1.84396 0.06214 0)
(-1.02551 -0.0840986 0)
(-1.84891 0.40139 0)
(-1.69961 0.349368 0)
(-1.099 -0.22195 0)
(-1.24094 -0.447102 0)
(-1.72055 0.172079 0)
(-2.3751 -0.315875 0)
(-2.02569 -0.133283 0)
(-1.81995 0.430132 0)
(-2.28448 0.0695683 0)
(-2.48098 0.346283 0)
(-2.82742 -0.0774052 0)
(-2.36942 -0.144718 0)
(-2.67237 0.933993 0)
(-3.17925 0.0127051 0)
(-2.55632 -0.523215 0)
(-3.19053 0.256002 0)
(-2.12009 0.199241 0)
(-1.49962 0.00936932 0)
(-1.62812 -0.31117 0)
(-2.40055 0.255821 0)
(-2.37537 -0.333748 0)
(-1.77686 0.190277 0)
(-1.89428 0.450612 0)
(-2.02046 -0.130516 0)
(-1.54606 -0.108101 0)
(-2.14845 0.0432354 0)
(-2.46545 0.0200829 0)
(-1.50334 0.191486 0)
(-2.54242 0.390952 0)
(-2.47963 -0.295078 0)
(-2.0949 0.103459 0)
(-2.23017 0.0915887 0)
(-2.48132 -0.318688 0)
(-1.97083 0.144198 0)
(-2.07918 -0.0702146 0)
(-2.13774 0.450855 0)
(-1.47296 -0.270188 0)
(-1.58425 0.489453 0)
(-1.6769 -0.489685 0)
(-1.47172 0.376629 0)
(-1.20007 -0.269061 0)
(-1.10596 -0.0357914 0)
(-1.88215 0.204598 0)
(-2.09073 0.22675 0)
(-1.50701 -0.265108 0)
(-1.58441 0.495586 0)
(-1.71714 -0.480624 0)
(-1.4732 0.376996 0)
(-2.49854 0.157655 0)
(-1.66116 -0.228693 0)
(-1.56552 0.104954 0)
(-2.18089 0.128736 0)
(-1.79294 -0.173229 0)
(-2.01759 -0.278979 0)
(-1.21203 0.228531 0)
(-1.23541 0.372455 0)
(-1.2392 0.236196 0)
(-1.79405 -0.18429 0)
(-1.27186 0.382718 0)
(-2.02325 -0.298998 0)
(-1.69312 0.465238 0)
(-1.89734 -0.182242 0)
(-2.19665 -0.369683 0)
(-1.5963 0.258221 0)
(-1.74484 0.46568 0)
(-1.90077 -0.18265 0)
(-2.20644 -0.380708 0)
(-1.63761 0.255398 0)
(-1.77131 -0.192474 0)
(-1.27983 0.401636 0)
(-1.99933 -0.312068 0)
(-1.2424 0.258872 0)
(-1.95139 0.532765 0)
(-3.61427 -0.691597 0)
(-3.8239 0.10539 0)
(-2.80431 0.303731 0)
(-1.82447 -0.420515 0)
(-1.61204 -0.25415 0)
(-1.403 0.466411 0)
(-1.32454 0.341565 0)
(-1.46822 0.207021 0)
(-2.43971 -0.0119386 0)
(-2.128 0.0227316 0)
(-1.50009 -0.0823125 0)
(-1.95826 0.271395 0)
(-1.77402 0.244974 0)
(-1.11752 -0.298052 0)
(-1.0201 -0.0878836 0)
(-2.75297 0.0071419 0)
(-2.16638 -0.140037 0)
(-2.28208 0.041912 0)
(-2.15704 0.317338 0)
(-1.03925 -0.00816394 0)
(-1.81982 0.000619645 0)
(-2.02504 -0.0278889 0)
(-1.00086 0.172914 0)
(-1.76965 0.422051 0)
(-1.1546 -0.239755 0)
(-1.63283 0.361203 0)
(-1.31501 -0.463102 0)
(-1.97443 0.44523 0)
(-1.40199 -0.200219 0)
(-1.5962 -0.465683 0)
(-1.80044 0.351151 0)
(-2.25405 -0.068141 0)
(-1.99438 -0.021306 0)
(-1.26041 0.220955 0)
(-1.2872 -0.00558612 0)
(-2.82441 -0.561558 0)
(-2.38662 0.714674 0)
(-3.32395 0.13344 0)
(-3.06859 0.226267 0)
(-1.87624 0.261768 0)
(-2.05911 0.479988 0)
(-1.88889 -0.144722 0)
(-2.20803 -0.424131 0)
(-2.26468 -0.403193 0)
(-1.93165 -0.120523 0)
(-2.10903 0.471681 0)
(-1.9196 0.23846 0)
(-2.39371 0.426761 0)
(-2.00592 0.00362369 0)
(-2.12031 0.164773 0)
(-2.36125 -0.364207 0)
(-1.85807 -0.296617 0)
(-2.21555 0.161908 0)
(-1.72417 0.0707837 0)
(-2.54205 0.230677 0)
(-2.73469 -0.547732 0)
(-2.43552 0.758562 0)
(-3.27722 0.0883791 0)
(-3.06901 0.200256 0)
(-2.2206 0.173835 0)
(-1.91323 -0.318734 0)
(-2.54736 0.26004 0)
(-1.7596 0.0572798 0)
(-2.19848 -0.02406 0)
(-1.82478 -0.0102599 0)
(-2.59005 -0.119512 0)
(-1.86267 0.326068 0)
(-2.21512 -0.0319435 0)
(-2.03768 0.353744 0)
(-1.95587 -0.00616516 0)
(-2.64724 -0.17457 0)
(-1.31819 0.42415 0)
(-1.72347 -0.217113 0)
(-1.94796 -0.35299 0)
(-1.26616 0.287472 0)
(-2.22545 -0.0165834 0)
(-2.11607 0.354424 0)
(-2.02244 -0.0249046 0)
(-2.67599 -0.166978 0)
(-1.56031 -0.0875942 0)
(-1.74217 -0.410109 0)
(-2.2966 0.370344 0)
(-2.04534 0.273575 0)
(-1.12094 -0.0755415 0)
(-1.86509 0.236942 0)
(-2.06685 0.266067 0)
(-1.22686 -0.310271 0)
(-1.30926 0.188104 0)
(-1.88401 -0.149857 0)
(-2.13644 -0.256938 0)
(-1.33405 0.366742 0)
(-1.5409 -0.248669 0)
(-1.72478 0.488784 0)
(-1.76313 -0.486232 0)
(-1.59399 0.364777 0)
(-2.16542 0.209686 0)
(-2.04505 -0.375637 0)
(-1.82704 0.00400809 0)
(-2.46936 0.349991 0)
(-1.54165 0.425964 0)
(-2.20381 -0.314415 0)
(-1.47966 0.222967 0)
(-1.9162 -0.16741 0)
(-1.58797 0.435098 0)
(-2.19152 -0.341102 0)
(-1.51295 0.234887 0)
(-1.90355 -0.179277 0)
(-1.67412 0.239291 0)
(-2.26358 -0.361803 0)
(-1.94091 -0.166509 0)
(-1.78097 0.466045 0)
(-1.98045 0.249071 0)
(-1.79172 0.224395 0)
(-1.11983 -0.282913 0)
(-1.02803 -0.0705788 0)
(-1.44032 0.227319 0)
(-1.89586 -0.171243 0)
(-2.17275 -0.313776 0)
(-1.49812 0.420666 0)
(-2.18685 0.199567 0)
(-1.96393 -0.358065 0)
(-1.7791 0.018349 0)
(-2.49935 0.311173 0)
(-1.61717 0.340693 0)
(-1.68621 -0.231435 0)
(-1.93939 -0.460339 0)
(-1.74454 0.495792 0)
(-2.43621 -0.319997 0)
(-2.17894 0.130703 0)
(-2.45814 0.420219 0)
(-2.05544 0.0468942 0)
(-1.94929 -0.460916 0)
(-2.03594 0.469512 0)
(-1.85142 0.315547 0)
(-1.69651 -0.177445 0)
(-2.25187 -0.0864203 0)
(-1.29346 0.0194639 0)
(-1.27171 0.2425 0)
(-1.99019 -0.034318 0)
(-1.62135 -0.475014 0)
(-1.42158 -0.209453 0)
(-1.95441 0.44945 0)
(-1.78361 0.351912 0)
(-1.76692 -0.214114 0)
(-1.3952 0.429341 0)
(-2.00517 -0.359888 0)
(-1.33514 0.278328 0)
(-1.62039 -0.252129 0)
(-1.55193 0.485363 0)
(-1.84646 -0.449146 0)
(-1.45211 0.351046 0)
(-2.159 -0.102423 0)
(-3.21383 0.561431 0)
(-2.85638 -0.00745241 0)
(-3.3464 -0.157308 0)
(-2.21905 0.414609 0)
(-1.5635 -0.118441 0)
(-1.76576 -0.430344 0)
(-1.98877 0.302926 0)
(-1.86105 0.0133147 0)
(-2.19733 -0.0331908 0)
(-2.59894 -0.144659 0)
(-1.91219 0.354327 0)
(-1.56932 0.34564 0)
(-2.38303 -0.183759 0)
(-1.5425 0.0902506 0)
(-2.06403 -0.0836713 0)
(-1.55482 0.19292 0)
(-2.28286 -0.302283 0)
(-1.97389 -0.150974 0)
(-1.62314 0.41829 0)
(-1.16474 0.286579 0)
(-1.88758 -0.324675 0)
(-1.68087 -0.209566 0)
(-1.19914 0.404118 0)
(-1.6524 -0.474494 0)
(-1.4622 -0.286478 0)
(-1.43424 0.479117 0)
(-1.34108 0.372197 0)
(-1.98515 0.271436 0)
(-2.08956 -0.429445 0)
(-1.81008 -0.110633 0)
(-2.20828 0.454995 0)
(-2.09216 -0.420368 0)
(-2.03365 0.262812 0)
(-2.27522 0.443874 0)
(-1.81847 -0.0851475 0)
(-2.1301 0.428081 0)
(-1.92318 0.318261 0)
(-1.54019 -0.153091 0)
(-1.74463 -0.447478 0)
(-2.60879 -0.0446405 0)
(-1.8325 0.294048 0)
(-2.22008 0.00986605 0)
(-1.83323 -0.059049 0)
(-2.2337 -0.36336 0)
(-2.19344 0.172987 0)
(-1.95721 0.0355982 0)
(-2.50905 0.37001 0)
(-2.1688 -0.000721162 0)
(-2.67906 -0.211514 0)
(-2.34014 0.406889 0)
(-2.18516 0.0198876 0)
(-1.74611 -0.175624 0)
(-1.99021 0.492253 0)
(-2.02211 -0.44878 0)
(-1.81763 0.317373 0)
(-2.53006 0.383065 0)
(-2.21183 0.130781 0)
(-2.04607 0.0645418 0)
(-2.37979 -0.340181 0)
(-1.57392 0.122622 0)
(-2.36859 -0.244638 0)
(-2.04146 -0.11495 0)
(-1.6258 0.373497 0)
(-2.23251 -0.373842 0)
(-1.94536 0.0102705 0)
(-2.16079 0.187864 0)
(-2.45693 0.392347 0)
(-2.17827 -0.0352053 0)
(-1.74924 0.0162968 0)
(-2.55213 -0.126617 0)
(-1.77766 0.335583 0)
(-3.30033 -0.322781 0)
(-2.07862 0.243289 0)
(-3.378 0.406007 0)
(-2.82752 0.131143 0)
(-2.74717 -0.634573 0)
(-2.52888 0.934209 0)
(-3.36367 0.0456349 0)
(-3.1584 0.302742 0)
(-2.19394 0.338915 0)
(-1.36218 -0.0927043 0)
(-1.5106 -0.374759 0)
(-1.97094 0.274735 0)
(-2.09283 0.304233 0)
(-1.33089 -0.346302 0)
(-1.89138 0.263274 0)
(-1.20608 -0.0968575 0)
(-2.1619 -0.402006 0)
(-2.33086 0.425752 0)
(-2.07376 0.230989 0)
(-1.87705 -0.051612 0)
(-2.32754 0.43464 0)
(-2.22746 -0.395661 0)
(-2.07328 0.218534 0)
(-1.91871 -0.0469379 0)
(-1.55883 0.153861 0)
(-2.50382 0.0845956 0)
(-2.17791 0.0823822 0)
(-1.62501 -0.172203 0)
(-1.58978 0.18655 0)
(-2.5265 0.0500818 0)
(-1.64213 -0.141539 0)
(-2.18843 0.0609798 0)
(-2.56027 0.0478876 0)
(-1.65853 0.20218 0)
(-1.70969 -0.140039 0)
(-2.20764 0.0580396 0)
(-2.24801 0.156422 0)
(-1.98702 -0.312174 0)
(-2.59394 0.251511 0)
(-1.82716 0.0821625 0)
(-2.59834 0.0852068 0)
(-1.69019 0.192357 0)
(-1.7556 -0.170662 0)
(-2.23298 0.0794559 0)
(-1.16927 0.318881 0)
(-1.766 -0.373151 0)
(-1.22048 0.423316 0)
(-1.57598 -0.244131 0)
(-1.488 -0.273334 0)
(-1.30908 0.462094 0)
(-1.23682 0.358097 0)
(-1.67201 -0.429471 0)
(-2.62372 -0.0774352 0)
(-1.88136 0.320417 0)
(-1.86322 -0.0361212 0)
(-2.22297 -0.00338357 0)
(-3.30447 -0.215032 0)
(-2.14074 -0.00940407 0)
(-2.84628 0.0123952 0)
(-3.24808 0.493772 0)
(-1.16914 0.0238506 0)
(-1.95538 0.154217 0)
(-2.18434 0.167115 0)
(-1.25329 -0.222392 0)
(-1.36134 -0.475929 0)
(-1.1828 -0.256662 0)
(-1.66644 0.442423 0)
(-1.54421 0.374644 0)
(-1.98303 -0.102662 0)
(-1.00146 0.224355 0)
(-1.02813 0.0578858 0)
(-1.78214 -0.0595758 0)
(-1.34769 -0.236248 0)
(-1.5453 -0.485605 0)
(-1.83584 0.459991 0)
(-1.68686 0.36989 0)
(-1.17562 0.248752 0)
(-1.91952 -0.0596804 0)
(-1.19655 0.0522573 0)
(-2.15897 -0.114447 0)
(-1.3679 -0.227127 0)
(-1.56429 -0.481216 0)
(-1.72459 0.361349 0)
(-1.88191 0.452329 0)
(-1.94382 -0.0448845 0)
(-1.20513 0.242857 0)
(-2.19008 -0.097086 0)
(-1.22846 0.0367312 0)
(-1.85187 -0.316127 0)
(-1.13893 0.287263 0)
(-1.65284 -0.207089 0)
(-1.16952 0.397179 0)
(-1.40217 0.469984 0)
(-1.43592 -0.287907 0)
(-1.61852 -0.470226 0)
(-1.31376 0.36792 0)
(-1.72332 -0.463927 0)
(-1.38245 0.365748 0)
(-1.52128 -0.272325 0)
(-1.47771 0.48147 0)
(-2.15552 0.210265 0)
(-2.09618 -0.383566 0)
(-2.45304 0.37219 0)
(-1.85335 -0.0054589 0)
(-2.51284 -0.163369 0)
(-1.74321 0.349179 0)
(-1.70316 0.0458341 0)
(-2.14799 -0.0571748 0)
(-2.96706 0.534761 0)
(-2.88138 -0.0106493 0)
(-2.23265 -0.144831 0)
(-3.13619 -0.144379 0)
(-1.8888 -0.267368 0)
(-2.24401 0.133087 0)
(-2.59019 0.191661 0)
(-1.76918 0.111452 0)
(-1.36459 -0.202901 0)
(-1.55172 -0.462027 0)
(-1.78613 0.349787 0)
(-1.95654 0.436783 0)
(-1.22484 0.207457 0)
(-1.97448 -0.0118379 0)
(-2.22523 -0.0539886 0)
(-1.2565 -0.0142693 0)
(-1.44788 0.255763 0)
(-1.45764 4.95308e-05 0)
(-2.0757 -0.031017 0)
(-2.37169 -0.0921675 0)
(-1.87067 0.171701 0)
(-1.0699 -0.00709144 0)
(-2.07738 0.186157 0)
(-1.1522 -0.236469 0)
(-1.89197 0.136607 0)
(-2.10569 0.143448 0)
(-1.14301 -0.192839 0)
(-1.06715 0.0355499 0)
(-2.30993 0.118267 0)
(-2.04835 0.114236 0)
(-1.37469 -0.186565 0)
(-1.29961 0.0832472 0)
(-1.9551 -0.412785 0)
(-1.73368 -0.0624447 0)
(-2.35404 0.396527 0)
(-2.08574 0.258942 0)
(-1.8445 -0.154186 0)
(-1.25367 0.199693 0)
(-1.27332 0.362419 0)
(-2.08219 -0.256062 0)
(-1.69068 -0.238838 0)
(-1.52442 0.477139 0)
(-1.43464 0.330969 0)
(-1.92829 -0.422089 0)
(-1.706 -0.491628 0)
(-1.49404 -0.25951 0)
(-1.66457 0.485534 0)
(-1.54207 0.37019 0)
(-1.57274 0.478201 0)
(-1.68426 -0.240989 0)
(-1.47425 0.331704 0)
(-1.92378 -0.43514 0)
(-1.40308 0.103556 0)
(-1.41601 0.328257 0)
(-2.00306 -0.0939535 0)
(-2.28797 -0.182819 0)
(-2.65879 0.249974 0)
(-1.99303 0.126061 0)
(-2.2899 0.12153 0)
(-2.18061 -0.298176 0)
(-2.69195 0.194755 0)
(-2.00803 0.159589 0)
(-2.15158 -0.278229 0)
(-2.3008 0.106522 0)
(-1.76299 0.34868 0)
(-1.57811 -0.215041 0)
(-1.92862 0.47821 0)
(-1.80813 -0.482137 0)
(-1.89549 0.327437 0)
(-2.09054 0.447062 0)
(-1.78326 -0.447995 0)
(-1.56722 -0.161482 0)
(-2.85532 0.0449933 0)
(-2.76627 0.388571 0)
(-2.90035 -0.243356 0)
(-2.24937 -0.0526591 0)
(-2.08196 -0.0659556 0)
(-2.72649 -0.134796 0)
(-2.16405 0.344748 0)
(-2.25327 -0.0026268 0)
(-2.05993 -0.0654639 0)
(-2.71826 -0.0995446 0)
(-2.11798 0.344869 0)
(-2.25643 0.00550732 0)
(-1.10459 -0.107916 0)
(-1.82503 0.269632 0)
(-1.21879 -0.335902 0)
(-2.01299 0.303272 0)
(-1.96634 -0.0937425 0)
(-2.23109 -0.172924 0)
(-1.31825 0.300428 0)
(-1.31632 0.0915518 0)
(-1.45637 -0.032173 0)
(-1.5971 -0.341137 0)
(-2.33057 0.296413 0)
(-2.07093 0.234234 0)
(-2.19326 0.0981664 0)
(-1.67145 -0.202379 0)
(-2.52416 0.111683 0)
(-1.59432 0.13562 0)
(-2.04651 0.257749 0)
(-1.49406 -0.0712403 0)
(-1.65304 -0.381178 0)
(-2.29603 0.334588 0)
(-2.22043 0.0897233 0)
(-1.73163 -0.198843 0)
(-2.56742 0.102183 0)
(-1.65736 0.155163 0)
(-1.5489 -0.324245 0)
(-2.32413 0.274666 0)
(-1.41846 -0.0224085 0)
(-2.06516 0.221583 0)
(-2.35875 0.245038 0)
(-1.56156 -0.306419 0)
(-1.44081 0.00026799 0)
(-2.08943 0.197712 0)
(-2.82709 0.0359406 0)
(-3.43641 -0.239174 0)
(-2.07609 0.0520526 0)
(-3.41862 0.504977 0)
(-1.98114 0.243502 0)
(-1.44901 -0.343725 0)
(-2.21043 0.291982 0)
(-1.31921 -0.0682254 0)
(-1.2136 -0.381697 0)
(-1.95448 0.340043 0)
(-1.78354 0.302342 0)
(-1.09009 -0.154981 0)
(-1.85914 0.133877 0)
(-2.06559 0.139812 0)
(-1.02077 0.0367869 0)
(-1.09244 -0.184343 0)
(-2.041 0.465839 0)
(-2.0129 -0.112366 0)
(-1.88282 0.198173 0)
(-2.37886 -0.358411 0)
(-1.84467 -0.176444 0)
(-1.77046 0.285706 0)
(-1.9235 0.486897 0)
(-2.14636 -0.426964 0)
(-1.87466 0.4819 0)
(-1.49304 -0.224581 0)
(-1.71885 0.367007 0)
(-1.70956 -0.483464 0)
(-1.33022 0.354765 0)
(-1.75491 -0.442188 0)
(-1.55217 -0.267062 0)
(-1.41485 0.471856 0)
(-2.56732 -0.0532488 0)
(-1.74497 -0.0482761 0)
(-1.74161 0.282822 0)
(-2.19982 0.00305738 0)
(-2.11537 0.115366 0)
(-1.06787 0.0538697 0)
(-1.89922 0.114254 0)
(-1.13776 -0.171929 0)
(-1.40921 0.368551 0)
(-1.70147 -0.476969 0)
(-1.51132 0.482054 0)
(-1.50071 -0.275658 0)
(-2.57096 1.21775 0)
(-2.78725 -0.953892 0)
(-3.5398 -0.101502 0)
(-3.28457 0.496209 0)
(-1.55595 0.490262 0)
(-1.52114 -0.272357 0)
(-1.73008 -0.481863 0)
(-1.44827 0.371167 0)
(-2.01153 -0.112599 0)
(-1.45576 0.126684 0)
(-1.48527 0.358694 0)
(-2.31205 -0.218978 0)
(-1.76569 0.344966 0)
(-1.89026 -0.481526 0)
(-1.64311 -0.212185 0)
(-1.93267 0.491485 0)
(-1.93254 -0.171407 0)
(-1.68085 0.452159 0)
(-2.23938 -0.347668 0)
(-1.59206 0.235328 0)
(-2.32773 0.448257 0)
(-1.9815 -0.0286843 0)
(-2.08036 0.193772 0)
(-2.33127 -0.37011 0)
(-2.36183 -0.371551 0)
(-1.92691 0.20487 0)
(-1.99852 -0.104293 0)
(-2.10426 0.468479 0)
(-2.4291 -0.337299 0)
(-1.89808 0.172455 0)
(-2.05043 0.45582 0)
(-2.04938 -0.0998529 0)
(-1.97738 -0.438493 0)
(-1.55172 0.330233 0)
(-1.66205 0.489851 0)
(-1.72202 -0.230957 0)
(-1.45409 0.262981 0)
(-1.52624 0.441565 0)
(-2.10645 -0.354402 0)
(-1.83959 -0.194673 0)
(-1.12637 0.282735 0)
(-1.84307 -0.105324 0)
(-1.14009 0.118539 0)
(-2.06304 -0.17083 0)
(-1.53109 -0.497709 0)
(-1.6906 0.466387 0)
(-1.56538 0.377489 0)
(-1.32691 -0.254732 0)
(-1.50006 0.486964 0)
(-1.55952 -0.267097 0)
(-1.40331 0.364287 0)
(-1.77053 -0.460117 0)
(-1.82409 -0.116443 0)
(-2.23309 0.0424331 0)
(-1.78872 0.247711 0)
(-2.61461 0.0224434 0)
(-1.9281 0.110123 0)
(-1.09652 0.0642982 0)
(-1.16494 -0.166779 0)
(-2.15198 0.110019 0)
(-1.77065 -0.481841 0)
(-1.76452 0.354902 0)
(-1.54624 -0.214466 0)
(-1.93024 0.478144 0)
(-1.7486 -0.477179 0)
(-1.52941 -0.206869 0)
(-1.78976 0.353124 0)
(-1.96162 0.471652 0)
(-1.37726 0.0878781 0)
(-2.28127 -0.169093 0)
(-1.38377 0.311703 0)
(-2.00125 -0.0868446 0)
(-2.29465 -0.144623 0)
(-1.37538 0.0627714 0)
(-1.37468 0.291761 0)
(-2.01465 -0.0706852 0)
(-1.85717 0.0205128 0)
(-3.77146 -0.327988 0)
(-2.70662 0.0147841 0)
(-3.73308 0.510546 0)
(-1.56492 0.36654 0)
(-1.7959 -0.480123 0)
(-1.68945 0.49726 0)
(-1.56861 -0.249974 0)
(-2.63012 -0.0148237 0)
(-1.84645 0.274429 0)
(-2.23757 0.025419 0)
(-1.8617 -0.0926463 0)
(-2.1167 -0.289268 0)
(-1.86482 -0.170001 0)
(-1.32067 0.211798 0)
(-1.35696 0.386081 0)
(-1.9706 -0.433872 0)
(-1.50893 0.327012 0)
(-1.61118 0.483498 0)
(-1.71979 -0.236024 0)
(-1.5171 -0.136931 0)
(-2.44684 0.0575618 0)
(-1.46102 0.162444 0)
(-2.13805 0.0677366 0)
(-2.24163 -0.138017 0)
(-1.30823 0.0687907 0)
(-1.97711 -0.0698425 0)
(-1.3001 0.283391 0)
(-2.58166 -0.231363 0)
(-1.90333 0.0537366 0)
(-2.00825 0.387789 0)
(-2.16329 -0.0603231 0)
(-1.9059 0.467388 0)
(-1.74418 0.359602 0)
(-1.67809 -0.485811 0)
(-1.46712 -0.22349 0)
(-2.16792 -0.374842 0)
(-2.18492 0.190933 0)
(-1.90904 0.0203757 0)
(-2.50053 0.370731 0)
(-1.95643 -0.312526 0)
(-1.21697 0.269233 0)
(-1.73739 -0.194531 0)
(-1.25319 0.401938 0)
(-2.2377 -0.338247 0)
(-1.55653 0.222532 0)
(-1.93523 -0.171889 0)
(-1.63683 0.437025 0)
(-1.56787 -0.211323 0)
(-2.14904 0.12101 0)
(-2.4532 0.138418 0)
(-1.4836 0.103526 0)
(-2.18678 -0.0478216 0)
(-2.60861 -0.201119 0)
(-1.99359 0.362005 0)
(-1.90358 0.0200076 0)
(-2.06181 -0.378644 0)
(-1.45157 0.278209 0)
(-1.53043 0.447243 0)
(-1.80369 -0.209771 0)
(-2.02036 -0.00300468 0)
(-2.2871 -0.0448688 0)
(-1.31589 -0.0289143 0)
(-1.28553 0.209359 0)
(-2.0254 0.436672 0)
(-1.84079 0.342765 0)
(-1.60714 -0.460409 0)
(-1.41636 -0.188028 0)
(-1.4944 0.284781 0)
(-2.06728 -0.392529 0)
(-1.80328 -0.212179 0)
(-1.58291 0.457385 0)
(-2.16368 -0.392883 0)
(-2.39291 0.410494 0)
(-2.11734 0.220043 0)
(-1.88668 -0.0285155 0)
(-1.97245 -0.095035 0)
(-1.34596 0.102238 0)
(-1.35175 0.313588 0)
(-2.24208 -0.178475 0)
(-1.88285 0.476909 0)
(-1.72582 0.357989 0)
(-1.52473 -0.222803 0)
(-1.74484 -0.4829 0)
(-2.24958 0.0936242 0)
(-2.08493 0.122493 0)
(-2.4578 -0.290143 0)
(-2.57549 0.38212 0)
(-1.37447 -0.235351 0)
(-1.2858 0.0357911 0)
(-2.27855 0.169309 0)
(-2.02703 0.152939 0)
(-1.95275 -0.0578885 0)
(-2.66865 -0.0706207 0)
(-1.97865 0.325737 0)
(-2.24226 0.00677498 0)
(-1.91237 0.149568 0)
(-1.09514 0.0267879 0)
(-2.13088 0.159845 0)
(-1.17462 -0.20833 0)
(-1.72886 -0.228059 0)
(-1.52898 0.471221 0)
(-1.97393 -0.406609 0)
(-1.44237 0.317137 0)
(-1.26871 0.0129332 0)
(-1.36553 -0.254593 0)
(-2.00687 0.175761 0)
(-2.24911 0.198507 0)
(-1.29818 0.00281949 0)
(-1.40168 -0.270352 0)
(-2.01375 0.187043 0)
(-2.25738 0.214816 0)
(-2.29554 0.044696 0)
(-2.16031 0.165416 0)
(-2.65796 0.342987 0)
(-2.53172 -0.27814 0)
(-2.72861 -0.184731 0)
(-2.28442 -0.0560578 0)
(-2.48545 0.368512 0)
(-2.22204 0.0700917 0)
(-1.31616 0.254082 0)
(-2.27601 -0.102184 0)
(-1.33124 0.0265189 0)
(-2.00649 -0.0437175 0)
(-2.68548 -0.190511 0)
(-2.28338 -0.0244934 0)
(-2.52552 0.390055 0)
(-2.18546 0.111865 0)
(-2.6091 0.0783634 0)
(-2.23961 0.0721515 0)
(-1.82303 -0.166728 0)
(-1.7588 0.201469 0)
(-1.80532 0.222915 0)
(-2.63518 0.0401543 0)
(-2.24692 0.0524285 0)
(-1.84905 -0.154383 0)
(-2.15803 -0.0815003 0)
(-2.75389 -0.129643 0)
(-2.2473 0.350046 0)
(-2.26112 0.00673709 0)
(-1.97538 -0.0431151 0)
(-2.24152 -0.00338094 0)
(-2.02246 0.343758 0)
(-2.6793 -0.10349 0)
(-1.73865 0.316102 0)
(-1.75996 -0.199312 0)
(-1.88984 0.49198 0)
(-2.03618 -0.450537 0)
(-1.67 -0.471649 0)
(-1.46394 -0.203063 0)
(-1.79757 0.351709 0)
(-1.97104 0.45658 0)
(-2.30895 -0.391272 0)
(-1.89854 0.227265 0)
(-1.96046 -0.120086 0)
(-2.07724 0.474787 0)
(-1.69869 -0.478799 0)
(-1.48633 -0.210374 0)
(-1.95157 0.463201 0)
(-1.78106 0.353519 0)
(-2.27411 -0.124403 0)
(-1.33954 0.0510532 0)
(-1.33094 0.275792 0)
(-2.00175 -0.0586979 0)
(-1.261 -0.0426744 0)
(-1.22101 0.184444 0)
(-1.98118 0.0144387 0)
(-2.2311 -0.0180145 0)
(-1.34791 -0.191337 0)
(-1.52654 -0.452329 0)
(-1.81393 0.336625 0)
(-1.99071 0.417067 0)
(-2.22281 -0.0184573 0)
(-1.93083 -0.0169982 0)
(-2.65177 -0.134864 0)
(-1.99141 0.350628 0)
(-2.18978 -0.181763 0)
(-1.28862 0.107413 0)
(-1.93522 -0.101505 0)
(-1.29021 0.303357 0)
(-2.18088 -0.204957 0)
(-1.29517 0.134061 0)
(-1.30346 0.326114 0)
(-1.92503 -0.116563 0)
(-1.68666 -0.48361 0)
(-1.47273 -0.230719 0)
(-1.8255 0.477649 0)
(-1.67891 0.366896 0)
(-1.7137 -0.489849 0)
(-1.49529 -0.239254 0)
(-1.7996 0.483481 0)
(-1.65624 0.367603 0)
(-2.27422 -0.388816 0)
(-1.84569 0.244463 0)
(-2.00716 0.480102 0)
(-1.93997 -0.134508 0)
(-2.32079 0.458515 0)
(-2.01723 -0.014174 0)
(-2.38708 -0.334804 0)
(-2.09011 0.183403 0)
(-2.26324 0.0343718 0)
(-2.78257 -0.0863004 0)
(-2.34272 0.374405 0)
(-2.26076 -0.0965571 0)
(-1.49206 -0.184309 0)
(-1.4221 0.11325 0)
(-2.11878 0.100907 0)
(-2.41134 0.103114 0)
)
;

boundaryField
{
    insideCircle
    {
        type            myHeatFlux;
        alpha           uniform 1;
        Theta_wall      uniform 4;
        value           nonuniform List<vector> 
24
(
(-2.4531 1.61069 0)
(-4.37423 0.140031 0)
(-3.20887 -1.35784 0)
(-3.36707 0.87186 -0)
(-1.68628 -0.209892 0)
(-4.25662 0.742058 0)
(-2.60714 -0.134345 0)
(-4.38767 -0.186625 -0)
(-4.28965 -0.600854 -0)
(-1.58145 0.317152 0)
(-2.54539 0.201852 -0)
(-4.35213 0.309401 0)
(-2.65378 -1.35266 0)
(-3.03548 1.66905 0)
(-3.71305 0.834782 -0)
(-3.32843 -0.784447 0)
(-4.16965 0.442315 -0)
(-1.97712 -0.939293 0)
(-2.81696 -0.59958 0)
(-3.76135 1.35858 0)
(-3.85613 -1.16324 0)
(-1.84866 1.03253 0)
(-2.81332 0.646443 -0)
(-4.16785 -0.35681 0)
)
;
    }
    outsideCircle
    {
        type            myHeatFlux;
        alpha           uniform 1;
        Theta_wall      uniform 1;
        value           nonuniform List<vector> 
124
(
(-1.51587 -0.505134 0)
(-1.31961 -0.280187 -0)
(-1.49946 0.5059 0)
(-1.39738 0.408259 0)
(-1.7531 -0.182925 -0)
(-1.06671 0.206597 0)
(-1.07132 0.325866 0)
(-1.95081 -0.266978 0)
(-1.20616 -0.427119 0)
(-1.73017 0.348947 0)
(-1.07129 -0.201985 -0)
(-1.88446 0.397437 0)
(-1.84442 0.0841324 0)
(-2.04684 0.0787517 0)
(-0.965358 0.0761613 0)
(-1.02016 -0.130392 0)
(-1.96913 0.224398 0)
(-0.997592 -0.0557149 -0)
(-1.08194 -0.261377 0)
(-1.77981 0.20442 0)
(-1.7488 0.285085 0)
(-1.02921 -0.135894 -0)
(-1.91677 0.316843 0)
(-1.13858 -0.346003 0)
(-1.05195 -0.214816 1.06202e-18)
(-0.976623 0.00258858 -4.54061e-19)
(-1.99047 0.167572 5.31988e-18)
(-1.79991 0.15773 -4.81351e-18)
(-1.48106 0.380691 0)
(-1.20476 -0.252348 -0)
(-1.58876 0.451296 0)
(-1.40537 -0.485691 0)
(-1.95206 -0.156897 -5.21372e-18)
(-1.03001 0.103913 7.5967e-19)
(-1.75903 -0.103179 4.68013e-18)
(-1.01179 0.249568 -1.13457e-18)
(-1.16769 -0.379925 0)
(-1.73431 0.321218 0)
(-1.8912 0.360272 0)
(-1.04466 -0.164405 -0)
(-1.81564 0.116628 -4.85715e-18)
(-0.967993 0.0343439 -2.35997e-19)
(-2.01305 0.117863 5.3814e-18)
(-1.03244 -0.17739 8.19605e-19)
(-1.19349 0.343223 0)
(-1.52095 -0.264598 -0)
(-1.2547 0.446472 0)
(-1.70555 -0.405349 0)
(-1.01118 0.0151841 0)
(-1.7881 -0.0208535 -0)
(-1.98732 -0.0537466 0)
(-0.978716 0.187729 0)
(-1.30606 -0.466053 0)
(-1.14375 -0.248667 -0)
(-1.71215 0.431231 0)
(-1.58442 0.369784 0)
(-1.128 0.299662 0)
(-1.80001 -0.332993 0)
(-1.16195 0.401234 0)
(-1.60891 -0.219917 -0)
(-1.25897 -0.255459 -0)
(-1.43068 0.394151 0)
(-1.53078 0.478503 0)
(-1.46275 -0.494188 0)
(-1.94247 -0.219338 0)
(-1.0495 0.154921 0)
(-1.75159 -0.149727 -0)
(-1.04011 0.281334 0)
(-1.43208 -0.286845 -0)
(-1.34938 0.461537 0)
(-1.26792 0.362905 0)
(-1.61019 -0.456927 0)
(-1.9268 -0.284457 0)
(-1.72574 -0.191155 -0)
(-1.08387 0.25002 0)
(-1.09765 0.36408 0)
(-1.55321 -0.510024 0)
(-1.36744 0.402043 0)
(-1.36555 -0.301692 -0)
(-1.47077 0.5049 0)
(-1.8069 0.0262692 -0)
(-1.01131 -0.0307108 0)
(-2.00708 0.00504617 0)
(-0.967767 0.150845 0)
(-1.11255 -0.238598 -0)
(-1.77461 0.410217 0)
(-1.63694 0.355867 0)
(-1.26264 -0.457895 0)
(-1.31912 0.377626 0)
(-1.39769 -0.29943 -0)
(-1.4127 0.476882 0)
(-1.57781 -0.488573 0)
(-1.12631 0.388409 0)
(-1.8621 -0.301081 0)
(-1.66547 -0.199136 -0)
(-1.10518 0.279261 0)
(-2.04446 0.0501606 0)
(-0.964054 0.115486 0)
(-1.84252 0.0619514 -0)
(-1.01507 -0.0834567 0)
(-1.84546 0.405356 0)
(-1.69699 0.353496 0)
(-1.09122 -0.226205 -0)
(-1.23292 -0.451373 0)
(-1.951 0.272887 0)
(-1.76795 0.24648 0)
(-1.10511 -0.299126 0)
(-1.00863 -0.0905996 -0)
(-1.1604 0.320786 0)
(-1.75655 -0.373618 0)
(-1.21037 0.422777 0)
(-1.56797 -0.245633 -0)
(-1.48012 -0.275062 -0)
(-1.29933 0.462233 0)
(-1.22822 0.359905 0)
(-1.66262 -0.429854 0)
(-1.35282 -0.478095 0)
(-1.1739 -0.25807 -0)
(-1.65776 0.443867 0)
(-1.5376 0.377401 0)
(-1.97495 -0.103122 -5.27532e-18)
(-0.991504 0.222318 -9.24987e-19)
(-1.01818 0.0599532 5.03173e-19)
(-1.77635 -0.0605007 4.73394e-18)
)
;
    }
    topAndBottom
    {
        type            empty;
    }
}


// ************************************************************************* //
