/*--------------------------------*- C++ -*----------------------------------*\
| =========                 |                                                 |
| \\      /  F ield         | foam-extend: Open Source CFD                    |
|  \\    /   O peration     | Version:  3.0                                   |
|   \\  /    A nd           | Web:         http://www.extend-project.de       |
|    \\/     M anipulation  |                                                 |
\*---------------------------------------------------------------------------*/
FoamFile
{
    version     2.0;
    format      ascii;
    class       vectorField;
    location    "constant/polyMesh";
    object      points;
}
// * * * * * * * * * * * * * * * * * * * * * * * * * * * * * * * * * * * * * //


882
(
(0 0 0)
(0.05 0 0)
(0.1 0 0)
(0.15 0 0)
(0.2 0 0)
(0.25 0 0)
(0.3 0 0)
(0.35 0 0)
(0.4 0 0)
(0.45 0 0)
(0.5 0 0)
(0.55 0 0)
(0.6 0 0)
(0.65 0 0)
(0.7 0 0)
(0.75 0 0)
(0.8 0 0)
(0.85 0 0)
(0.9 0 0)
(0.95 0 0)
(1 0 0)
(0 0.08230072964 0)
(0.05 0.08230072964 0)
(0.1 0.08230072964 0)
(0.15 0.08230072964 0)
(0.2 0.08230072964 0)
(0.25 0.08230072964 0)
(0.3 0.08230072964 0)
(0.35 0.08230072964 0)
(0.4 0.08230072964 0)
(0.45 0.08230072964 0)
(0.5 0.08230072964 0)
(0.55 0.08230072964 0)
(0.6 0.08230072964 0)
(0.65 0.08230072964 0)
(0.7 0.08230072964 0)
(0.75 0.08230072964 0)
(0.8 0.08230072964 0)
(0.85 0.08230072964 0)
(0.9 0.08230072964 0)
(0.95 0.08230072964 0)
(1 0.08230072964 0)
(0 0.1599365799 0)
(0.05 0.1599365799 0)
(0.1 0.1599365799 0)
(0.15 0.1599365799 0)
(0.2 0.1599365799 0)
(0.25 0.1599365799 0)
(0.3 0.1599365799 0)
(0.35 0.1599365799 0)
(0.4 0.1599365799 0)
(0.45 0.1599365799 0)
(0.5 0.1599365799 0)
(0.55 0.1599365799 0)
(0.6 0.1599365799 0)
(0.65 0.1599365799 0)
(0.7 0.1599365799 0)
(0.75 0.1599365799 0)
(0.8 0.1599365799 0)
(0.85 0.1599365799 0)
(0.9 0.1599365799 0)
(0.95 0.1599365799 0)
(1 0.1599365799 0)
(0 0.2331719604 0)
(0.05 0.2331719604 0)
(0.1 0.2331719604 0)
(0.15 0.2331719604 0)
(0.2 0.2331719604 0)
(0.25 0.2331719604 0)
(0.3 0.2331719604 0)
(0.35 0.2331719604 0)
(0.4 0.2331719604 0)
(0.45 0.2331719604 0)
(0.5 0.2331719604 0)
(0.55 0.2331719604 0)
(0.6 0.2331719604 0)
(0.65 0.2331719604 0)
(0.7 0.2331719604 0)
(0.75 0.2331719604 0)
(0.8 0.2331719604 0)
(0.85 0.2331719604 0)
(0.9 0.2331719604 0)
(0.95 0.2331719604 0)
(1 0.2331719604 0)
(0 0.3022562937 0)
(0.05 0.3022562937 0)
(0.1 0.3022562937 0)
(0.15 0.3022562937 0)
(0.2 0.3022562937 0)
(0.25 0.3022562937 0)
(0.3 0.3022562937 0)
(0.35 0.3022562937 0)
(0.4 0.3022562937 0)
(0.45 0.3022562937 0)
(0.5 0.3022562937 0)
(0.55 0.3022562937 0)
(0.6 0.3022562937 0)
(0.65 0.3022562937 0)
(0.7 0.3022562937 0)
(0.75 0.3022562937 0)
(0.8 0.3022562937 0)
(0.85 0.3022562937 0)
(0.9 0.3022562937 0)
(0.95 0.3022562937 0)
(1 0.3022562937 0)
(0 0.3674248649 0)
(0.05 0.3674248649 0)
(0.1 0.3674248649 0)
(0.15 0.3674248649 0)
(0.2 0.3674248649 0)
(0.25 0.3674248649 0)
(0.3 0.3674248649 0)
(0.35 0.3674248649 0)
(0.4 0.3674248649 0)
(0.45 0.3674248649 0)
(0.5 0.3674248649 0)
(0.55 0.3674248649 0)
(0.6 0.3674248649 0)
(0.65 0.3674248649 0)
(0.7 0.3674248649 0)
(0.75 0.3674248649 0)
(0.8 0.3674248649 0)
(0.85 0.3674248649 0)
(0.9 0.3674248649 0)
(0.95 0.3674248649 0)
(1 0.3674248649 0)
(0 0.4288996228 0)
(0.05 0.4288996228 0)
(0.1 0.4288996228 0)
(0.15 0.4288996228 0)
(0.2 0.4288996228 0)
(0.25 0.4288996228 0)
(0.3 0.4288996228 0)
(0.35 0.4288996228 0)
(0.4 0.4288996228 0)
(0.45 0.4288996228 0)
(0.5 0.4288996228 0)
(0.55 0.4288996228 0)
(0.6 0.4288996228 0)
(0.65 0.4288996228 0)
(0.7 0.4288996228 0)
(0.75 0.4288996228 0)
(0.8 0.4288996228 0)
(0.85 0.4288996228 0)
(0.9 0.4288996228 0)
(0.95 0.4288996228 0)
(1 0.4288996228 0)
(0 0.4868899363 0)
(0.05 0.4868899363 0)
(0.1 0.4868899363 0)
(0.15 0.4868899363 0)
(0.2 0.4868899363 0)
(0.25 0.4868899363 0)
(0.3 0.4868899363 0)
(0.35 0.4868899363 0)
(0.4 0.4868899363 0)
(0.45 0.4868899363 0)
(0.5 0.4868899363 0)
(0.55 0.4868899363 0)
(0.6 0.4868899363 0)
(0.65 0.4868899363 0)
(0.7 0.4868899363 0)
(0.75 0.4868899363 0)
(0.8 0.4868899363 0)
(0.85 0.4868899363 0)
(0.9 0.4868899363 0)
(0.95 0.4868899363 0)
(1 0.4868899363 0)
(0 0.5415933066 0)
(0.05 0.5415933066 0)
(0.1 0.5415933066 0)
(0.15 0.5415933066 0)
(0.2 0.5415933066 0)
(0.25 0.5415933066 0)
(0.3 0.5415933066 0)
(0.35 0.5415933066 0)
(0.4 0.5415933066 0)
(0.45 0.5415933066 0)
(0.5 0.5415933066 0)
(0.55 0.5415933066 0)
(0.6 0.5415933066 0)
(0.65 0.5415933066 0)
(0.7 0.5415933066 0)
(0.75 0.5415933066 0)
(0.8 0.5415933066 0)
(0.85 0.5415933066 0)
(0.9 0.5415933066 0)
(0.95 0.5415933066 0)
(1 0.5415933066 0)
(0 0.5931960407 0)
(0.05 0.5931960407 0)
(0.1 0.5931960407 0)
(0.15 0.5931960407 0)
(0.2 0.5931960407 0)
(0.25 0.5931960407 0)
(0.3 0.5931960407 0)
(0.35 0.5931960407 0)
(0.4 0.5931960407 0)
(0.45 0.5931960407 0)
(0.5 0.5931960407 0)
(0.55 0.5931960407 0)
(0.6 0.5931960407 0)
(0.65 0.5931960407 0)
(0.7 0.5931960407 0)
(0.75 0.5931960407 0)
(0.8 0.5931960407 0)
(0.85 0.5931960407 0)
(0.9 0.5931960407 0)
(0.95 0.5931960407 0)
(1 0.5931960407 0)
(0 0.6418738854 0)
(0.05 0.6418738854 0)
(0.1 0.6418738854 0)
(0.15 0.6418738854 0)
(0.2 0.6418738854 0)
(0.25 0.6418738854 0)
(0.3 0.6418738854 0)
(0.35 0.6418738854 0)
(0.4 0.6418738854 0)
(0.45 0.6418738854 0)
(0.5 0.6418738854 0)
(0.55 0.6418738854 0)
(0.6 0.6418738854 0)
(0.65 0.6418738854 0)
(0.7 0.6418738854 0)
(0.75 0.6418738854 0)
(0.8 0.6418738854 0)
(0.85 0.6418738854 0)
(0.9 0.6418738854 0)
(0.95 0.6418738854 0)
(1 0.6418738854 0)
(0 0.6877926262 0)
(0.05 0.6877926262 0)
(0.1 0.6877926262 0)
(0.15 0.6877926262 0)
(0.2 0.6877926262 0)
(0.25 0.6877926262 0)
(0.3 0.6877926262 0)
(0.35 0.6877926262 0)
(0.4 0.6877926262 0)
(0.45 0.6877926262 0)
(0.5 0.6877926262 0)
(0.55 0.6877926262 0)
(0.6 0.6877926262 0)
(0.65 0.6877926262 0)
(0.7 0.6877926262 0)
(0.75 0.6877926262 0)
(0.8 0.6877926262 0)
(0.85 0.6877926262 0)
(0.9 0.6877926262 0)
(0.95 0.6877926262 0)
(1 0.6877926262 0)
(0 0.7311086514 0)
(0.05 0.7311086514 0)
(0.1 0.7311086514 0)
(0.15 0.7311086514 0)
(0.2 0.7311086514 0)
(0.25 0.7311086514 0)
(0.3 0.7311086514 0)
(0.35 0.7311086514 0)
(0.4 0.7311086514 0)
(0.45 0.7311086514 0)
(0.5 0.7311086514 0)
(0.55 0.7311086514 0)
(0.6 0.7311086514 0)
(0.65 0.7311086514 0)
(0.7 0.7311086514 0)
(0.75 0.7311086514 0)
(0.8 0.7311086514 0)
(0.85 0.7311086514 0)
(0.9 0.7311086514 0)
(0.95 0.7311086514 0)
(1 0.7311086514 0)
(0 0.7719694854 0)
(0.05 0.7719694854 0)
(0.1 0.7719694854 0)
(0.15 0.7719694854 0)
(0.2 0.7719694854 0)
(0.25 0.7719694854 0)
(0.3 0.7719694854 0)
(0.35 0.7719694854 0)
(0.4 0.7719694854 0)
(0.45 0.7719694854 0)
(0.5 0.7719694854 0)
(0.55 0.7719694854 0)
(0.6 0.7719694854 0)
(0.65 0.7719694854 0)
(0.7 0.7719694854 0)
(0.75 0.7719694854 0)
(0.8 0.7719694854 0)
(0.85 0.7719694854 0)
(0.9 0.7719694854 0)
(0.95 0.7719694854 0)
(1 0.7719694854 0)
(0 0.8105142905 0)
(0.05 0.8105142905 0)
(0.1 0.8105142905 0)
(0.15 0.8105142905 0)
(0.2 0.8105142905 0)
(0.25 0.8105142905 0)
(0.3 0.8105142905 0)
(0.35 0.8105142905 0)
(0.4 0.8105142905 0)
(0.45 0.8105142905 0)
(0.5 0.8105142905 0)
(0.55 0.8105142905 0)
(0.6 0.8105142905 0)
(0.65 0.8105142905 0)
(0.7 0.8105142905 0)
(0.75 0.8105142905 0)
(0.8 0.8105142905 0)
(0.85 0.8105142905 0)
(0.9 0.8105142905 0)
(0.95 0.8105142905 0)
(1 0.8105142905 0)
(0 0.8468743415 0)
(0.05 0.8468743415 0)
(0.1 0.8468743415 0)
(0.15 0.8468743415 0)
(0.2 0.8468743415 0)
(0.25 0.8468743415 0)
(0.3 0.8468743415 0)
(0.35 0.8468743415 0)
(0.4 0.8468743415 0)
(0.45 0.8468743415 0)
(0.5 0.8468743415 0)
(0.55 0.8468743415 0)
(0.6 0.8468743415 0)
(0.65 0.8468743415 0)
(0.7 0.8468743415 0)
(0.75 0.8468743415 0)
(0.8 0.8468743415 0)
(0.85 0.8468743415 0)
(0.9 0.8468743415 0)
(0.95 0.8468743415 0)
(1 0.8468743415 0)
(0 0.8811734721 0)
(0.05 0.8811734721 0)
(0.1 0.8811734721 0)
(0.15 0.8811734721 0)
(0.2 0.8811734721 0)
(0.25 0.8811734721 0)
(0.3 0.8811734721 0)
(0.35 0.8811734721 0)
(0.4 0.8811734721 0)
(0.45 0.8811734721 0)
(0.5 0.8811734721 0)
(0.55 0.8811734721 0)
(0.6 0.8811734721 0)
(0.65 0.8811734721 0)
(0.7 0.8811734721 0)
(0.75 0.8811734721 0)
(0.8 0.8811734721 0)
(0.85 0.8811734721 0)
(0.9 0.8811734721 0)
(0.95 0.8811734721 0)
(1 0.8811734721 0)
(0 0.9135284971 0)
(0.05 0.9135284971 0)
(0.1 0.9135284971 0)
(0.15 0.9135284971 0)
(0.2 0.9135284971 0)
(0.25 0.9135284971 0)
(0.3 0.9135284971 0)
(0.35 0.9135284971 0)
(0.4 0.9135284971 0)
(0.45 0.9135284971 0)
(0.5 0.9135284971 0)
(0.55 0.9135284971 0)
(0.6 0.9135284971 0)
(0.65 0.9135284971 0)
(0.7 0.9135284971 0)
(0.75 0.9135284971 0)
(0.8 0.9135284971 0)
(0.85 0.9135284971 0)
(0.9 0.9135284971 0)
(0.95 0.9135284971 0)
(1 0.9135284971 0)
(0 0.9440496102 0)
(0.05 0.9440496102 0)
(0.1 0.9440496102 0)
(0.15 0.9440496102 0)
(0.2 0.9440496102 0)
(0.25 0.9440496102 0)
(0.3 0.9440496102 0)
(0.35 0.9440496102 0)
(0.4 0.9440496102 0)
(0.45 0.9440496102 0)
(0.5 0.9440496102 0)
(0.55 0.9440496102 0)
(0.6 0.9440496102 0)
(0.65 0.9440496102 0)
(0.7 0.9440496102 0)
(0.75 0.9440496102 0)
(0.8 0.9440496102 0)
(0.85 0.9440496102 0)
(0.9 0.9440496102 0)
(0.95 0.9440496102 0)
(1 0.9440496102 0)
(0 0.9728407592 0)
(0.05 0.9728407592 0)
(0.1 0.9728407592 0)
(0.15 0.9728407592 0)
(0.2 0.9728407592 0)
(0.25 0.9728407592 0)
(0.3 0.9728407592 0)
(0.35 0.9728407592 0)
(0.4 0.9728407592 0)
(0.45 0.9728407592 0)
(0.5 0.9728407592 0)
(0.55 0.9728407592 0)
(0.6 0.9728407592 0)
(0.65 0.9728407592 0)
(0.7 0.9728407592 0)
(0.75 0.9728407592 0)
(0.8 0.9728407592 0)
(0.85 0.9728407592 0)
(0.9 0.9728407592 0)
(0.95 0.9728407592 0)
(1 0.9728407592 0)
(0 1 0)
(0.05 1 0)
(0.1 1 0)
(0.15 1 0)
(0.2 1 0)
(0.25 1 0)
(0.3 1 0)
(0.35 1 0)
(0.4 1 0)
(0.45 1 0)
(0.5 1 0)
(0.55 1 0)
(0.6 1 0)
(0.65 1 0)
(0.7 1 0)
(0.75 1 0)
(0.8 1 0)
(0.85 1 0)
(0.9 1 0)
(0.95 1 0)
(1 1 0)
(0 0 0.1)
(0.05 0 0.1)
(0.1 0 0.1)
(0.15 0 0.1)
(0.2 0 0.1)
(0.25 0 0.1)
(0.3 0 0.1)
(0.35 0 0.1)
(0.4 0 0.1)
(0.45 0 0.1)
(0.5 0 0.1)
(0.55 0 0.1)
(0.6 0 0.1)
(0.65 0 0.1)
(0.7 0 0.1)
(0.75 0 0.1)
(0.8 0 0.1)
(0.85 0 0.1)
(0.9 0 0.1)
(0.95 0 0.1)
(1 0 0.1)
(0 0.08230072964 0.1)
(0.05 0.08230072964 0.1)
(0.1 0.08230072964 0.1)
(0.15 0.08230072964 0.1)
(0.2 0.08230072964 0.1)
(0.25 0.08230072964 0.1)
(0.3 0.08230072964 0.1)
(0.35 0.08230072964 0.1)
(0.4 0.08230072964 0.1)
(0.45 0.08230072964 0.1)
(0.5 0.08230072964 0.1)
(0.55 0.08230072964 0.1)
(0.6 0.08230072964 0.1)
(0.65 0.08230072964 0.1)
(0.7 0.08230072964 0.1)
(0.75 0.08230072964 0.1)
(0.8 0.08230072964 0.1)
(0.85 0.08230072964 0.1)
(0.9 0.08230072964 0.1)
(0.95 0.08230072964 0.1)
(1 0.08230072964 0.1)
(0 0.1599365799 0.1)
(0.05 0.1599365799 0.1)
(0.1 0.1599365799 0.1)
(0.15 0.1599365799 0.1)
(0.2 0.1599365799 0.1)
(0.25 0.1599365799 0.1)
(0.3 0.1599365799 0.1)
(0.35 0.1599365799 0.1)
(0.4 0.1599365799 0.1)
(0.45 0.1599365799 0.1)
(0.5 0.1599365799 0.1)
(0.55 0.1599365799 0.1)
(0.6 0.1599365799 0.1)
(0.65 0.1599365799 0.1)
(0.7 0.1599365799 0.1)
(0.75 0.1599365799 0.1)
(0.8 0.1599365799 0.1)
(0.85 0.1599365799 0.1)
(0.9 0.1599365799 0.1)
(0.95 0.1599365799 0.1)
(1 0.1599365799 0.1)
(0 0.2331719604 0.1)
(0.05 0.2331719604 0.1)
(0.1 0.2331719604 0.1)
(0.15 0.2331719604 0.1)
(0.2 0.2331719604 0.1)
(0.25 0.2331719604 0.1)
(0.3 0.2331719604 0.1)
(0.35 0.2331719604 0.1)
(0.4 0.2331719604 0.1)
(0.45 0.2331719604 0.1)
(0.5 0.2331719604 0.1)
(0.55 0.2331719604 0.1)
(0.6 0.2331719604 0.1)
(0.65 0.2331719604 0.1)
(0.7 0.2331719604 0.1)
(0.75 0.2331719604 0.1)
(0.8 0.2331719604 0.1)
(0.85 0.2331719604 0.1)
(0.9 0.2331719604 0.1)
(0.95 0.2331719604 0.1)
(1 0.2331719604 0.1)
(0 0.3022562937 0.1)
(0.05 0.3022562937 0.1)
(0.1 0.3022562937 0.1)
(0.15 0.3022562937 0.1)
(0.2 0.3022562937 0.1)
(0.25 0.3022562937 0.1)
(0.3 0.3022562937 0.1)
(0.35 0.3022562937 0.1)
(0.4 0.3022562937 0.1)
(0.45 0.3022562937 0.1)
(0.5 0.3022562937 0.1)
(0.55 0.3022562937 0.1)
(0.6 0.3022562937 0.1)
(0.65 0.3022562937 0.1)
(0.7 0.3022562937 0.1)
(0.75 0.3022562937 0.1)
(0.8 0.3022562937 0.1)
(0.85 0.3022562937 0.1)
(0.9 0.3022562937 0.1)
(0.95 0.3022562937 0.1)
(1 0.3022562937 0.1)
(0 0.3674248649 0.1)
(0.05 0.3674248649 0.1)
(0.1 0.3674248649 0.1)
(0.15 0.3674248649 0.1)
(0.2 0.3674248649 0.1)
(0.25 0.3674248649 0.1)
(0.3 0.3674248649 0.1)
(0.35 0.3674248649 0.1)
(0.4 0.3674248649 0.1)
(0.45 0.3674248649 0.1)
(0.5 0.3674248649 0.1)
(0.55 0.3674248649 0.1)
(0.6 0.3674248649 0.1)
(0.65 0.3674248649 0.1)
(0.7 0.3674248649 0.1)
(0.75 0.3674248649 0.1)
(0.8 0.3674248649 0.1)
(0.85 0.3674248649 0.1)
(0.9 0.3674248649 0.1)
(0.95 0.3674248649 0.1)
(1 0.3674248649 0.1)
(0 0.4288996228 0.1)
(0.05 0.4288996228 0.1)
(0.1 0.4288996228 0.1)
(0.15 0.4288996228 0.1)
(0.2 0.4288996228 0.1)
(0.25 0.4288996228 0.1)
(0.3 0.4288996228 0.1)
(0.35 0.4288996228 0.1)
(0.4 0.4288996228 0.1)
(0.45 0.4288996228 0.1)
(0.5 0.4288996228 0.1)
(0.55 0.4288996228 0.1)
(0.6 0.4288996228 0.1)
(0.65 0.4288996228 0.1)
(0.7 0.4288996228 0.1)
(0.75 0.4288996228 0.1)
(0.8 0.4288996228 0.1)
(0.85 0.4288996228 0.1)
(0.9 0.4288996228 0.1)
(0.95 0.4288996228 0.1)
(1 0.4288996228 0.1)
(0 0.4868899363 0.1)
(0.05 0.4868899363 0.1)
(0.1 0.4868899363 0.1)
(0.15 0.4868899363 0.1)
(0.2 0.4868899363 0.1)
(0.25 0.4868899363 0.1)
(0.3 0.4868899363 0.1)
(0.35 0.4868899363 0.1)
(0.4 0.4868899363 0.1)
(0.45 0.4868899363 0.1)
(0.5 0.4868899363 0.1)
(0.55 0.4868899363 0.1)
(0.6 0.4868899363 0.1)
(0.65 0.4868899363 0.1)
(0.7 0.4868899363 0.1)
(0.75 0.4868899363 0.1)
(0.8 0.4868899363 0.1)
(0.85 0.4868899363 0.1)
(0.9 0.4868899363 0.1)
(0.95 0.4868899363 0.1)
(1 0.4868899363 0.1)
(0 0.5415933066 0.1)
(0.05 0.5415933066 0.1)
(0.1 0.5415933066 0.1)
(0.15 0.5415933066 0.1)
(0.2 0.5415933066 0.1)
(0.25 0.5415933066 0.1)
(0.3 0.5415933066 0.1)
(0.35 0.5415933066 0.1)
(0.4 0.5415933066 0.1)
(0.45 0.5415933066 0.1)
(0.5 0.5415933066 0.1)
(0.55 0.5415933066 0.1)
(0.6 0.5415933066 0.1)
(0.65 0.5415933066 0.1)
(0.7 0.5415933066 0.1)
(0.75 0.5415933066 0.1)
(0.8 0.5415933066 0.1)
(0.85 0.5415933066 0.1)
(0.9 0.5415933066 0.1)
(0.95 0.5415933066 0.1)
(1 0.5415933066 0.1)
(0 0.5931960407 0.1)
(0.05 0.5931960407 0.1)
(0.1 0.5931960407 0.1)
(0.15 0.5931960407 0.1)
(0.2 0.5931960407 0.1)
(0.25 0.5931960407 0.1)
(0.3 0.5931960407 0.1)
(0.35 0.5931960407 0.1)
(0.4 0.5931960407 0.1)
(0.45 0.5931960407 0.1)
(0.5 0.5931960407 0.1)
(0.55 0.5931960407 0.1)
(0.6 0.5931960407 0.1)
(0.65 0.5931960407 0.1)
(0.7 0.5931960407 0.1)
(0.75 0.5931960407 0.1)
(0.8 0.5931960407 0.1)
(0.85 0.5931960407 0.1)
(0.9 0.5931960407 0.1)
(0.95 0.5931960407 0.1)
(1 0.5931960407 0.1)
(0 0.6418738854 0.1)
(0.05 0.6418738854 0.1)
(0.1 0.6418738854 0.1)
(0.15 0.6418738854 0.1)
(0.2 0.6418738854 0.1)
(0.25 0.6418738854 0.1)
(0.3 0.6418738854 0.1)
(0.35 0.6418738854 0.1)
(0.4 0.6418738854 0.1)
(0.45 0.6418738854 0.1)
(0.5 0.6418738854 0.1)
(0.55 0.6418738854 0.1)
(0.6 0.6418738854 0.1)
(0.65 0.6418738854 0.1)
(0.7 0.6418738854 0.1)
(0.75 0.6418738854 0.1)
(0.8 0.6418738854 0.1)
(0.85 0.6418738854 0.1)
(0.9 0.6418738854 0.1)
(0.95 0.6418738854 0.1)
(1 0.6418738854 0.1)
(0 0.6877926262 0.1)
(0.05 0.6877926262 0.1)
(0.1 0.6877926262 0.1)
(0.15 0.6877926262 0.1)
(0.2 0.6877926262 0.1)
(0.25 0.6877926262 0.1)
(0.3 0.6877926262 0.1)
(0.35 0.6877926262 0.1)
(0.4 0.6877926262 0.1)
(0.45 0.6877926262 0.1)
(0.5 0.6877926262 0.1)
(0.55 0.6877926262 0.1)
(0.6 0.6877926262 0.1)
(0.65 0.6877926262 0.1)
(0.7 0.6877926262 0.1)
(0.75 0.6877926262 0.1)
(0.8 0.6877926262 0.1)
(0.85 0.6877926262 0.1)
(0.9 0.6877926262 0.1)
(0.95 0.6877926262 0.1)
(1 0.6877926262 0.1)
(0 0.7311086514 0.1)
(0.05 0.7311086514 0.1)
(0.1 0.7311086514 0.1)
(0.15 0.7311086514 0.1)
(0.2 0.7311086514 0.1)
(0.25 0.7311086514 0.1)
(0.3 0.7311086514 0.1)
(0.35 0.7311086514 0.1)
(0.4 0.7311086514 0.1)
(0.45 0.7311086514 0.1)
(0.5 0.7311086514 0.1)
(0.55 0.7311086514 0.1)
(0.6 0.7311086514 0.1)
(0.65 0.7311086514 0.1)
(0.7 0.7311086514 0.1)
(0.75 0.7311086514 0.1)
(0.8 0.7311086514 0.1)
(0.85 0.7311086514 0.1)
(0.9 0.7311086514 0.1)
(0.95 0.7311086514 0.1)
(1 0.7311086514 0.1)
(0 0.7719694854 0.1)
(0.05 0.7719694854 0.1)
(0.1 0.7719694854 0.1)
(0.15 0.7719694854 0.1)
(0.2 0.7719694854 0.1)
(0.25 0.7719694854 0.1)
(0.3 0.7719694854 0.1)
(0.35 0.7719694854 0.1)
(0.4 0.7719694854 0.1)
(0.45 0.7719694854 0.1)
(0.5 0.7719694854 0.1)
(0.55 0.7719694854 0.1)
(0.6 0.7719694854 0.1)
(0.65 0.7719694854 0.1)
(0.7 0.7719694854 0.1)
(0.75 0.7719694854 0.1)
(0.8 0.7719694854 0.1)
(0.85 0.7719694854 0.1)
(0.9 0.7719694854 0.1)
(0.95 0.7719694854 0.1)
(1 0.7719694854 0.1)
(0 0.8105142905 0.1)
(0.05 0.8105142905 0.1)
(0.1 0.8105142905 0.1)
(0.15 0.8105142905 0.1)
(0.2 0.8105142905 0.1)
(0.25 0.8105142905 0.1)
(0.3 0.8105142905 0.1)
(0.35 0.8105142905 0.1)
(0.4 0.8105142905 0.1)
(0.45 0.8105142905 0.1)
(0.5 0.8105142905 0.1)
(0.55 0.8105142905 0.1)
(0.6 0.8105142905 0.1)
(0.65 0.8105142905 0.1)
(0.7 0.8105142905 0.1)
(0.75 0.8105142905 0.1)
(0.8 0.8105142905 0.1)
(0.85 0.8105142905 0.1)
(0.9 0.8105142905 0.1)
(0.95 0.8105142905 0.1)
(1 0.8105142905 0.1)
(0 0.8468743415 0.1)
(0.05 0.8468743415 0.1)
(0.1 0.8468743415 0.1)
(0.15 0.8468743415 0.1)
(0.2 0.8468743415 0.1)
(0.25 0.8468743415 0.1)
(0.3 0.8468743415 0.1)
(0.35 0.8468743415 0.1)
(0.4 0.8468743415 0.1)
(0.45 0.8468743415 0.1)
(0.5 0.8468743415 0.1)
(0.55 0.8468743415 0.1)
(0.6 0.8468743415 0.1)
(0.65 0.8468743415 0.1)
(0.7 0.8468743415 0.1)
(0.75 0.8468743415 0.1)
(0.8 0.8468743415 0.1)
(0.85 0.8468743415 0.1)
(0.9 0.8468743415 0.1)
(0.95 0.8468743415 0.1)
(1 0.8468743415 0.1)
(0 0.8811734721 0.1)
(0.05 0.8811734721 0.1)
(0.1 0.8811734721 0.1)
(0.15 0.8811734721 0.1)
(0.2 0.8811734721 0.1)
(0.25 0.8811734721 0.1)
(0.3 0.8811734721 0.1)
(0.35 0.8811734721 0.1)
(0.4 0.8811734721 0.1)
(0.45 0.8811734721 0.1)
(0.5 0.8811734721 0.1)
(0.55 0.8811734721 0.1)
(0.6 0.8811734721 0.1)
(0.65 0.8811734721 0.1)
(0.7 0.8811734721 0.1)
(0.75 0.8811734721 0.1)
(0.8 0.8811734721 0.1)
(0.85 0.8811734721 0.1)
(0.9 0.8811734721 0.1)
(0.95 0.8811734721 0.1)
(1 0.8811734721 0.1)
(0 0.9135284971 0.1)
(0.05 0.9135284971 0.1)
(0.1 0.9135284971 0.1)
(0.15 0.9135284971 0.1)
(0.2 0.9135284971 0.1)
(0.25 0.9135284971 0.1)
(0.3 0.9135284971 0.1)
(0.35 0.9135284971 0.1)
(0.4 0.9135284971 0.1)
(0.45 0.9135284971 0.1)
(0.5 0.9135284971 0.1)
(0.55 0.9135284971 0.1)
(0.6 0.9135284971 0.1)
(0.65 0.9135284971 0.1)
(0.7 0.9135284971 0.1)
(0.75 0.9135284971 0.1)
(0.8 0.9135284971 0.1)
(0.85 0.9135284971 0.1)
(0.9 0.9135284971 0.1)
(0.95 0.9135284971 0.1)
(1 0.9135284971 0.1)
(0 0.9440496102 0.1)
(0.05 0.9440496102 0.1)
(0.1 0.9440496102 0.1)
(0.15 0.9440496102 0.1)
(0.2 0.9440496102 0.1)
(0.25 0.9440496102 0.1)
(0.3 0.9440496102 0.1)
(0.35 0.9440496102 0.1)
(0.4 0.9440496102 0.1)
(0.45 0.9440496102 0.1)
(0.5 0.9440496102 0.1)
(0.55 0.9440496102 0.1)
(0.6 0.9440496102 0.1)
(0.65 0.9440496102 0.1)
(0.7 0.9440496102 0.1)
(0.75 0.9440496102 0.1)
(0.8 0.9440496102 0.1)
(0.85 0.9440496102 0.1)
(0.9 0.9440496102 0.1)
(0.95 0.9440496102 0.1)
(1 0.9440496102 0.1)
(0 0.9728407592 0.1)
(0.05 0.9728407592 0.1)
(0.1 0.9728407592 0.1)
(0.15 0.9728407592 0.1)
(0.2 0.9728407592 0.1)
(0.25 0.9728407592 0.1)
(0.3 0.9728407592 0.1)
(0.35 0.9728407592 0.1)
(0.4 0.9728407592 0.1)
(0.45 0.9728407592 0.1)
(0.5 0.9728407592 0.1)
(0.55 0.9728407592 0.1)
(0.6 0.9728407592 0.1)
(0.65 0.9728407592 0.1)
(0.7 0.9728407592 0.1)
(0.75 0.9728407592 0.1)
(0.8 0.9728407592 0.1)
(0.85 0.9728407592 0.1)
(0.9 0.9728407592 0.1)
(0.95 0.9728407592 0.1)
(1 0.9728407592 0.1)
(0 1 0.1)
(0.05 1 0.1)
(0.1 1 0.1)
(0.15 1 0.1)
(0.2 1 0.1)
(0.25 1 0.1)
(0.3 1 0.1)
(0.35 1 0.1)
(0.4 1 0.1)
(0.45 1 0.1)
(0.5 1 0.1)
(0.55 1 0.1)
(0.6 1 0.1)
(0.65 1 0.1)
(0.7 1 0.1)
(0.75 1 0.1)
(0.8 1 0.1)
(0.85 1 0.1)
(0.9 1 0.1)
(0.95 1 0.1)
(1 1 0.1)
)


// ************************************************************************* //
