/*--------------------------------*- C++ -*----------------------------------*\
| =========                 |                                                 |
| \\      /  F ield         | OpenFOAM: The Open Source CFD Toolbox           |
|  \\    /   O peration     | Version:  2.2.0                                 |
|   \\  /    A nd           | Web:      www.OpenFOAM.org                      |
|    \\/     M anipulation  |                                                 |
\*---------------------------------------------------------------------------*/
FoamFile
{
    version     2.0;
    format      ascii;
    class       volScalarField;
    location    "3.4";
    object      Theta;
}
// * * * * * * * * * * * * * * * * * * * * * * * * * * * * * * * * * * * * * //

dimensions      [0 2 -2 0 0 0 0];

internalField   nonuniform List<scalar> 
1600
(
2.18697
1.93818
1.89696
1.83468
1.78627
1.74403
1.7064
1.67242
1.64135
1.61269
1.58606
1.56118
1.53781
1.51578
1.49494
1.47519
1.45611
1.43976
1.41546
1.41972
2.18699
1.93818
1.89696
1.83468
1.78627
1.74403
1.7064
1.67242
1.64135
1.61269
1.58606
1.56118
1.53781
1.51578
1.49494
1.47519
1.45611
1.43976
1.41546
1.41972
2.18699
1.93818
1.89696
1.83468
1.78627
1.74403
1.7064
1.67242
1.64135
1.61269
1.58606
1.56118
1.53781
1.51578
1.49494
1.47519
1.45611
1.43976
1.41546
1.41972
2.18699
1.93818
1.89696
1.83468
1.78627
1.74403
1.7064
1.67242
1.64135
1.61269
1.58606
1.56118
1.53781
1.51578
1.49494
1.47519
1.45611
1.43976
1.41546
1.41972
2.18699
1.93819
1.89696
1.83468
1.78627
1.74403
1.7064
1.67242
1.64135
1.61269
1.58606
1.56118
1.53781
1.51578
1.49494
1.47519
1.45611
1.43976
1.41546
1.41972
2.18698
1.93819
1.89696
1.83468
1.78627
1.74403
1.7064
1.67242
1.64135
1.61269
1.58606
1.56118
1.53781
1.51578
1.49494
1.47519
1.45611
1.43976
1.41546
1.41972
2.18698
1.93819
1.89696
1.83468
1.78627
1.74403
1.7064
1.67242
1.64135
1.61269
1.58606
1.56118
1.53781
1.51578
1.49494
1.47519
1.45611
1.43976
1.41546
1.41972
2.18698
1.93819
1.89697
1.83468
1.78627
1.74403
1.7064
1.67242
1.64135
1.61269
1.58606
1.56118
1.53781
1.51578
1.49494
1.47519
1.45611
1.43976
1.41546
1.41972
2.18698
1.93819
1.89697
1.83468
1.78627
1.74403
1.7064
1.67242
1.64135
1.61269
1.58606
1.56118
1.53781
1.51578
1.49494
1.47519
1.45611
1.43976
1.41546
1.41972
2.18699
1.93819
1.89697
1.83468
1.78627
1.74403
1.7064
1.67242
1.64135
1.61269
1.58606
1.56118
1.53781
1.51578
1.49494
1.47519
1.45611
1.43976
1.41546
1.41972
2.18699
1.93819
1.89697
1.83468
1.78627
1.74403
1.7064
1.67242
1.64135
1.61269
1.58606
1.56118
1.53781
1.51578
1.49494
1.47519
1.45611
1.43976
1.41546
1.41972
2.18698
1.93819
1.89697
1.83468
1.78627
1.74403
1.7064
1.67242
1.64135
1.61269
1.58606
1.56118
1.53781
1.51578
1.49494
1.47519
1.45611
1.43976
1.41546
1.41972
2.18699
1.93819
1.89697
1.83468
1.78627
1.74403
1.7064
1.67242
1.64135
1.61269
1.58606
1.56118
1.53781
1.51578
1.49494
1.47519
1.45611
1.43976
1.41546
1.41972
2.18698
1.93819
1.89696
1.83468
1.78627
1.74403
1.7064
1.67242
1.64135
1.61269
1.58606
1.56118
1.53781
1.51578
1.49494
1.47519
1.45611
1.43976
1.41546
1.41972
2.18698
1.93819
1.89696
1.83468
1.78627
1.74403
1.7064
1.67242
1.64135
1.61269
1.58606
1.56118
1.53781
1.51578
1.49494
1.47519
1.45611
1.43976
1.41546
1.41972
2.18698
1.93818
1.89696
1.83468
1.78627
1.74403
1.7064
1.67242
1.64135
1.61269
1.58606
1.56118
1.53781
1.51578
1.49494
1.47519
1.45611
1.43976
1.41546
1.41972
2.18699
1.93818
1.89696
1.83468
1.78627
1.74403
1.7064
1.67242
1.64135
1.61269
1.58606
1.56118
1.53781
1.51578
1.49494
1.47519
1.45611
1.43976
1.41546
1.41972
2.18699
1.93818
1.89696
1.83468
1.78627
1.74403
1.7064
1.67242
1.64135
1.61269
1.58606
1.56118
1.53781
1.51578
1.49494
1.47519
1.45611
1.43976
1.41546
1.41972
2.18699
1.93818
1.89696
1.83468
1.78627
1.74403
1.7064
1.67242
1.64135
1.61269
1.58606
1.56118
1.53781
1.51578
1.49494
1.47519
1.45611
1.43976
1.41546
1.41972
2.18696
1.93818
1.89696
1.83468
1.78627
1.74402
1.7064
1.67242
1.64135
1.61269
1.58606
1.56118
1.53781
1.51578
1.49494
1.47519
1.45611
1.43976
1.41546
1.41972
2.18696
1.93818
1.89696
1.83468
1.78627
1.74402
1.7064
1.67242
1.64135
1.61269
1.58606
1.56118
1.53781
1.51578
1.49494
1.47519
1.45611
1.43976
1.41546
1.41972
2.18699
1.93818
1.89696
1.83468
1.78627
1.74403
1.7064
1.67242
1.64135
1.61269
1.58606
1.56118
1.53781
1.51578
1.49494
1.47519
1.45611
1.43976
1.41546
1.41972
2.18699
1.93818
1.89696
1.83468
1.78627
1.74403
1.7064
1.67242
1.64135
1.61269
1.58606
1.56118
1.53781
1.51578
1.49494
1.47519
1.45611
1.43976
1.41546
1.41972
2.18699
1.93818
1.89696
1.83468
1.78627
1.74403
1.7064
1.67242
1.64135
1.61269
1.58606
1.56118
1.53781
1.51578
1.49494
1.47519
1.45611
1.43976
1.41546
1.41972
2.18699
1.93819
1.89696
1.83468
1.78627
1.74403
1.7064
1.67242
1.64135
1.61269
1.58606
1.56118
1.53781
1.51578
1.49494
1.47519
1.45611
1.43976
1.41546
1.41972
2.18699
1.93819
1.89696
1.83468
1.78627
1.74403
1.7064
1.67242
1.64135
1.61269
1.58606
1.56118
1.53781
1.51578
1.49494
1.47519
1.45611
1.43976
1.41546
1.41972
2.18699
1.93819
1.89696
1.83468
1.78627
1.74403
1.7064
1.67242
1.64135
1.61269
1.58606
1.56118
1.53781
1.51578
1.49494
1.47519
1.45611
1.43976
1.41546
1.41972
2.18699
1.93819
1.89697
1.83468
1.78627
1.74403
1.7064
1.67242
1.64135
1.61269
1.58606
1.56118
1.53781
1.51578
1.49494
1.47519
1.45611
1.43976
1.41546
1.41972
2.18699
1.93819
1.89697
1.83468
1.78627
1.74403
1.7064
1.67242
1.64135
1.61269
1.58606
1.56118
1.53781
1.51578
1.49494
1.47519
1.45611
1.43976
1.41546
1.41972
2.18699
1.93819
1.89697
1.83468
1.78627
1.74403
1.7064
1.67242
1.64135
1.61269
1.58606
1.56118
1.53781
1.51578
1.49494
1.47519
1.45611
1.43976
1.41546
1.41972
2.18699
1.93819
1.89697
1.83468
1.78627
1.74403
1.7064
1.67242
1.64135
1.61269
1.58606
1.56118
1.53781
1.51578
1.49494
1.47519
1.45611
1.43976
1.41546
1.41972
2.18699
1.93819
1.89697
1.83468
1.78627
1.74403
1.7064
1.67242
1.64135
1.61269
1.58606
1.56118
1.53781
1.51578
1.49494
1.47519
1.45611
1.43976
1.41546
1.41972
2.18699
1.93819
1.89697
1.83468
1.78627
1.74403
1.7064
1.67242
1.64135
1.61269
1.58606
1.56118
1.53781
1.51578
1.49494
1.47519
1.45611
1.43976
1.41546
1.41972
2.18699
1.93819
1.89697
1.83468
1.78627
1.74403
1.7064
1.67242
1.64135
1.61269
1.58606
1.56118
1.53781
1.51578
1.49494
1.47519
1.45611
1.43976
1.41546
1.41972
2.18699
1.93819
1.89696
1.83468
1.78627
1.74403
1.7064
1.67242
1.64135
1.61269
1.58606
1.56118
1.53781
1.51578
1.49494
1.47519
1.45611
1.43976
1.41546
1.41972
2.18699
1.93819
1.89696
1.83468
1.78627
1.74403
1.7064
1.67242
1.64135
1.61269
1.58606
1.56118
1.53781
1.51578
1.49494
1.47519
1.45611
1.43976
1.41546
1.41972
2.18699
1.93818
1.89696
1.83468
1.78627
1.74403
1.7064
1.67242
1.64135
1.61269
1.58606
1.56118
1.53781
1.51578
1.49494
1.47519
1.45611
1.43976
1.41546
1.41972
2.18699
1.93818
1.89696
1.83468
1.78627
1.74403
1.7064
1.67242
1.64135
1.61269
1.58606
1.56118
1.53781
1.51578
1.49494
1.47519
1.45611
1.43976
1.41546
1.41972
2.18699
1.93818
1.89696
1.83468
1.78627
1.74403
1.7064
1.67242
1.64135
1.61269
1.58606
1.56118
1.53781
1.51578
1.49494
1.47519
1.45611
1.43976
1.41546
1.41972
2.18696
1.93818
1.89696
1.83468
1.78627
1.74403
1.7064
1.67242
1.64135
1.61269
1.58606
1.56118
1.53781
1.51578
1.49494
1.47519
1.45611
1.43976
1.41546
1.41972
2.18696
1.93818
1.89696
1.83468
1.78627
1.74403
1.7064
1.67242
1.64135
1.61269
1.58606
1.56118
1.53781
1.51578
1.49494
1.47519
1.45611
1.43976
1.41546
1.41972
2.18699
1.93818
1.89696
1.83468
1.78627
1.74403
1.7064
1.67242
1.64135
1.61269
1.58606
1.56118
1.53781
1.51578
1.49494
1.47519
1.45611
1.43976
1.41546
1.41972
2.18699
1.93818
1.89696
1.83468
1.78627
1.74403
1.7064
1.67242
1.64135
1.61269
1.58606
1.56118
1.53781
1.51578
1.49494
1.47519
1.45611
1.43976
1.41546
1.41972
2.18699
1.93818
1.89696
1.83468
1.78627
1.74403
1.7064
1.67242
1.64135
1.61269
1.58606
1.56118
1.53781
1.51578
1.49494
1.47519
1.45611
1.43976
1.41546
1.41972
2.18699
1.93819
1.89696
1.83468
1.78627
1.74403
1.7064
1.67242
1.64135
1.61269
1.58606
1.56118
1.53781
1.51578
1.49494
1.47519
1.45611
1.43976
1.41546
1.41972
2.18699
1.93819
1.89696
1.83468
1.78627
1.74403
1.7064
1.67242
1.64135
1.61269
1.58606
1.56118
1.53781
1.51578
1.49494
1.47519
1.45611
1.43976
1.41546
1.41972
2.18699
1.93819
1.89696
1.83468
1.78627
1.74403
1.7064
1.67242
1.64135
1.61269
1.58606
1.56118
1.53781
1.51578
1.49494
1.47519
1.45611
1.43976
1.41546
1.41972
2.18699
1.93819
1.89697
1.83468
1.78627
1.74403
1.7064
1.67242
1.64135
1.61269
1.58606
1.56118
1.53781
1.51578
1.49494
1.47519
1.45611
1.43976
1.41546
1.41972
2.18699
1.93819
1.89697
1.83468
1.78627
1.74403
1.7064
1.67242
1.64135
1.61269
1.58606
1.56118
1.53781
1.51578
1.49494
1.47519
1.45611
1.43976
1.41546
1.41972
2.18699
1.93819
1.89697
1.83468
1.78627
1.74403
1.7064
1.67242
1.64135
1.61269
1.58606
1.56118
1.53781
1.51578
1.49494
1.47519
1.45611
1.43976
1.41546
1.41972
2.18699
1.93819
1.89697
1.83468
1.78627
1.74403
1.7064
1.67242
1.64135
1.61269
1.58606
1.56118
1.53781
1.51578
1.49494
1.47519
1.45611
1.43976
1.41546
1.41972
2.18699
1.93819
1.89697
1.83468
1.78627
1.74403
1.7064
1.67242
1.64135
1.61269
1.58606
1.56118
1.53781
1.51578
1.49494
1.47519
1.45611
1.43976
1.41546
1.41972
2.18699
1.93819
1.89696
1.83468
1.78627
1.74403
1.7064
1.67242
1.64135
1.61269
1.58606
1.56118
1.53781
1.51578
1.49494
1.47519
1.45611
1.43976
1.41546
1.41972
2.18698
1.93819
1.89696
1.83468
1.78627
1.74403
1.7064
1.67242
1.64135
1.61269
1.58606
1.56118
1.53781
1.51578
1.49494
1.47519
1.45611
1.43976
1.41546
1.41972
2.18698
1.93819
1.89696
1.83468
1.78627
1.74403
1.7064
1.67242
1.64135
1.61269
1.58606
1.56118
1.53781
1.51578
1.49494
1.47519
1.45611
1.43976
1.41546
1.41972
2.18699
1.93818
1.89696
1.83468
1.78627
1.74403
1.7064
1.67242
1.64135
1.61269
1.58606
1.56118
1.53781
1.51578
1.49494
1.47519
1.45611
1.43976
1.41546
1.41972
2.18699
1.93818
1.89696
1.83468
1.78627
1.74403
1.7064
1.67242
1.64135
1.61269
1.58606
1.56118
1.53781
1.51578
1.49494
1.47519
1.45611
1.43976
1.41546
1.41972
2.18699
1.93818
1.89696
1.83468
1.78627
1.74403
1.7064
1.67242
1.64135
1.61269
1.58606
1.56118
1.53781
1.51578
1.49494
1.47519
1.45611
1.43976
1.41546
1.41972
2.18699
1.93818
1.89696
1.83468
1.78627
1.74402
1.7064
1.67242
1.64135
1.61269
1.58606
1.56118
1.53781
1.51578
1.49494
1.47519
1.45611
1.43976
1.41546
1.41972
2.18697
1.93817
1.89696
1.83468
1.78627
1.74402
1.7064
1.67242
1.64135
1.61269
1.58606
1.56118
1.53781
1.51578
1.49494
1.47519
1.45611
1.43976
1.41546
1.41972
2.18696
2.18698
2.18699
2.18699
2.18698
2.18698
2.18698
2.18698
2.18699
2.18699
2.18699
2.18698
2.18698
2.18698
2.18698
2.18699
2.18699
2.18699
2.18699
2.18696
1.93818
1.93818
1.93818
1.93818
1.93818
1.93819
1.93819
1.93819
1.93819
1.93819
1.93819
1.93819
1.93819
1.93819
1.93819
1.93818
1.93818
1.93818
1.93818
1.93817
1.89696
1.89696
1.89696
1.89696
1.89696
1.89696
1.89696
1.89696
1.89696
1.89696
1.89696
1.89696
1.89696
1.89696
1.89696
1.89696
1.89696
1.89696
1.89696
1.89696
1.83468
1.83468
1.83468
1.83468
1.83468
1.83468
1.83468
1.83468
1.83468
1.83468
1.83468
1.83468
1.83468
1.83468
1.83468
1.83468
1.83468
1.83468
1.83468
1.83468
1.78627
1.78627
1.78627
1.78627
1.78627
1.78627
1.78627
1.78627
1.78627
1.78627
1.78627
1.78627
1.78627
1.78627
1.78627
1.78627
1.78627
1.78627
1.78627
1.78627
1.74403
1.74403
1.74403
1.74403
1.74403
1.74403
1.74403
1.74403
1.74403
1.74403
1.74403
1.74403
1.74403
1.74403
1.74403
1.74403
1.74403
1.74403
1.74403
1.74402
1.7064
1.7064
1.7064
1.7064
1.7064
1.7064
1.7064
1.7064
1.7064
1.7064
1.7064
1.7064
1.7064
1.7064
1.7064
1.7064
1.7064
1.7064
1.7064
1.7064
1.67242
1.67242
1.67242
1.67242
1.67242
1.67242
1.67242
1.67242
1.67242
1.67242
1.67242
1.67242
1.67242
1.67242
1.67242
1.67242
1.67242
1.67242
1.67242
1.67242
1.64135
1.64135
1.64135
1.64135
1.64135
1.64135
1.64135
1.64135
1.64135
1.64135
1.64135
1.64135
1.64135
1.64135
1.64135
1.64135
1.64135
1.64135
1.64135
1.64135
1.61269
1.61269
1.61269
1.61269
1.61269
1.61269
1.61269
1.61269
1.61269
1.61269
1.61269
1.61269
1.61269
1.61269
1.61269
1.61269
1.61269
1.61269
1.61269
1.61269
1.58606
1.58606
1.58606
1.58606
1.58606
1.58606
1.58606
1.58606
1.58606
1.58606
1.58606
1.58606
1.58606
1.58606
1.58606
1.58606
1.58606
1.58606
1.58606
1.58606
1.56118
1.56118
1.56118
1.56118
1.56118
1.56118
1.56118
1.56118
1.56118
1.56118
1.56118
1.56118
1.56118
1.56118
1.56118
1.56118
1.56118
1.56118
1.56118
1.56118
1.53781
1.53781
1.53781
1.53781
1.53781
1.53781
1.53781
1.53781
1.53781
1.53781
1.53781
1.53781
1.53781
1.53781
1.53781
1.53781
1.53781
1.53781
1.53781
1.53781
1.51578
1.51578
1.51578
1.51578
1.51578
1.51578
1.51578
1.51578
1.51578
1.51578
1.51578
1.51578
1.51578
1.51578
1.51578
1.51578
1.51578
1.51578
1.51578
1.51578
1.49494
1.49494
1.49494
1.49494
1.49494
1.49494
1.49494
1.49494
1.49494
1.49494
1.49494
1.49494
1.49494
1.49494
1.49494
1.49494
1.49494
1.49494
1.49494
1.49494
1.47519
1.47519
1.47519
1.47519
1.47519
1.47519
1.47519
1.47519
1.47519
1.47519
1.47519
1.47519
1.47519
1.47519
1.47519
1.47519
1.47519
1.47519
1.47519
1.47519
1.45611
1.45611
1.45611
1.45611
1.45611
1.45611
1.45611
1.45611
1.45611
1.45611
1.45611
1.45611
1.45611
1.45611
1.45611
1.45611
1.45611
1.45611
1.45611
1.45611
1.43976
1.43976
1.43976
1.43976
1.43976
1.43976
1.43976
1.43976
1.43976
1.43976
1.43976
1.43976
1.43976
1.43976
1.43976
1.43976
1.43976
1.43976
1.43976
1.43976
1.41546
1.41546
1.41546
1.41546
1.41546
1.41546
1.41546
1.41546
1.41546
1.41546
1.41546
1.41546
1.41546
1.41546
1.41546
1.41546
1.41546
1.41546
1.41546
1.41546
1.41972
1.41972
1.41972
1.41972
1.41972
1.41972
1.41972
1.41972
1.41972
1.41972
1.41972
1.41972
1.41972
1.41972
1.41972
1.41972
1.41972
1.41972
1.41972
1.41972
)
;

boundaryField
{
    up
    {
        type            myTemperature;
        value           nonuniform List<scalar> 
80
(
1.39453
1.39453
1.39453
1.39453
1.39453
1.39453
1.39453
1.39453
1.39453
1.39453
1.39453
1.39453
1.39453
1.39453
1.39453
1.39453
1.39453
1.39453
1.39453
1.39453
1.39453
1.39453
1.39453
1.39453
1.39453
1.39453
1.39453
1.39453
1.39452
1.39452
1.39452
1.39452
1.39452
1.39452
1.39452
1.39452
1.39452
1.39452
1.39452
1.39452
1.39452
1.39452
1.39452
1.39452
1.39452
1.39452
1.39453
1.39453
1.39453
1.39453
1.39453
1.39453
1.39453
1.39453
1.39453
1.39453
1.39453
1.39453
1.39453
1.39453
1.39453
1.39453
1.39453
1.39453
1.39453
1.39453
1.39453
1.39453
1.39453
1.39453
1.39453
1.39453
1.39453
1.39453
1.39453
1.39453
1.39453
1.39453
1.39453
1.39453
)
;
    }
    hole
    {
        type            myTemperature;
        value           nonuniform List<scalar> 
80
(
2.02927
2.02928
2.02928
2.02928
2.02928
2.02928
2.02928
2.02929
2.02929
2.02929
2.02929
2.02929
2.02929
2.02928
2.02928
2.02928
2.02928
2.02928
2.02928
2.02927
2.02927
2.02928
2.02928
2.02928
2.02928
2.02928
2.02928
2.02929
2.02929
2.02929
2.02929
2.02929
2.02929
2.02929
2.02928
2.02928
2.02928
2.02928
2.02928
2.02927
2.02927
2.02928
2.02928
2.02928
2.02928
2.02928
2.02928
2.02929
2.02929
2.02929
2.02929
2.02929
2.02928
2.02928
2.02928
2.02928
2.02928
2.02928
2.02927
2.02927
2.02927
2.02928
2.02928
2.02928
2.02928
2.02928
2.02928
2.02928
2.02929
2.02929
2.02929
2.02928
2.02928
2.02928
2.02928
2.02928
2.02928
2.02928
2.02927
2.02927
)
;
    }
    frontAndBack
    {
        type            empty;
    }
}


// ************************************************************************* //
