/*--------------------------------*- C++ -*----------------------------------*\
| =========                 |                                                 |
| \\      /  F ield         | foam-extend: Open Source CFD                    |
|  \\    /   O peration     | Version:  3.0                                   |
|   \\  /    A nd           | Web:         http://www.extend-project.de       |
|    \\/     M anipulation  |                                                 |
\*---------------------------------------------------------------------------*/
FoamFile
{
    version     2.0;
    format      ascii;
    class       volScalarField;
    location    "120";
    object      Theta;
}
// * * * * * * * * * * * * * * * * * * * * * * * * * * * * * * * * * * * * * //

dimensions      [0 2 -2 0 0 0 0];

internalField   nonuniform List<scalar> 
5120
(
2.45918
2.34663
2.3
2.23181
2.1857
2.13073
2.08828
2.04131
2.00235
1.96119
1.9253
1.8886
1.85541
1.82223
1.79145
1.76108
1.73248
1.70438
1.67778
1.65152
1.62678
1.60197
1.57905
1.55528
1.53427
1.511
1.49223
1.4686
1.45293
1.42723
1.41678
1.38519
2.45784
2.34683
2.29979
2.23186
2.18564
2.13074
2.08826
2.04131
2.00234
1.96119
1.92529
1.8886
1.85541
1.82223
1.79145
1.76108
1.73248
1.70438
1.67778
1.65152
1.62678
1.60197
1.57906
1.55528
1.53427
1.511
1.49224
1.46859
1.45294
1.42721
1.41681
1.38514
2.4223
2.34948
2.29721
2.23218
2.18533
2.13081
2.0882
2.04134
2.00232
1.9612
1.92529
1.88861
1.8554
1.82223
1.79144
1.76108
1.73247
1.7044
1.67776
1.65155
1.62675
1.60205
1.57898
1.55546
1.53408
1.51148
1.49174
1.46986
1.45161
1.43063
1.41322
1.39434
2.42317
2.34971
2.29711
2.23228
2.18525
2.13086
2.08815
2.04136
2.0023
1.96122
1.92527
1.88861
1.85539
1.82223
1.79144
1.76109
1.73247
1.7044
1.67776
1.65155
1.62674
1.60205
1.57897
1.55546
1.53407
1.51146
1.49172
1.46984
1.45159
1.43059
1.41316
1.39429
2.42357
2.351
2.29576
2.23269
2.18482
2.131
2.088
2.04142
2.00223
1.96124
1.92524
1.88863
1.85538
1.82225
1.79143
1.7611
1.73245
1.70442
1.67773
1.6516
1.62669
1.60215
1.57886
1.55566
1.53386
1.51182
1.49134
1.4704
1.45099
1.43121
1.41251
1.39409
2.42359
2.35111
2.29567
2.23278
2.18474
2.13106
2.08795
2.04146
2.0022
1.96127
1.92522
1.88864
1.85536
1.82225
1.79141
1.76111
1.73244
1.70443
1.67772
1.65161
1.62668
1.60215
1.57884
1.55567
1.53384
1.51182
1.49132
1.47039
1.45098
1.4312
1.41251
1.39409
2.42381
2.35179
2.29496
2.23312
2.18438
2.13121
2.08778
2.04153
2.00212
1.9613
1.92518
1.88866
1.85534
1.82227
1.7914
1.76112
1.73243
1.70445
1.6777
1.65165
1.62663
1.60223
1.57877
1.55579
1.53371
1.512
1.49114
1.4706
1.45076
1.43135
1.41236
1.39404
2.42382
2.35186
2.29489
2.23321
2.1843
2.13128
2.08772
2.04157
2.00207
1.96133
1.92515
1.88868
1.85532
1.82228
1.79139
1.76113
1.73242
1.70446
1.67769
1.65166
1.62662
1.60224
1.57875
1.5558
1.53369
1.51201
1.49112
1.4706
1.45075
1.43135
1.41235
1.39404
2.42394
2.35223
2.29451
2.23346
2.18403
2.13141
2.08757
2.04164
2.002
1.96137
1.9251
1.8887
1.8553
1.82229
1.79137
1.76114
1.7324
1.70448
1.67767
1.65169
1.62659
1.60228
1.57871
1.55586
1.53363
1.51208
1.49104
1.47068
1.45068
1.43139
1.41231
1.39403
2.42396
2.35229
2.29446
2.23353
2.18396
2.13147
2.08751
2.04169
2.00195
1.9614
1.92507
1.88872
1.85527
1.82231
1.79136
1.76115
1.73239
1.70448
1.67766
1.65169
1.62658
1.60229
1.57869
1.55587
1.53362
1.51209
1.49103
1.47068
1.45067
1.4314
1.41231
1.39403
2.42402
2.35249
2.29425
2.2337
2.18379
2.13158
2.0874
2.04175
2.00189
1.96143
1.92503
1.88874
1.85525
1.82232
1.79134
1.76116
1.73238
1.70449
1.67765
1.65171
1.62656
1.60231
1.57867
1.55589
1.53359
1.51212
1.491
1.47071
1.45064
1.43141
1.41229
1.39403
2.42403
2.35253
2.29421
2.23376
2.18373
2.13163
2.08735
2.04179
2.00185
1.96146
1.92501
1.88876
1.85523
1.82233
1.79133
1.76117
1.73237
1.7045
1.67764
1.65171
1.62656
1.60231
1.57866
1.5559
1.53358
1.51212
1.49099
1.47071
1.45064
1.43141
1.41229
1.39403
2.42407
2.35265
2.2941
2.23387
2.18361
2.13171
2.08727
2.04184
2.00179
1.96149
1.92497
1.88878
1.85521
1.82234
1.79132
1.76117
1.73236
1.70451
1.67763
1.65172
1.62655
1.60232
1.57865
1.55591
1.53357
1.51213
1.49098
1.47072
1.45063
1.43142
1.41229
1.39403
2.42408
2.35268
2.29407
2.23392
2.18357
2.13176
2.08722
2.04187
2.00176
1.96152
1.92495
1.88879
1.8552
1.82235
1.7913
1.76118
1.73235
1.70451
1.67762
1.65172
1.62654
1.60232
1.57865
1.55591
1.53356
1.51213
1.49098
1.47072
1.45063
1.43142
1.41229
1.39403
2.4241
2.35274
2.29401
2.23399
2.1835
2.13181
2.08717
2.04191
2.00172
1.96154
1.92492
1.88881
1.85518
1.82236
1.79129
1.76118
1.73235
1.70451
1.67762
1.65172
1.62654
1.60233
1.57864
1.55591
1.53356
1.51214
1.49097
1.47072
1.45062
1.43142
1.41228
1.39402
2.42411
2.35277
2.29399
2.23403
2.18346
2.13185
2.08713
2.04194
2.00169
1.96156
1.9249
1.88882
1.85517
1.82236
1.79129
1.76119
1.73234
1.70451
1.67761
1.65173
1.62653
1.60233
1.57864
1.55591
1.53356
1.51214
1.49097
1.47072
1.45062
1.43142
1.41228
1.39402
2.42412
2.35281
2.29395
2.23408
2.18341
2.13189
2.08709
2.04197
2.00166
1.96158
1.92488
1.88883
1.85515
1.82237
1.79128
1.76119
1.73234
1.70452
1.67761
1.65173
1.62653
1.60233
1.57864
1.55591
1.53356
1.51214
1.49097
1.47072
1.45062
1.43142
1.41228
1.39402
2.42413
2.35282
2.29394
2.23411
2.18339
2.13191
2.08707
2.04199
2.00164
1.96159
1.92487
1.88884
1.85514
1.82238
1.79127
1.76119
1.73233
1.70452
1.67761
1.65173
1.62653
1.60233
1.57864
1.55591
1.53355
1.51214
1.49097
1.47072
1.45062
1.43142
1.41228
1.39402
2.42413
2.35285
2.29391
2.23414
2.18336
2.13194
2.08704
2.04201
2.00162
1.9616
1.92486
1.88885
1.85514
1.82238
1.79127
1.7612
1.73233
1.70452
1.67761
1.65173
1.62653
1.60233
1.57864
1.55591
1.53355
1.51214
1.49097
1.47072
1.45062
1.43142
1.41228
1.39402
2.42414
2.35286
2.2939
2.23416
2.18334
2.13196
2.08702
2.04202
2.00161
1.96162
1.92484
1.88885
1.85513
1.82238
1.79126
1.7612
1.73232
1.70452
1.6776
1.65173
1.62653
1.60233
1.57863
1.55591
1.53355
1.51214
1.49097
1.47072
1.45062
1.43142
1.41228
1.39402
2.42414
2.35287
2.29389
2.23418
2.18332
2.13198
2.08701
2.04204
2.00159
1.96162
1.92483
1.88886
1.85512
1.82239
1.79126
1.7612
1.73232
1.70452
1.6776
1.65173
1.62652
1.60233
1.57863
1.55591
1.53355
1.51214
1.49097
1.47072
1.45062
1.43142
1.41228
1.39402
2.42415
2.35288
2.29388
2.23419
2.18331
2.13199
2.08699
2.04205
2.00158
1.96163
1.92483
1.88886
1.85512
1.82239
1.79125
1.7612
1.73232
1.70452
1.6776
1.65173
1.62652
1.60233
1.57863
1.55591
1.53355
1.51214
1.49097
1.47072
1.45062
1.43142
1.41228
1.39402
2.42415
2.35289
2.29388
2.23421
2.1833
2.13201
2.08698
2.04206
2.00157
1.96164
1.92482
1.88887
1.85511
1.82239
1.79125
1.7612
1.73232
1.70452
1.6776
1.65173
1.62652
1.60233
1.57863
1.55591
1.53355
1.51214
1.49097
1.47072
1.45062
1.43142
1.41228
1.39402
2.42415
2.3529
2.29387
2.23422
2.18329
2.13202
2.08697
2.04207
2.00157
1.96164
1.92481
1.88887
1.85511
1.82239
1.79125
1.7612
1.73232
1.70452
1.6776
1.65173
1.62652
1.60233
1.57863
1.55591
1.53355
1.51214
1.49096
1.47072
1.45062
1.43142
1.41228
1.39402
2.42415
2.3529
2.29387
2.23422
2.18328
2.13202
2.08697
2.04207
2.00156
1.96165
1.92481
1.88887
1.8551
1.82239
1.79124
1.7612
1.73231
1.70452
1.6776
1.65173
1.62652
1.60233
1.57863
1.55591
1.53355
1.51214
1.49096
1.47072
1.45062
1.43142
1.41228
1.39402
2.42415
2.35291
2.29387
2.23423
2.18328
2.13203
2.08696
2.04208
2.00156
1.96165
1.92481
1.88888
1.8551
1.8224
1.79124
1.7612
1.73231
1.70452
1.6776
1.65173
1.62652
1.60233
1.57863
1.55591
1.53355
1.51214
1.49096
1.47072
1.45062
1.43142
1.41228
1.39402
2.42416
2.35291
2.29386
2.23424
2.18328
2.13204
2.08696
2.04208
2.00155
1.96166
1.9248
1.88888
1.8551
1.8224
1.79124
1.7612
1.73231
1.70452
1.67759
1.65173
1.62652
1.60233
1.57863
1.55591
1.53355
1.51214
1.49096
1.47072
1.45062
1.43142
1.41228
1.39402
2.42416
2.35291
2.29386
2.23424
2.18327
2.13204
2.08695
2.04209
2.00155
1.96166
1.9248
1.88888
1.8551
1.8224
1.79124
1.7612
1.73231
1.70452
1.67759
1.65173
1.62652
1.60233
1.57863
1.55591
1.53355
1.51214
1.49096
1.47072
1.45062
1.43142
1.41228
1.39402
2.42416
2.35291
2.29386
2.23425
2.18327
2.13205
2.08695
2.04209
2.00155
1.96166
1.9248
1.88888
1.8551
1.8224
1.79124
1.7612
1.73231
1.70452
1.67759
1.65173
1.62652
1.60233
1.57863
1.55591
1.53355
1.51214
1.49096
1.47072
1.45062
1.43141
1.41228
1.39402
2.42416
2.35292
2.29386
2.23425
2.18327
2.13205
2.08695
2.04209
2.00154
1.96166
1.9248
1.88888
1.8551
1.8224
1.79124
1.7612
1.73231
1.70452
1.67759
1.65173
1.62652
1.60233
1.57863
1.55591
1.53355
1.51214
1.49096
1.47072
1.45061
1.43141
1.41228
1.39402
2.42416
2.35292
2.29386
2.23425
2.18327
2.13205
2.08695
2.0421
2.00154
1.96166
1.9248
1.88888
1.85509
1.8224
1.79124
1.7612
1.73231
1.70452
1.67759
1.65173
1.62652
1.60233
1.57863
1.55591
1.53355
1.51214
1.49096
1.47072
1.45061
1.43141
1.41228
1.39402
2.42416
2.35292
2.29386
2.23425
2.18326
2.13205
2.08694
2.0421
2.00154
1.96166
1.9248
1.88888
1.85509
1.8224
1.79124
1.7612
1.73231
1.70452
1.67759
1.65173
1.62652
1.60233
1.57863
1.55591
1.53355
1.51214
1.49096
1.47072
1.45061
1.43141
1.41228
1.39402
2.42416
2.35292
2.29386
2.23426
2.18326
2.13205
2.08694
2.0421
2.00154
1.96167
1.92479
1.88888
1.85509
1.8224
1.79124
1.7612
1.73231
1.70452
1.67759
1.65173
1.62652
1.60233
1.57863
1.55591
1.53355
1.51214
1.49096
1.47072
1.45061
1.43141
1.41228
1.39402
2.42416
2.35292
2.29386
2.23426
2.18326
2.13206
2.08694
2.0421
2.00154
1.96167
1.92479
1.88888
1.85509
1.8224
1.79124
1.7612
1.73231
1.70452
1.67759
1.65173
1.62652
1.60233
1.57863
1.55591
1.53355
1.51213
1.49096
1.47072
1.45061
1.43141
1.41228
1.39402
2.42416
2.35292
2.29386
2.23426
2.18326
2.13206
2.08694
2.0421
2.00154
1.96167
1.92479
1.88888
1.85509
1.8224
1.79124
1.7612
1.73231
1.70452
1.67759
1.65172
1.62652
1.60233
1.57863
1.55591
1.53355
1.51213
1.49096
1.47072
1.45061
1.43141
1.41228
1.39402
2.42416
2.35292
2.29386
2.23426
2.18326
2.13206
2.08694
2.0421
2.00154
1.96167
1.92479
1.88888
1.85509
1.8224
1.79124
1.7612
1.73231
1.70452
1.67759
1.65172
1.62652
1.60233
1.57863
1.55591
1.53355
1.51213
1.49096
1.47072
1.45061
1.43141
1.41228
1.39402
2.42416
2.35292
2.29386
2.23426
2.18326
2.13206
2.08694
2.0421
2.00154
1.96167
1.92479
1.88888
1.85509
1.8224
1.79124
1.7612
1.73231
1.70452
1.67759
1.65172
1.62652
1.60232
1.57863
1.55591
1.53355
1.51213
1.49096
1.47072
1.45061
1.43141
1.41228
1.39402
2.42416
2.35292
2.29386
2.23426
2.18326
2.13206
2.08694
2.0421
2.00154
1.96167
1.92479
1.88888
1.85509
1.8224
1.79124
1.7612
1.73231
1.70452
1.67759
1.65172
1.62652
1.60232
1.57863
1.55591
1.53355
1.51213
1.49096
1.47072
1.45061
1.43141
1.41228
1.39402
2.42416
2.35292
2.29386
2.23426
2.18326
2.13206
2.08694
2.0421
2.00154
1.96167
1.92479
1.88888
1.85509
1.8224
1.79124
1.7612
1.73231
1.70452
1.67759
1.65172
1.62652
1.60232
1.57863
1.55591
1.53355
1.51213
1.49096
1.47072
1.45061
1.43141
1.41228
1.39402
2.42416
2.35293
2.29386
2.23426
2.18326
2.13206
2.08694
2.0421
2.00154
1.96167
1.92479
1.88888
1.85509
1.8224
1.79124
1.7612
1.73231
1.70452
1.67759
1.65172
1.62652
1.60232
1.57863
1.55591
1.53355
1.51213
1.49096
1.47072
1.45061
1.43141
1.41228
1.39402
2.42416
2.35293
2.29386
2.23426
2.18326
2.13206
2.08694
2.0421
2.00154
1.96167
1.92479
1.88888
1.85509
1.8224
1.79124
1.7612
1.73231
1.70452
1.67759
1.65172
1.62652
1.60232
1.57863
1.55591
1.53354
1.51213
1.49096
1.47072
1.45061
1.43141
1.41228
1.39402
2.42416
2.35293
2.29386
2.23426
2.18326
2.13206
2.08694
2.0421
2.00154
1.96167
1.92479
1.88888
1.85509
1.8224
1.79124
1.7612
1.73231
1.70452
1.67759
1.65172
1.62652
1.60232
1.57863
1.55591
1.53354
1.51213
1.49096
1.47072
1.45061
1.43141
1.41228
1.39402
2.42416
2.35293
2.29386
2.23426
2.18326
2.13206
2.08694
2.0421
2.00154
1.96167
1.92479
1.88888
1.85509
1.8224
1.79124
1.7612
1.73231
1.70452
1.67759
1.65172
1.62652
1.60232
1.57863
1.55591
1.53354
1.51213
1.49096
1.47072
1.45061
1.43141
1.41228
1.39402
2.42416
2.35293
2.29386
2.23426
2.18326
2.13206
2.08694
2.0421
2.00154
1.96167
1.92479
1.88888
1.85509
1.8224
1.79124
1.7612
1.73231
1.70452
1.67759
1.65172
1.62652
1.60232
1.57863
1.55591
1.53354
1.51213
1.49096
1.47072
1.45061
1.43141
1.41228
1.39402
2.42416
2.35293
2.29386
2.23426
2.18326
2.13206
2.08694
2.0421
2.00154
1.96167
1.92479
1.88888
1.85509
1.8224
1.79124
1.7612
1.73231
1.70452
1.67759
1.65172
1.62652
1.60232
1.57863
1.55591
1.53354
1.51213
1.49096
1.47072
1.45061
1.43141
1.41228
1.39402
2.42416
2.35293
2.29386
2.23426
2.18326
2.13206
2.08694
2.0421
2.00154
1.96167
1.92479
1.88888
1.85509
1.8224
1.79124
1.7612
1.73231
1.70452
1.67759
1.65172
1.62652
1.60232
1.57863
1.55591
1.53354
1.51213
1.49096
1.47072
1.45061
1.43141
1.41228
1.39402
2.42416
2.35293
2.29386
2.23426
2.18326
2.13206
2.08694
2.0421
2.00154
1.96167
1.92479
1.88888
1.85509
1.8224
1.79124
1.7612
1.73231
1.70452
1.67759
1.65172
1.62652
1.60232
1.57863
1.55591
1.53354
1.51213
1.49096
1.47072
1.45061
1.43141
1.41228
1.39402
2.42417
2.35293
2.29386
2.23426
2.18326
2.13206
2.08694
2.0421
2.00154
1.96167
1.92479
1.88888
1.85509
1.8224
1.79124
1.7612
1.73231
1.70452
1.67759
1.65172
1.62652
1.60232
1.57863
1.55591
1.53354
1.51213
1.49096
1.47072
1.45061
1.43141
1.41228
1.39402
2.42417
2.35293
2.29386
2.23426
2.18326
2.13206
2.08694
2.0421
2.00154
1.96167
1.92479
1.88888
1.85509
1.8224
1.79124
1.7612
1.73231
1.70452
1.67759
1.65172
1.62652
1.60232
1.57863
1.55591
1.53354
1.51213
1.49096
1.47072
1.45061
1.43141
1.41228
1.39402
2.42417
2.35293
2.29386
2.23426
2.18326
2.13206
2.08694
2.0421
2.00154
1.96167
1.92479
1.88888
1.85509
1.8224
1.79124
1.7612
1.73231
1.70452
1.67759
1.65172
1.62652
1.60232
1.57863
1.55591
1.53354
1.51213
1.49096
1.47072
1.45061
1.43141
1.41228
1.39402
2.42417
2.35293
2.29386
2.23426
2.18326
2.13206
2.08694
2.0421
2.00154
1.96167
1.92479
1.88888
1.85509
1.8224
1.79124
1.7612
1.73231
1.70452
1.67759
1.65172
1.62652
1.60232
1.57863
1.55591
1.53354
1.51213
1.49096
1.47072
1.45061
1.43141
1.41228
1.39402
2.42417
2.35293
2.29386
2.23426
2.18326
2.13206
2.08694
2.0421
2.00154
1.96167
1.92479
1.88888
1.85509
1.8224
1.79124
1.7612
1.73231
1.70452
1.67759
1.65172
1.62652
1.60232
1.57863
1.55591
1.53354
1.51213
1.49096
1.47072
1.45061
1.43141
1.41228
1.39402
2.42417
2.35293
2.29386
2.23427
2.18326
2.13206
2.08694
2.04211
2.00154
1.96167
1.92479
1.88888
1.85509
1.8224
1.79124
1.7612
1.73231
1.70452
1.67759
1.65172
1.62652
1.60232
1.57863
1.55591
1.53354
1.51213
1.49096
1.47072
1.45061
1.43141
1.41228
1.39402
2.42417
2.35293
2.29386
2.23427
2.18326
2.13206
2.08694
2.04211
2.00154
1.96167
1.92479
1.88888
1.85509
1.8224
1.79124
1.7612
1.73231
1.70452
1.67759
1.65172
1.62652
1.60232
1.57863
1.55591
1.53354
1.51213
1.49096
1.47072
1.45061
1.43141
1.41228
1.39402
2.42417
2.35293
2.29386
2.23427
2.18326
2.13206
2.08694
2.04211
2.00154
1.96167
1.92479
1.88888
1.85509
1.8224
1.79124
1.7612
1.73231
1.70452
1.67759
1.65172
1.62652
1.60232
1.57863
1.55591
1.53354
1.51213
1.49096
1.47072
1.45061
1.43141
1.41228
1.39402
2.42417
2.35293
2.29386
2.23427
2.18326
2.13206
2.08694
2.04211
2.00154
1.96167
1.92479
1.88888
1.85509
1.8224
1.79124
1.7612
1.73231
1.70452
1.67759
1.65172
1.62652
1.60232
1.57863
1.55591
1.53354
1.51213
1.49096
1.47072
1.45061
1.43141
1.41228
1.39402
2.42417
2.35293
2.29386
2.23427
2.18326
2.13206
2.08694
2.04211
2.00154
1.96167
1.92479
1.88888
1.85509
1.8224
1.79124
1.7612
1.73231
1.70452
1.67759
1.65172
1.62652
1.60232
1.57863
1.55591
1.53354
1.51213
1.49096
1.47072
1.45061
1.43141
1.41228
1.39402
2.42417
2.35293
2.29386
2.23427
2.18326
2.13206
2.08694
2.04211
2.00154
1.96167
1.92479
1.88888
1.85509
1.8224
1.79124
1.7612
1.73231
1.70452
1.67759
1.65172
1.62652
1.60232
1.57863
1.55591
1.53354
1.51213
1.49096
1.47072
1.45061
1.43141
1.41228
1.39402
2.42417
2.35293
2.29386
2.23427
2.18326
2.13206
2.08694
2.04211
2.00154
1.96167
1.92479
1.88888
1.85509
1.8224
1.79124
1.7612
1.73231
1.70452
1.67759
1.65172
1.62652
1.60232
1.57863
1.55591
1.53354
1.51213
1.49096
1.47072
1.45061
1.43141
1.41228
1.39402
2.42417
2.35293
2.29386
2.23427
2.18326
2.13206
2.08694
2.04211
2.00154
1.96167
1.92479
1.88888
1.85509
1.8224
1.79124
1.7612
1.73231
1.70452
1.67759
1.65172
1.62652
1.60232
1.57863
1.55591
1.53354
1.51213
1.49096
1.47071
1.45061
1.43141
1.41228
1.39402
2.42417
2.35293
2.29386
2.23427
2.18326
2.13206
2.08694
2.04211
2.00154
1.96167
1.92479
1.88888
1.85509
1.8224
1.79124
1.7612
1.73231
1.70452
1.67759
1.65172
1.62652
1.60232
1.57863
1.55591
1.53354
1.51213
1.49096
1.47071
1.45061
1.43141
1.41228
1.39402
2.42417
2.35293
2.29386
2.23427
2.18326
2.13206
2.08694
2.04211
2.00154
1.96167
1.92479
1.88888
1.85509
1.8224
1.79124
1.7612
1.73231
1.70452
1.67759
1.65172
1.62652
1.60232
1.57863
1.55591
1.53354
1.51213
1.49096
1.47071
1.45061
1.43141
1.41228
1.39402
2.42417
2.35293
2.29386
2.23427
2.18326
2.13206
2.08694
2.04211
2.00154
1.96167
1.92479
1.88888
1.85509
1.8224
1.79124
1.7612
1.73231
1.70452
1.67759
1.65172
1.62652
1.60232
1.57863
1.55591
1.53354
1.51213
1.49096
1.47071
1.45061
1.43141
1.41228
1.39402
2.42417
2.35293
2.29386
2.23427
2.18326
2.13206
2.08694
2.04211
2.00154
1.96167
1.92479
1.88888
1.85509
1.8224
1.79124
1.7612
1.73231
1.70452
1.67759
1.65172
1.62652
1.60232
1.57863
1.55591
1.53354
1.51213
1.49096
1.47071
1.45061
1.43141
1.41228
1.39402
2.42417
2.35293
2.29386
2.23427
2.18326
2.13206
2.08694
2.04211
2.00154
1.96167
1.92479
1.88888
1.85509
1.8224
1.79124
1.7612
1.73231
1.70452
1.67759
1.65172
1.62652
1.60232
1.57863
1.55591
1.53354
1.51213
1.49096
1.47071
1.45061
1.43141
1.41228
1.39402
2.42417
2.35293
2.29386
2.23427
2.18326
2.13206
2.08694
2.04211
2.00154
1.96167
1.92479
1.88888
1.85509
1.8224
1.79124
1.7612
1.73231
1.70452
1.67759
1.65172
1.62652
1.60232
1.57863
1.55591
1.53354
1.51213
1.49096
1.47071
1.45061
1.43141
1.41228
1.39402
2.42417
2.35293
2.29386
2.23427
2.18326
2.13206
2.08694
2.04211
2.00154
1.96167
1.92479
1.88888
1.85509
1.8224
1.79124
1.7612
1.73231
1.70452
1.67759
1.65172
1.62652
1.60232
1.57863
1.55591
1.53354
1.51213
1.49096
1.47071
1.45061
1.43141
1.41228
1.39402
2.42417
2.35293
2.29386
2.23427
2.18326
2.13206
2.08694
2.04211
2.00154
1.96167
1.92479
1.88888
1.85509
1.8224
1.79124
1.7612
1.73231
1.70452
1.67759
1.65172
1.62652
1.60232
1.57863
1.55591
1.53354
1.51213
1.49096
1.47071
1.45061
1.43141
1.41228
1.39402
2.42417
2.35293
2.29386
2.23427
2.18326
2.13206
2.08694
2.04211
2.00154
1.96167
1.92479
1.88888
1.85509
1.8224
1.79124
1.7612
1.73231
1.70452
1.67759
1.65172
1.62652
1.60232
1.57863
1.55591
1.53354
1.51213
1.49096
1.47071
1.45061
1.43141
1.41228
1.39402
2.42417
2.35293
2.29386
2.23427
2.18326
2.13206
2.08694
2.04211
2.00154
1.96167
1.92479
1.88888
1.85509
1.8224
1.79124
1.7612
1.73231
1.70452
1.67759
1.65172
1.62652
1.60232
1.57863
1.55591
1.53354
1.51213
1.49096
1.47071
1.45061
1.43141
1.41228
1.39402
2.42417
2.35293
2.29386
2.23427
2.18326
2.13206
2.08694
2.04211
2.00154
1.96167
1.92479
1.88888
1.85509
1.8224
1.79124
1.7612
1.73231
1.70452
1.67759
1.65172
1.62652
1.60232
1.57863
1.55591
1.53354
1.51213
1.49096
1.47071
1.45061
1.43141
1.41228
1.39402
2.42417
2.35293
2.29386
2.23427
2.18326
2.13206
2.08694
2.04211
2.00154
1.96167
1.92479
1.88888
1.85509
1.8224
1.79124
1.7612
1.73231
1.70452
1.67759
1.65172
1.62652
1.60232
1.57863
1.55591
1.53354
1.51213
1.49096
1.47071
1.45061
1.43141
1.41228
1.39402
2.42417
2.35293
2.29386
2.23427
2.18326
2.13206
2.08694
2.0421
2.00154
1.96167
1.92479
1.88888
1.85509
1.8224
1.79124
1.7612
1.73231
1.70452
1.67759
1.65172
1.62652
1.60232
1.57863
1.55591
1.53354
1.51213
1.49096
1.47071
1.45061
1.43141
1.41228
1.39402
2.42417
2.35293
2.29386
2.23427
2.18326
2.13206
2.08694
2.0421
2.00154
1.96167
1.92479
1.88888
1.85509
1.8224
1.79124
1.7612
1.73231
1.70452
1.67759
1.65172
1.62652
1.60232
1.57863
1.55591
1.53354
1.51213
1.49096
1.47071
1.45061
1.43141
1.41228
1.39402
2.42417
2.35293
2.29386
2.23427
2.18326
2.13206
2.08694
2.0421
2.00154
1.96167
1.92479
1.88888
1.85509
1.8224
1.79124
1.7612
1.73231
1.70452
1.67759
1.65172
1.62652
1.60232
1.57863
1.55591
1.53354
1.51213
1.49096
1.47071
1.45061
1.43141
1.41228
1.39402
2.42417
2.35293
2.29386
2.23427
2.18326
2.13206
2.08694
2.0421
2.00154
1.96167
1.92479
1.88888
1.85509
1.8224
1.79124
1.7612
1.73231
1.70452
1.67759
1.65172
1.62652
1.60232
1.57863
1.55591
1.53354
1.51213
1.49096
1.47071
1.45061
1.43141
1.41228
1.39402
2.42417
2.35293
2.29386
2.23427
2.18326
2.13206
2.08694
2.0421
2.00154
1.96167
1.92479
1.88888
1.85509
1.8224
1.79124
1.7612
1.73231
1.70452
1.67759
1.65172
1.62652
1.60232
1.57863
1.55591
1.53354
1.51213
1.49096
1.47071
1.45061
1.43141
1.41228
1.39402
2.42417
2.35293
2.29386
2.23427
2.18326
2.13206
2.08694
2.0421
2.00154
1.96167
1.92479
1.88888
1.85509
1.8224
1.79124
1.7612
1.73231
1.70452
1.67759
1.65172
1.62652
1.60232
1.57863
1.55591
1.53354
1.51213
1.49096
1.47071
1.45061
1.43141
1.41228
1.39402
2.42417
2.35293
2.29386
2.23427
2.18326
2.13206
2.08694
2.0421
2.00154
1.96167
1.92479
1.88888
1.85509
1.8224
1.79124
1.7612
1.73231
1.70452
1.67759
1.65172
1.62652
1.60232
1.57863
1.55591
1.53354
1.51213
1.49096
1.47071
1.45061
1.43141
1.41228
1.39402
2.42417
2.35293
2.29386
2.23427
2.18326
2.13206
2.08694
2.0421
2.00154
1.96167
1.92479
1.88888
1.85509
1.8224
1.79124
1.7612
1.73231
1.70452
1.67759
1.65172
1.62652
1.60232
1.57863
1.55591
1.53354
1.51213
1.49096
1.47071
1.45061
1.43141
1.41228
1.39402
2.42417
2.35293
2.29386
2.23427
2.18326
2.13206
2.08694
2.0421
2.00154
1.96167
1.92479
1.88888
1.85509
1.8224
1.79124
1.7612
1.73231
1.70452
1.67759
1.65172
1.62652
1.60232
1.57863
1.55591
1.53354
1.51213
1.49096
1.47071
1.45061
1.43141
1.41228
1.39402
2.42417
2.35293
2.29386
2.23427
2.18326
2.13206
2.08694
2.0421
2.00154
1.96167
1.92479
1.88888
1.85509
1.8224
1.79124
1.7612
1.73231
1.70452
1.67759
1.65172
1.62652
1.60232
1.57863
1.55591
1.53354
1.51213
1.49096
1.47071
1.45061
1.43141
1.41228
1.39402
2.42417
2.35293
2.29386
2.23427
2.18326
2.13206
2.08694
2.0421
2.00154
1.96167
1.92479
1.88888
1.85509
1.8224
1.79124
1.7612
1.73231
1.70452
1.67759
1.65172
1.62652
1.60232
1.57863
1.55591
1.53354
1.51213
1.49096
1.47071
1.45061
1.43141
1.41228
1.39402
2.42417
2.35293
2.29386
2.23427
2.18326
2.13206
2.08694
2.0421
2.00154
1.96167
1.92479
1.88888
1.85509
1.8224
1.79124
1.7612
1.73231
1.70452
1.67759
1.65172
1.62652
1.60232
1.57863
1.55591
1.53354
1.51213
1.49096
1.47071
1.45061
1.43141
1.41228
1.39402
2.42417
2.35293
2.29386
2.23427
2.18326
2.13206
2.08694
2.0421
2.00154
1.96167
1.92479
1.88888
1.85509
1.8224
1.79124
1.7612
1.73231
1.70452
1.67759
1.65172
1.62652
1.60232
1.57863
1.55591
1.53354
1.51213
1.49096
1.47071
1.45061
1.43141
1.41228
1.39402
2.42417
2.35293
2.29386
2.23427
2.18326
2.13206
2.08694
2.0421
2.00154
1.96167
1.92479
1.88888
1.85509
1.8224
1.79124
1.7612
1.73231
1.70452
1.67759
1.65172
1.62652
1.60232
1.57863
1.55591
1.53354
1.51213
1.49096
1.47071
1.45061
1.43141
1.41228
1.39402
2.42417
2.35293
2.29386
2.23427
2.18326
2.13206
2.08694
2.0421
2.00154
1.96167
1.92479
1.88888
1.85509
1.8224
1.79124
1.7612
1.73231
1.70452
1.67759
1.65172
1.62652
1.60232
1.57863
1.55591
1.53354
1.51213
1.49096
1.47071
1.45061
1.43141
1.41228
1.39402
2.42417
2.35293
2.29386
2.23427
2.18326
2.13206
2.08694
2.04211
2.00154
1.96167
1.92479
1.88888
1.85509
1.8224
1.79124
1.7612
1.73231
1.70452
1.67759
1.65172
1.62652
1.60232
1.57863
1.55591
1.53354
1.51213
1.49096
1.47071
1.45061
1.43141
1.41228
1.39402
2.42417
2.35293
2.29386
2.23427
2.18326
2.13206
2.08694
2.04211
2.00154
1.96167
1.92479
1.88888
1.85509
1.8224
1.79124
1.7612
1.73231
1.70452
1.67759
1.65172
1.62652
1.60232
1.57863
1.55591
1.53354
1.51213
1.49096
1.47071
1.45061
1.43141
1.41228
1.39402
2.42417
2.35293
2.29386
2.23427
2.18326
2.13206
2.08694
2.04211
2.00154
1.96167
1.92479
1.88888
1.85509
1.8224
1.79124
1.7612
1.73231
1.70452
1.67759
1.65172
1.62652
1.60232
1.57863
1.55591
1.53354
1.51213
1.49096
1.47071
1.45061
1.43141
1.41228
1.39402
2.42417
2.35293
2.29386
2.23427
2.18326
2.13206
2.08694
2.04211
2.00154
1.96167
1.92479
1.88888
1.85509
1.8224
1.79124
1.7612
1.73231
1.70452
1.67759
1.65172
1.62652
1.60232
1.57863
1.55591
1.53354
1.51213
1.49096
1.47071
1.45061
1.43141
1.41228
1.39402
2.42417
2.35293
2.29386
2.23427
2.18326
2.13206
2.08694
2.04211
2.00154
1.96167
1.92479
1.88888
1.85509
1.8224
1.79124
1.7612
1.73231
1.70452
1.67759
1.65172
1.62652
1.60232
1.57863
1.55591
1.53354
1.51213
1.49096
1.47071
1.45061
1.43141
1.41228
1.39402
2.42417
2.35293
2.29386
2.23427
2.18326
2.13206
2.08694
2.04211
2.00154
1.96167
1.92479
1.88888
1.85509
1.8224
1.79124
1.7612
1.73231
1.70452
1.67759
1.65172
1.62652
1.60232
1.57863
1.55591
1.53354
1.51213
1.49096
1.47071
1.45061
1.43141
1.41228
1.39402
2.42417
2.35293
2.29386
2.23427
2.18326
2.13206
2.08694
2.04211
2.00154
1.96167
1.92479
1.88888
1.85509
1.8224
1.79124
1.7612
1.73231
1.70452
1.67759
1.65172
1.62652
1.60232
1.57863
1.55591
1.53354
1.51213
1.49096
1.47071
1.45061
1.43141
1.41228
1.39402
2.42417
2.35293
2.29386
2.23427
2.18326
2.13206
2.08694
2.04211
2.00154
1.96167
1.92479
1.88888
1.85509
1.8224
1.79124
1.7612
1.73231
1.70452
1.67759
1.65172
1.62652
1.60232
1.57863
1.55591
1.53354
1.51213
1.49096
1.47071
1.45061
1.43141
1.41228
1.39402
2.42417
2.35293
2.29386
2.23427
2.18326
2.13206
2.08694
2.04211
2.00154
1.96167
1.92479
1.88888
1.85509
1.8224
1.79124
1.7612
1.73231
1.70452
1.67759
1.65172
1.62652
1.60232
1.57863
1.55591
1.53354
1.51213
1.49096
1.47071
1.45061
1.43141
1.41228
1.39402
2.42417
2.35293
2.29386
2.23427
2.18326
2.13206
2.08694
2.04211
2.00154
1.96167
1.92479
1.88888
1.85509
1.8224
1.79124
1.7612
1.73231
1.70452
1.67759
1.65172
1.62652
1.60232
1.57863
1.55591
1.53354
1.51213
1.49096
1.47071
1.45061
1.43141
1.41228
1.39402
2.42417
2.35293
2.29386
2.23427
2.18326
2.13206
2.08694
2.04211
2.00154
1.96167
1.92479
1.88888
1.85509
1.8224
1.79124
1.7612
1.73231
1.70452
1.67759
1.65172
1.62652
1.60232
1.57863
1.55591
1.53354
1.51213
1.49096
1.47071
1.45061
1.43141
1.41228
1.39402
2.42417
2.35293
2.29386
2.23427
2.18326
2.13206
2.08694
2.04211
2.00154
1.96167
1.92479
1.88888
1.85509
1.8224
1.79124
1.7612
1.73231
1.70452
1.67759
1.65172
1.62652
1.60232
1.57863
1.55591
1.53354
1.51213
1.49096
1.47071
1.45061
1.43141
1.41228
1.39402
2.42417
2.35293
2.29386
2.23427
2.18326
2.13206
2.08694
2.04211
2.00154
1.96167
1.92479
1.88888
1.85509
1.8224
1.79124
1.7612
1.73231
1.70452
1.67759
1.65172
1.62652
1.60232
1.57863
1.55591
1.53354
1.51213
1.49096
1.47071
1.45061
1.43141
1.41228
1.39402
2.42417
2.35293
2.29386
2.23427
2.18326
2.13206
2.08694
2.04211
2.00154
1.96167
1.92479
1.88888
1.85509
1.8224
1.79124
1.7612
1.73231
1.70452
1.67759
1.65172
1.62652
1.60232
1.57863
1.55591
1.53354
1.51213
1.49096
1.47071
1.45061
1.43141
1.41228
1.39402
2.42417
2.35293
2.29386
2.23427
2.18326
2.13206
2.08694
2.04211
2.00154
1.96167
1.92479
1.88888
1.85509
1.8224
1.79124
1.7612
1.73231
1.70452
1.67759
1.65172
1.62652
1.60232
1.57863
1.55591
1.53354
1.51213
1.49096
1.47072
1.45061
1.43141
1.41228
1.39402
2.42417
2.35293
2.29386
2.23427
2.18326
2.13206
2.08694
2.04211
2.00154
1.96167
1.92479
1.88888
1.85509
1.8224
1.79124
1.7612
1.73231
1.70452
1.67759
1.65172
1.62652
1.60232
1.57863
1.55591
1.53354
1.51213
1.49096
1.47072
1.45061
1.43141
1.41228
1.39402
2.42417
2.35293
2.29386
2.23427
2.18326
2.13206
2.08694
2.04211
2.00154
1.96167
1.92479
1.88888
1.85509
1.8224
1.79124
1.7612
1.73231
1.70452
1.67759
1.65172
1.62652
1.60232
1.57863
1.55591
1.53354
1.51213
1.49096
1.47072
1.45061
1.43141
1.41228
1.39402
2.42417
2.35293
2.29386
2.23427
2.18326
2.13206
2.08694
2.04211
2.00154
1.96167
1.92479
1.88888
1.85509
1.8224
1.79124
1.7612
1.73231
1.70452
1.67759
1.65172
1.62652
1.60232
1.57863
1.55591
1.53354
1.51213
1.49096
1.47072
1.45061
1.43141
1.41228
1.39402
2.42417
2.35293
2.29386
2.23427
2.18326
2.13206
2.08694
2.04211
2.00154
1.96167
1.92479
1.88888
1.85509
1.8224
1.79124
1.7612
1.73231
1.70452
1.67759
1.65172
1.62652
1.60232
1.57863
1.55591
1.53354
1.51213
1.49096
1.47072
1.45061
1.43141
1.41228
1.39402
2.42417
2.35293
2.29386
2.23427
2.18326
2.13206
2.08694
2.04211
2.00154
1.96167
1.92479
1.88888
1.85509
1.8224
1.79124
1.7612
1.73231
1.70452
1.67759
1.65172
1.62652
1.60232
1.57863
1.55591
1.53354
1.51213
1.49096
1.47072
1.45061
1.43141
1.41228
1.39402
2.42417
2.35293
2.29386
2.23427
2.18326
2.13206
2.08694
2.04211
2.00154
1.96167
1.92479
1.88888
1.85509
1.8224
1.79124
1.7612
1.73231
1.70452
1.67759
1.65172
1.62652
1.60232
1.57863
1.55591
1.53354
1.51213
1.49096
1.47072
1.45061
1.43141
1.41228
1.39402
2.42417
2.35293
2.29386
2.23427
2.18326
2.13206
2.08694
2.04211
2.00154
1.96167
1.92479
1.88888
1.85509
1.8224
1.79124
1.7612
1.73231
1.70452
1.67759
1.65172
1.62652
1.60232
1.57863
1.55591
1.53354
1.51213
1.49096
1.47072
1.45061
1.43141
1.41228
1.39402
2.42417
2.35293
2.29386
2.23427
2.18326
2.13206
2.08694
2.04211
2.00154
1.96167
1.92479
1.88888
1.85509
1.8224
1.79124
1.7612
1.73231
1.70452
1.67759
1.65172
1.62652
1.60232
1.57863
1.55591
1.53354
1.51213
1.49096
1.47072
1.45061
1.43141
1.41228
1.39402
2.42417
2.35293
2.29386
2.23426
2.18326
2.13206
2.08694
2.0421
2.00154
1.96167
1.92479
1.88888
1.85509
1.8224
1.79124
1.7612
1.73231
1.70452
1.67759
1.65172
1.62652
1.60232
1.57863
1.55591
1.53354
1.51213
1.49096
1.47072
1.45061
1.43141
1.41228
1.39402
2.42417
2.35293
2.29386
2.23426
2.18326
2.13206
2.08694
2.0421
2.00154
1.96167
1.92479
1.88888
1.85509
1.8224
1.79124
1.7612
1.73231
1.70452
1.67759
1.65172
1.62652
1.60232
1.57863
1.55591
1.53354
1.51213
1.49096
1.47072
1.45061
1.43141
1.41228
1.39402
2.42417
2.35293
2.29386
2.23426
2.18326
2.13206
2.08694
2.0421
2.00154
1.96167
1.92479
1.88888
1.85509
1.8224
1.79124
1.7612
1.73231
1.70452
1.67759
1.65172
1.62652
1.60232
1.57863
1.55591
1.53354
1.51213
1.49096
1.47072
1.45061
1.43141
1.41228
1.39402
2.42417
2.35293
2.29386
2.23426
2.18326
2.13206
2.08694
2.0421
2.00154
1.96167
1.92479
1.88888
1.85509
1.8224
1.79124
1.7612
1.73231
1.70452
1.67759
1.65172
1.62652
1.60232
1.57863
1.55591
1.53354
1.51213
1.49096
1.47072
1.45061
1.43141
1.41228
1.39402
2.42417
2.35293
2.29386
2.23426
2.18326
2.13206
2.08694
2.0421
2.00154
1.96167
1.92479
1.88888
1.85509
1.8224
1.79124
1.7612
1.73231
1.70452
1.67759
1.65172
1.62652
1.60232
1.57863
1.55591
1.53354
1.51213
1.49096
1.47072
1.45061
1.43141
1.41228
1.39402
2.42416
2.35293
2.29386
2.23426
2.18326
2.13206
2.08694
2.0421
2.00154
1.96167
1.92479
1.88888
1.85509
1.8224
1.79124
1.7612
1.73231
1.70452
1.67759
1.65172
1.62652
1.60232
1.57863
1.55591
1.53354
1.51213
1.49096
1.47072
1.45061
1.43141
1.41228
1.39402
2.42416
2.35293
2.29386
2.23426
2.18326
2.13206
2.08694
2.0421
2.00154
1.96167
1.92479
1.88888
1.85509
1.8224
1.79124
1.7612
1.73231
1.70452
1.67759
1.65172
1.62652
1.60232
1.57863
1.55591
1.53354
1.51213
1.49096
1.47072
1.45061
1.43141
1.41228
1.39402
2.42416
2.35293
2.29386
2.23426
2.18326
2.13206
2.08694
2.0421
2.00154
1.96167
1.92479
1.88888
1.85509
1.8224
1.79124
1.7612
1.73231
1.70452
1.67759
1.65172
1.62652
1.60232
1.57863
1.55591
1.53354
1.51213
1.49096
1.47072
1.45061
1.43141
1.41228
1.39402
2.42416
2.35293
2.29386
2.23426
2.18326
2.13206
2.08694
2.0421
2.00154
1.96167
1.92479
1.88888
1.85509
1.8224
1.79124
1.7612
1.73231
1.70452
1.67759
1.65172
1.62652
1.60232
1.57863
1.55591
1.53354
1.51213
1.49096
1.47072
1.45061
1.43141
1.41228
1.39402
2.42416
2.35293
2.29386
2.23426
2.18326
2.13206
2.08694
2.0421
2.00154
1.96167
1.92479
1.88888
1.85509
1.8224
1.79124
1.7612
1.73231
1.70452
1.67759
1.65172
1.62652
1.60232
1.57863
1.55591
1.53354
1.51213
1.49096
1.47072
1.45061
1.43141
1.41228
1.39402
2.42416
2.35293
2.29386
2.23426
2.18326
2.13206
2.08694
2.0421
2.00154
1.96167
1.92479
1.88888
1.85509
1.8224
1.79124
1.7612
1.73231
1.70452
1.67759
1.65172
1.62652
1.60232
1.57863
1.55591
1.53354
1.51213
1.49096
1.47072
1.45061
1.43141
1.41228
1.39402
2.42416
2.35293
2.29386
2.23426
2.18326
2.13206
2.08694
2.0421
2.00154
1.96167
1.92479
1.88888
1.85509
1.8224
1.79124
1.7612
1.73231
1.70452
1.67759
1.65172
1.62652
1.60232
1.57863
1.55591
1.53354
1.51213
1.49096
1.47072
1.45061
1.43141
1.41228
1.39402
2.42416
2.35293
2.29386
2.23426
2.18326
2.13206
2.08694
2.0421
2.00154
1.96167
1.92479
1.88888
1.85509
1.8224
1.79124
1.7612
1.73231
1.70452
1.67759
1.65172
1.62652
1.60232
1.57863
1.55591
1.53355
1.51213
1.49096
1.47072
1.45061
1.43141
1.41228
1.39402
2.42416
2.35292
2.29386
2.23426
2.18326
2.13206
2.08694
2.0421
2.00154
1.96167
1.92479
1.88888
1.85509
1.8224
1.79124
1.7612
1.73231
1.70452
1.67759
1.65172
1.62652
1.60232
1.57863
1.55591
1.53355
1.51213
1.49096
1.47072
1.45061
1.43141
1.41228
1.39402
2.42416
2.35292
2.29386
2.23426
2.18326
2.13206
2.08694
2.0421
2.00154
1.96167
1.92479
1.88888
1.85509
1.8224
1.79124
1.7612
1.73231
1.70452
1.67759
1.65172
1.62652
1.60232
1.57863
1.55591
1.53355
1.51213
1.49096
1.47072
1.45061
1.43141
1.41228
1.39402
2.42416
2.35292
2.29386
2.23426
2.18326
2.13206
2.08694
2.0421
2.00154
1.96167
1.92479
1.88888
1.85509
1.8224
1.79124
1.7612
1.73231
1.70452
1.67759
1.65172
1.62652
1.60232
1.57863
1.55591
1.53355
1.51213
1.49096
1.47072
1.45061
1.43141
1.41228
1.39402
2.42416
2.35292
2.29386
2.23426
2.18326
2.13206
2.08694
2.0421
2.00154
1.96167
1.92479
1.88888
1.85509
1.8224
1.79124
1.7612
1.73231
1.70452
1.67759
1.65172
1.62652
1.60232
1.57863
1.55591
1.53355
1.51213
1.49096
1.47072
1.45061
1.43141
1.41228
1.39402
2.42416
2.35292
2.29386
2.23426
2.18326
2.13206
2.08694
2.0421
2.00154
1.96167
1.92479
1.88888
1.85509
1.8224
1.79124
1.7612
1.73231
1.70452
1.67759
1.65172
1.62652
1.60233
1.57863
1.55591
1.53355
1.51213
1.49096
1.47072
1.45061
1.43141
1.41228
1.39402
2.42416
2.35292
2.29386
2.23426
2.18326
2.13206
2.08694
2.0421
2.00154
1.96167
1.92479
1.88888
1.85509
1.8224
1.79124
1.7612
1.73231
1.70452
1.67759
1.65172
1.62652
1.60233
1.57863
1.55591
1.53355
1.51213
1.49096
1.47072
1.45061
1.43141
1.41228
1.39402
2.42416
2.35292
2.29386
2.23426
2.18326
2.13205
2.08694
2.0421
2.00154
1.96167
1.92479
1.88888
1.85509
1.8224
1.79124
1.7612
1.73231
1.70452
1.67759
1.65173
1.62652
1.60233
1.57863
1.55591
1.53355
1.51214
1.49096
1.47072
1.45061
1.43141
1.41228
1.39402
2.42416
2.35292
2.29386
2.23425
2.18326
2.13205
2.08694
2.0421
2.00154
1.96166
1.9248
1.88888
1.85509
1.8224
1.79124
1.7612
1.73231
1.70452
1.67759
1.65173
1.62652
1.60233
1.57863
1.55591
1.53355
1.51214
1.49096
1.47072
1.45061
1.43141
1.41228
1.39402
2.42416
2.35292
2.29386
2.23425
2.18327
2.13205
2.08695
2.0421
2.00154
1.96166
1.9248
1.88888
1.85509
1.8224
1.79124
1.7612
1.73231
1.70452
1.67759
1.65173
1.62652
1.60233
1.57863
1.55591
1.53355
1.51214
1.49096
1.47072
1.45061
1.43141
1.41228
1.39402
2.42416
2.35292
2.29386
2.23425
2.18327
2.13205
2.08695
2.04209
2.00154
1.96166
1.9248
1.88888
1.8551
1.8224
1.79124
1.7612
1.73231
1.70452
1.67759
1.65173
1.62652
1.60233
1.57863
1.55591
1.53355
1.51214
1.49096
1.47072
1.45061
1.43141
1.41228
1.39402
2.42416
2.35291
2.29386
2.23425
2.18327
2.13205
2.08695
2.04209
2.00155
1.96166
1.9248
1.88888
1.8551
1.8224
1.79124
1.7612
1.73231
1.70452
1.67759
1.65173
1.62652
1.60233
1.57863
1.55591
1.53355
1.51214
1.49096
1.47072
1.45062
1.43141
1.41228
1.39402
2.42416
2.35291
2.29386
2.23424
2.18327
2.13204
2.08695
2.04209
2.00155
1.96166
1.9248
1.88888
1.8551
1.8224
1.79124
1.7612
1.73231
1.70452
1.67759
1.65173
1.62652
1.60233
1.57863
1.55591
1.53355
1.51214
1.49096
1.47072
1.45062
1.43142
1.41228
1.39402
2.42416
2.35291
2.29386
2.23424
2.18328
2.13204
2.08696
2.04208
2.00155
1.96166
1.9248
1.88888
1.8551
1.8224
1.79124
1.7612
1.73231
1.70452
1.67759
1.65173
1.62652
1.60233
1.57863
1.55591
1.53355
1.51214
1.49096
1.47072
1.45062
1.43142
1.41228
1.39402
2.42415
2.35291
2.29387
2.23423
2.18328
2.13203
2.08696
2.04208
2.00156
1.96165
1.92481
1.88888
1.8551
1.8224
1.79124
1.7612
1.73231
1.70452
1.6776
1.65173
1.62652
1.60233
1.57863
1.55591
1.53355
1.51214
1.49096
1.47072
1.45062
1.43142
1.41228
1.39402
2.42415
2.3529
2.29387
2.23422
2.18328
2.13202
2.08697
2.04207
2.00156
1.96165
1.92481
1.88887
1.8551
1.82239
1.79124
1.7612
1.73231
1.70452
1.6776
1.65173
1.62652
1.60233
1.57863
1.55591
1.53355
1.51214
1.49096
1.47072
1.45062
1.43142
1.41228
1.39402
2.42415
2.3529
2.29387
2.23422
2.18329
2.13202
2.08697
2.04207
2.00157
1.96164
1.92481
1.88887
1.85511
1.82239
1.79125
1.7612
1.73232
1.70452
1.6776
1.65173
1.62652
1.60233
1.57863
1.55591
1.53355
1.51214
1.49096
1.47072
1.45062
1.43142
1.41228
1.39402
2.42415
2.35289
2.29388
2.23421
2.1833
2.13201
2.08698
2.04206
2.00157
1.96164
1.92482
1.88887
1.85511
1.82239
1.79125
1.7612
1.73232
1.70452
1.6776
1.65173
1.62652
1.60233
1.57863
1.55591
1.53355
1.51214
1.49097
1.47072
1.45062
1.43142
1.41228
1.39402
2.42415
2.35288
2.29389
2.23419
2.18331
2.13199
2.08699
2.04205
2.00158
1.96163
1.92483
1.88886
1.85512
1.82239
1.79125
1.7612
1.73232
1.70452
1.6776
1.65173
1.62652
1.60233
1.57863
1.55591
1.53355
1.51214
1.49097
1.47072
1.45062
1.43142
1.41228
1.39402
2.42414
2.35287
2.29389
2.23418
2.18332
2.13198
2.08701
2.04204
2.00159
1.96162
1.92483
1.88886
1.85512
1.82239
1.79126
1.7612
1.73232
1.70452
1.6776
1.65173
1.62652
1.60233
1.57863
1.55591
1.53355
1.51214
1.49097
1.47072
1.45062
1.43142
1.41228
1.39402
2.42414
2.35286
2.2939
2.23416
2.18334
2.13196
2.08702
2.04202
2.00161
1.96161
1.92484
1.88885
1.85513
1.82238
1.79126
1.7612
1.73232
1.70452
1.6776
1.65173
1.62653
1.60233
1.57863
1.55591
1.53355
1.51214
1.49097
1.47072
1.45062
1.43142
1.41228
1.39402
2.42413
2.35285
2.29391
2.23414
2.18336
2.13194
2.08704
2.04201
2.00162
1.9616
1.92486
1.88885
1.85514
1.82238
1.79127
1.7612
1.73233
1.70452
1.67761
1.65173
1.62653
1.60233
1.57864
1.55591
1.53355
1.51214
1.49097
1.47072
1.45062
1.43142
1.41228
1.39402
2.42413
2.35282
2.29394
2.23411
2.18339
2.13191
2.08707
2.04199
2.00164
1.96159
1.92487
1.88884
1.85514
1.82238
1.79127
1.76119
1.73233
1.70452
1.67761
1.65173
1.62653
1.60233
1.57864
1.55591
1.53355
1.51214
1.49097
1.47072
1.45062
1.43142
1.41228
1.39402
2.42412
2.35281
2.29395
2.23408
2.18341
2.13188
2.08709
2.04197
2.00166
1.96158
1.92488
1.88883
1.85515
1.82237
1.79128
1.76119
1.73234
1.70452
1.67761
1.65173
1.62653
1.60233
1.57864
1.55591
1.53356
1.51214
1.49097
1.47072
1.45062
1.43142
1.41228
1.39402
2.42411
2.35277
2.29399
2.23403
2.18346
2.13185
2.08713
2.04194
2.00169
1.96156
1.9249
1.88882
1.85517
1.82236
1.79129
1.76119
1.73234
1.70451
1.67761
1.65173
1.62653
1.60233
1.57864
1.55591
1.53356
1.51214
1.49097
1.47072
1.45062
1.43142
1.41228
1.39402
2.4241
2.35274
2.29401
2.23399
2.18349
2.13181
2.08717
2.04191
2.00172
1.96154
1.92492
1.88881
1.85518
1.82236
1.79129
1.76118
1.73235
1.70451
1.67762
1.65172
1.62654
1.60233
1.57864
1.55591
1.53356
1.51214
1.49097
1.47072
1.45062
1.43142
1.41228
1.39402
2.42408
2.35268
2.29407
2.23392
2.18357
2.13175
2.08723
2.04187
2.00176
1.96151
1.92495
1.88879
1.8552
1.82235
1.7913
1.76118
1.73235
1.70451
1.67762
1.65172
1.62654
1.60232
1.57865
1.55591
1.53356
1.51213
1.49098
1.47072
1.45063
1.43142
1.41229
1.39403
2.42407
2.35265
2.2941
2.23387
2.18361
2.13171
2.08727
2.04184
2.00179
1.96149
1.92497
1.88878
1.85521
1.82234
1.79132
1.76117
1.73236
1.7045
1.67763
1.65172
1.62655
1.60232
1.57865
1.55591
1.53357
1.51213
1.49098
1.47072
1.45063
1.43142
1.41229
1.39403
2.42403
2.35253
2.29422
2.23376
2.18374
2.13163
2.08735
2.04179
2.00185
1.96146
1.92501
1.88876
1.85523
1.82233
1.79133
1.76117
1.73237
1.7045
1.67764
1.65171
1.62656
1.60231
1.57866
1.5559
1.53358
1.51212
1.49099
1.47071
1.45064
1.43141
1.41229
1.39403
2.42403
2.3525
2.29424
2.2337
2.18378
2.13158
2.0874
2.04175
2.00189
1.96143
1.92503
1.88874
1.85525
1.82232
1.79134
1.76116
1.73238
1.70449
1.67765
1.65171
1.62656
1.60231
1.57867
1.55589
1.53359
1.51212
1.491
1.47071
1.45064
1.43141
1.41229
1.39403
2.42395
2.35227
2.29447
2.23352
2.18398
2.13147
2.08752
2.04169
2.00196
1.9614
1.92507
1.88872
1.85528
1.82231
1.79136
1.76115
1.73239
1.70448
1.67766
1.65169
1.62658
1.60229
1.57869
1.55587
1.53362
1.51209
1.49103
1.47068
1.45067
1.4314
1.41231
1.39403
2.42395
2.35224
2.29449
2.23346
2.18402
2.13141
2.08757
2.04164
2.00199
1.96137
1.9251
1.8887
1.8553
1.82229
1.79137
1.76114
1.7324
1.70448
1.67767
1.65169
1.62659
1.60228
1.57871
1.55586
1.53363
1.51208
1.49104
1.47068
1.45068
1.43139
1.41231
1.39403
2.42381
2.35184
2.29492
2.23319
2.18432
2.13127
2.08773
2.04157
2.00208
1.96133
1.92515
1.88868
1.85532
1.82228
1.79139
1.76113
1.73242
1.70446
1.67769
1.65166
1.62662
1.60224
1.57875
1.5558
1.53369
1.51201
1.49112
1.4706
1.45075
1.43135
1.41235
1.39404
2.42382
2.35181
2.29493
2.23314
2.18436
2.13122
2.08777
2.04153
2.00211
1.9613
1.92517
1.88866
1.85534
1.82227
1.7914
1.76112
1.73243
1.70445
1.6777
1.65165
1.62663
1.60223
1.57877
1.55579
1.53371
1.512
1.49114
1.4706
1.45076
1.43135
1.41236
1.39404
2.42357
2.35106
2.29572
2.23276
2.18477
2.13105
2.08796
2.04145
2.0022
1.96127
1.92522
1.88864
1.85536
1.82225
1.79142
1.76111
1.73244
1.70443
1.67772
1.65161
1.62668
1.60216
1.57884
1.55567
1.53384
1.51183
1.49132
1.4704
1.45097
1.4312
1.4125
1.39409
2.42359
2.35105
2.29571
2.23271
2.18479
2.13101
2.08799
2.04142
2.00223
1.96124
1.92524
1.88863
1.85538
1.82225
1.79143
1.7611
1.73245
1.70442
1.67773
1.6516
1.62669
1.60215
1.57886
1.55566
1.53386
1.51182
1.49134
1.47039
1.45099
1.4312
1.41251
1.39409
2.42314
2.34962
2.29722
2.23224
2.1853
2.13084
2.08817
2.04136
2.0023
1.96121
1.92527
1.88861
1.8554
1.82223
1.79144
1.76109
1.73247
1.7044
1.67776
1.65155
1.62674
1.60205
1.57897
1.55546
1.53407
1.51147
1.49172
1.46984
1.45158
1.43059
1.41316
1.39429
2.4223
2.34957
2.29711
2.23222
2.18529
2.13082
2.08818
2.04134
2.00232
1.9612
1.92528
1.88861
1.8554
1.82223
1.79144
1.76108
1.73247
1.7044
1.67776
1.65155
1.62675
1.60204
1.57898
1.55546
1.53408
1.51147
1.49174
1.46986
1.45162
1.43062
1.41323
1.39434
)
;

boundaryField
{
    up
    {
        type            myTemperature;
        value           nonuniform List<scalar> 
160
(
1.38519
1.38519
1.38499
1.3849
1.38491
1.38492
1.38492
1.38493
1.38493
1.38493
1.38493
1.38493
1.38493
1.38493
1.38493
1.38493
1.38493
1.38493
1.38493
1.38493
1.38493
1.38493
1.38493
1.38493
1.38493
1.38493
1.38493
1.38493
1.38493
1.38493
1.38493
1.38493
1.38493
1.38493
1.38493
1.38493
1.38493
1.38493
1.38493
1.38493
1.38493
1.38493
1.38493
1.38493
1.38493
1.38493
1.38493
1.38493
1.38493
1.38493
1.38493
1.38493
1.38493
1.38493
1.38493
1.38493
1.38493
1.38493
1.38493
1.38493
1.38493
1.38493
1.38493
1.38493
1.38493
1.38493
1.38493
1.38493
1.38493
1.38493
1.38493
1.38493
1.38493
1.38493
1.38493
1.38493
1.38493
1.38493
1.38493
1.38493
1.38493
1.38493
1.38493
1.38493
1.38493
1.38493
1.38493
1.38493
1.38493
1.38493
1.38493
1.38493
1.38493
1.38493
1.38493
1.38493
1.38493
1.38493
1.38493
1.38493
1.38493
1.38493
1.38493
1.38493
1.38493
1.38493
1.38493
1.38493
1.38493
1.38493
1.38493
1.38493
1.38493
1.38493
1.38493
1.38493
1.38493
1.38493
1.38493
1.38493
1.38493
1.38493
1.38493
1.38493
1.38493
1.38493
1.38493
1.38493
1.38493
1.38493
1.38493
1.38493
1.38493
1.38493
1.38493
1.38493
1.38493
1.38493
1.38493
1.38493
1.38493
1.38493
1.38493
1.38493
1.38493
1.38493
1.38493
1.38493
1.38493
1.38493
1.38493
1.38493
1.38493
1.38493
1.38493
1.38492
1.38492
1.38491
1.3849
1.38499
)
;
    }
    hole
    {
        type            myTemperature;
        value           nonuniform List<scalar> 
160
(
2.45918
2.45919
2.46004
2.46041
2.46036
2.46034
2.46033
2.46032
2.46031
2.4603
2.4603
2.46029
2.46029
2.46029
2.46029
2.46029
2.46029
2.46029
2.46029
2.46029
2.46029
2.46028
2.46028
2.46028
2.46029
2.46029
2.46029
2.46029
2.46029
2.46029
2.46029
2.46029
2.46029
2.46029
2.46029
2.46029
2.46029
2.46029
2.46029
2.46029
2.46029
2.46029
2.46029
2.46029
2.46029
2.46029
2.46029
2.46029
2.46029
2.46029
2.46029
2.46029
2.46029
2.46029
2.46029
2.46029
2.46029
2.46029
2.46029
2.46029
2.46029
2.46029
2.46029
2.46029
2.46029
2.46029
2.46029
2.46029
2.46029
2.46029
2.46029
2.46029
2.46029
2.46029
2.46029
2.46029
2.46029
2.46029
2.46029
2.46029
2.46029
2.46029
2.46029
2.46029
2.46029
2.46029
2.46029
2.46029
2.46029
2.46029
2.46029
2.46029
2.46029
2.46029
2.46029
2.46029
2.46029
2.46029
2.46029
2.46029
2.46029
2.46029
2.46029
2.46029
2.46029
2.46029
2.46029
2.46029
2.46029
2.46029
2.46029
2.46029
2.46029
2.46029
2.46029
2.46029
2.46029
2.46029
2.46029
2.46029
2.46029
2.46029
2.46029
2.46029
2.46029
2.46029
2.46029
2.46029
2.46029
2.46029
2.46029
2.46029
2.46029
2.46029
2.46029
2.46029
2.46029
2.46029
2.46028
2.46028
2.46028
2.46029
2.46029
2.46029
2.46029
2.46029
2.46029
2.46029
2.46029
2.46029
2.46029
2.4603
2.4603
2.46031
2.46032
2.46033
2.46034
2.46036
2.46041
2.46002
)
;
    }
    frontAndBack
    {
        type            empty;
    }
}


// ************************************************************************* //
