/*--------------------------------*- C++ -*----------------------------------*\
| =========                 |                                                 |
| \\      /  F ield         | foam-extend: Open Source CFD                    |
|  \\    /   O peration     | Version:  3.0                                   |
|   \\  /    A nd           | Web:         http://www.extend-project.de       |
|    \\/     M anipulation  |                                                 |
\*---------------------------------------------------------------------------*/
FoamFile
{
    version     2.0;
    format      ascii;
    class       volVectorField;
    location    "14";
    object      s;
}
// * * * * * * * * * * * * * * * * * * * * * * * * * * * * * * * * * * * * * //

dimensions      [0 1 -1 0 0 0 0];

internalField   nonuniform List<vector> 
3012
(
(-2.21814 0.132017 0)
(-1.82124 -0.223142 0)
(-2.57482 0.174848 0)
(-1.72528 0.152312 0)
(-3.12124 0.390448 0)
(-2.15342 0.230038 0)
(-3.02754 -0.280627 0)
(-2.8479 0.112603 0)
(-1.99737 0.246336 0)
(-2.19592 -0.378688 0)
(-1.88276 -0.0623192 0)
(-2.22432 0.469636 0)
(-1.26323 -0.114578 0)
(-1.98748 0.0841147 0)
(-2.24157 0.0754925 0)
(-1.2093 0.136723 0)
(-3.10628 0.340797 0)
(-2.17161 0.282542 0)
(-2.95366 -0.312148 0)
(-2.85799 0.109624 0)
(-1.26293 0.440664 0)
(-1.65745 -0.215327 0)
(-1.87111 -0.342007 0)
(-1.21116 0.310222 0)
(-2.6641 0.0461103 0)
(-1.95848 -0.119358 0)
(-1.92486 0.287228 0)
(-2.25147 0.05851 0)
(-1.86097 0.34045 0)
(-2.05884 0.427366 0)
(-1.35932 -0.14879 0)
(-1.53221 -0.420311 0)
(-1.29661 -0.126405 0)
(-2.07756 0.386426 0)
(-1.87534 0.315932 0)
(-1.44916 -0.392688 0)
(-2.07904 -0.16308 0)
(-2.71087 0.0645947 0)
(-2.26758 0.0614167 0)
(-2.03426 0.276924 0)
(-1.1534 -0.099174 0)
(-2.15223 0.0695731 0)
(-1.09974 0.130352 0)
(-1.91947 0.0789131 0)
(-1.27923 -0.0843569 0)
(-1.41464 -0.351604 0)
(-1.91403 0.283051 0)
(-2.12984 0.341427 0)
(-1.25635 -0.349403 0)
(-2.00583 0.338198 0)
(-1.81705 0.294181 0)
(-1.13483 -0.110779 0)
(-2.20544 0.13084 0)
(-1.75429 -0.209119 0)
(-1.66314 0.153816 0)
(-2.55085 0.165638 0)
(-2.70738 -0.305447 0)
(-2.24567 0.451011 0)
(-3.05159 0.262869 0)
(-2.86684 0.0959192 0)
(-2.71224 -0.335295 0)
(-2.22624 0.384145 0)
(-3.01635 0.285654 0)
(-2.89268 0.0684237 0)
(-1.29096 -0.0659451 0)
(-2.00404 0.0396692 0)
(-2.26973 0.0143791 0)
(-1.25284 0.1841 0)
(-2.11788 -0.139268 0)
(-1.1758 0.291941 0)
(-1.18368 0.100873 0)
(-1.87956 -0.0775874 0)
(-1.77699 0.481416 0)
(-1.55274 -0.472993 0)
(-1.35596 -0.230316 0)
(-1.63349 0.383585 0)
(-1.6829 0.366859 0)
(-1.83692 0.440171 0)
(-1.40075 -0.451748 0)
(-1.23269 -0.213686 0)
(-1.38056 -0.060986 0)
(-2.05217 0.0337693 0)
(-1.34698 0.207154 0)
(-2.33827 0.0042211 0)
(-2.0978 -0.0317792 0)
(-1.08287 0.211097 0)
(-1.11571 0.0102027 0)
(-1.87052 -0.000165102 0)
(-1.20306 -0.162031 0)
(-1.97993 0.39867 0)
(-1.79765 0.33616 0)
(-1.34956 -0.409487 0)
(-2.24993 -0.373355 0)
(-2.00064 0.234624 0)
(-1.92001 -0.0583317 0)
(-2.22675 0.474106 0)
(-2.19086 0.0310082 0)
(-2.29508 0.393143 0)
(-2.14012 -0.00905655 0)
(-2.66629 -0.17401 0)
(-2.09316 -0.15552 0)
(-1.15625 0.300448 0)
(-1.16238 0.116531 0)
(-1.85996 -0.091219 0)
(-1.73856 0.487256 0)
(-1.34565 -0.238455 0)
(-1.54396 -0.477925 0)
(-1.60141 0.389763 0)
(-1.79034 -0.385439 0)
(-1.23753 0.334739 0)
(-1.58719 -0.242593 0)
(-1.30446 0.45752 0)
(-1.94429 0.229719 0)
(-2.17241 0.267449 0)
(-1.3369 -0.290519 0)
(-1.22908 -0.0262159 0)
(-1.505 -0.479648 0)
(-1.32085 -0.270471 0)
(-1.508 0.517755 0)
(-1.4001 0.41259 0)
(-1.7413 -0.172971 0)
(-1.07181 0.218152 0)
(-1.07814 0.336178 0)
(-1.94051 -0.254914 0)
(-2.47428 -0.182219 0)
(-2.30888 0.0186251 0)
(-2.78292 0.166105 0)
(-2.28545 0.341575 0)
(-3.03189 0.070624 0)
(-2.64775 0.702893 0)
(-2.98689 0.0714798 0)
(-2.41869 -0.299974 0)
(-2.55031 -0.18036 0)
(-2.29485 0.0158111 0)
(-2.3929 0.3851 0)
(-2.8229 0.135164 0)
(-3.03427 0.100611 0)
(-3.04092 0.104645 0)
(-2.57275 0.717055 0)
(-2.47667 -0.352478 0)
(-2.65599 0.0830382 0)
(-1.85005 0.255318 0)
(-2.24772 0.0750378 0)
(-1.90507 -0.148185 0)
(-2.99715 0.209483 0)
(-2.38619 0.509622 0)
(-2.53577 -0.297663 0)
(-2.91551 0.012491 0)
(-2.9337 0.228092 0)
(-2.3544 0.514446 0)
(-2.45738 -0.219614 0)
(-2.83055 -0.0186293 0)
(-1.05345 -0.0652284 0)
(-1.80874 0.247086 0)
(-1.14976 -0.291073 0)
(-2.00434 0.277132 0)
(-1.29748 -0.365727 0)
(-2.01864 0.358354 0)
(-1.82735 0.307319 0)
(-1.16713 -0.120842 0)
(-1.73409 -0.409676 0)
(-1.53611 -0.25304 0)
(-1.35168 0.47711 0)
(-1.27407 0.357231 0)
(-2.28129 0.0612153 0)
(-2.35468 -0.162876 0)
(-2.7882 0.0424895 0)
(-2.34158 0.332127 0)
(-1.30986 -0.144307 0)
(-2.05288 0.407859 0)
(-1.85625 0.331616 0)
(-1.47107 -0.410769 0)
(-2.865 0.315176 0)
(-2.77898 -0.0637251 0)
(-2.46597 -0.18409 0)
(-2.23072 0.372576 0)
(-2.40203 -0.066787 0)
(-2.83313 0.294147 0)
(-2.30239 0.354148 0)
(-2.70448 -0.139577 0)
(-2.27153 0.0661831 0)
(-2.38114 -0.196883 0)
(-2.80042 0.0657415 0)
(-2.34543 0.333195 0)
(-1.60526 0.47749 0)
(-1.83172 -0.189205 0)
(-1.51389 0.282916 0)
(-2.1119 -0.364058 0)
(-1.56637 0.316208 0)
(-2.03966 -0.407136 0)
(-1.67982 0.49683 0)
(-1.77022 -0.205685 0)
(-1.77199 -0.398651 0)
(-1.56855 -0.246889 0)
(-1.34195 0.474541 0)
(-1.2679 0.35082 0)
(-1.63459 -0.417634 0)
(-2.12329 0.428251 0)
(-1.91076 0.328305 0)
(-1.45084 -0.130046 0)
(-1.28083 -0.039935 0)
(-1.98962 0.0239775 0)
(-1.24768 0.201935 0)
(-2.25182 -0.00687855 0)
(-1.29114 -0.135865 0)
(-2.25606 0.0982534 0)
(-1.99939 0.100434 0)
(-1.23064 0.121585 0)
(-1.08538 -0.234985 0)
(-1.99531 0.216012 0)
(-1.0101 -0.0163966 0)
(-1.79803 0.196461 0)
(-1.08998 0.233494 0)
(-1.74155 -0.173284 0)
(-1.94914 -0.258832 0)
(-1.09852 0.364549 0)
(-2.33452 -0.0255382 0)
(-1.35641 0.230744 0)
(-1.38112 -0.0311773 0)
(-2.04639 0.0132475 0)
(-1.53683 -0.492498 0)
(-1.40447 0.409872 0)
(-1.34936 -0.282317 0)
(-1.51304 0.517243 0)
(-1.36341 -0.161132 0)
(-1.83167 0.345332 0)
(-1.53947 -0.428698 0)
(-2.02056 0.4344 0)
(-1.13924 0.228321 0)
(-1.74813 -0.1639 0)
(-1.15697 0.365806 0)
(-1.9603 -0.256009 0)
(-1.3913 -0.264369 0)
(-1.53816 0.501711 0)
(-1.42838 0.393336 0)
(-1.58204 -0.474247 0)
(-2.09026 0.443426 0)
(-1.65969 -0.427813 0)
(-1.46699 -0.143461 0)
(-1.88589 0.337477 0)
(-1.26746 0.435218 0)
(-1.68787 -0.205465 0)
(-1.90611 -0.33028 0)
(-1.21847 0.298507 0)
(-1.24387 0.326715 0)
(-1.84082 -0.36748 0)
(-1.30674 0.456514 0)
(-1.62932 -0.229003 0)
(-1.64814 0.482521 0)
(-1.83869 -0.185825 0)
(-1.54964 0.284408 0)
(-2.12298 -0.368777 0)
(-1.5808 0.30128 0)
(-1.69301 0.491638 0)
(-2.08676 -0.396242 0)
(-1.80743 -0.196997 0)
(-2.52883 -0.271636 0)
(-1.98982 0.122256 0)
(-2.10087 -0.0355915 0)
(-2.1554 0.464338 0)
(-1.13451 -0.178439 0)
(-1.72927 0.342669 0)
(-1.2739 -0.410445 0)
(-1.89237 0.398317 0)
(-1.07682 -0.0848372 0)
(-2.07019 0.0663489 0)
(-1.02593 0.126022 0)
(-1.8554 0.0750213 0)
(-1.74511 0.48687 0)
(-1.62658 0.285088 0)
(-1.83794 -0.182937 0)
(-2.13033 -0.387691 0)
(-1.19052 -0.100866 0)
(-2.16863 0.0718713 0)
(-1.13594 0.131586 0)
(-1.93212 0.0809941 0)
(-1.25834 -0.0880949 0)
(-1.98578 0.0636273 0)
(-2.24215 0.0489674 0)
(-1.21021 0.158222 0)
(-2.24299 0.0934056 0)
(-1.87444 -0.206608 0)
(-1.80196 0.193713 0)
(-2.63032 0.116158 0)
(-1.03993 -0.0504511 0)
(-2.00627 0.259999 0)
(-1.80836 0.232154 0)
(-1.12987 -0.273694 0)
(-2.74538 -0.155167 0)
(-2.25792 0.020641 0)
(-2.67783 0.437994 0)
(-2.84061 0.0569645 0)
(-2.87143 -0.186444 0)
(-2.8407 0.439015 0)
(-2.24097 0.055428 0)
(-2.86611 0.056435 0)
(-1.24562 -0.0859522 0)
(-1.90586 0.281188 0)
(-1.37602 -0.349669 0)
(-2.11939 0.335211 0)
(-1.79482 0.497125 0)
(-1.66752 0.293696 0)
(-1.83474 -0.178006 0)
(-2.12971 -0.392728 0)
(-1.32591 -0.30552 0)
(-1.92047 0.249449 0)
(-2.14114 0.292011 0)
(-1.21216 -0.0460822 0)
(-2.23668 0.0911706 0)
(-1.88087 -0.176794 0)
(-1.81075 0.214621 0)
(-2.62459 0.114817 0)
(-2.53083 -0.250088 0)
(-1.95355 0.103794 0)
(-2.10778 -0.0455296 0)
(-2.09148 0.440676 0)
(-1.86701 -0.445239 0)
(-1.63272 0.508641 0)
(-1.51728 0.359889 0)
(-1.63058 -0.237502 0)
(-1.1171 -0.0194357 0)
(-2.11116 -0.00564918 0)
(-1.88276 0.0200751 0)
(-1.07952 0.188326 0)
(-1.36913 0.269026 0)
(-1.81096 -0.186505 0)
(-1.43127 0.446606 0)
(-2.0678 -0.327737 0)
(-2.18771 -0.00841571 0)
(-2.16171 0.39081 0)
(-2.03494 0.0108384 0)
(-2.64431 -0.189541 0)
(-2.12199 -0.0570681 0)
(-1.14545 0.0224019 0)
(-1.11756 0.226999 0)
(-1.88793 -0.0186386 0)
(-1.84483 0.453763 0)
(-1.68964 0.373015 0)
(-1.44878 -0.453513 0)
(-1.27166 -0.212444 0)
(-1.87149 0.43351 0)
(-1.71184 0.363015 0)
(-1.37977 -0.442357 0)
(-1.21659 -0.202534 0)
(-1.25409 -0.239467 0)
(-1.74331 0.466056 0)
(-1.60476 0.384864 0)
(-1.43639 -0.473583 0)
(-1.09588 0.0747356 0)
(-2.06055 -0.0996493 0)
(-1.07532 0.259755 0)
(-1.83741 -0.0532965 0)
(-1.07612 -0.212207 0)
(-2.00356 0.198788 0)
(-1.00028 0.00854164 0)
(-1.80556 0.180411 0)
(-1.03705 -0.100342 0)
(-1.76449 0.271968 0)
(-1.94584 0.304282 0)
(-1.13917 -0.319282 0)
(-1.28095 -0.232832 0)
(-1.75364 0.467366 0)
(-1.46652 -0.468553 0)
(-1.61435 0.382643 0)
(-1.12215 0.0776183 0)
(-2.0736 -0.108543 0)
(-1.84752 -0.0587189 0)
(-1.10427 0.263839 0)
(-1.8426 0.335511 0)
(-1.87256 -0.439847 0)
(-1.63414 -0.159227 0)
(-2.03176 0.483498 0)
(-1.9004 0.327719 0)
(-1.86801 -0.436576 0)
(-2.10718 0.471449 0)
(-1.63559 -0.141201 0)
(-2.1667 -0.278749 0)
(-1.44593 0.415511 0)
(-1.89192 -0.15284 0)
(-1.39566 0.213918 0)
(-1.62552 -0.219874 0)
(-1.62216 0.36102 0)
(-1.75946 0.512157 0)
(-1.8679 -0.452707 0)
(-1.30043 -0.0703232 0)
(-1.93948 0.26958 0)
(-2.16349 0.327001 0)
(-1.4332 -0.343614 0)
(-1.84668 0.495959 0)
(-1.91781 -0.150322 0)
(-1.71801 0.262872 0)
(-2.24116 -0.362903 0)
(-1.89297 0.480872 0)
(-1.9553 -0.129074 0)
(-1.76041 0.23155 0)
(-2.29576 -0.345225 0)
(-1.6521 -0.234212 0)
(-1.43644 0.478393 0)
(-1.35445 0.335592 0)
(-1.87758 -0.398724 0)
(-1.51482 0.340107 0)
(-1.49368 0.0826221 0)
(-2.04175 -0.0643795 0)
(-2.35277 -0.151063 0)
(-1.29239 -0.186846 0)
(-1.9811 0.141988 0)
(-1.21657 0.0727324 0)
(-2.22811 0.152949 0)
(-2.2941 -0.289741 0)
(-2.27965 0.105017 0)
(-2.67161 0.280079 0)
(-2.06359 0.165837 0)
(-1.52761 0.322585 0)
(-2.07877 -0.0381157 0)
(-1.51822 0.0497433 0)
(-2.39869 -0.110696 0)
(-2.53918 0.46913 0)
(-2.85749 0.132845 0)
(-2.33919 -0.102724 0)
(-2.80284 -0.111025 0)
(-1.40323 -0.247942 0)
(-1.55334 0.394473 0)
(-1.60583 -0.48313 0)
(-1.68252 0.503808 0)
(-1.2001 -0.40063 0)
(-1.71401 0.348941 0)
(-1.06961 -0.174735 0)
(-1.86955 0.398766 0)
(-1.82642 0.0886143 0)
(-2.03464 0.0848817 0)
(-0.970217 0.0937089 0)
(-1.02083 -0.112715 0)
(-1.84027 -0.127441 0)
(-1.1857 0.168825 0)
(-1.19394 0.34159 0)
(-2.07414 -0.209337 0)
(-2.04922 -0.103848 0)
(-1.74663 0.417532 0)
(-2.40405 -0.249806 0)
(-1.66939 0.140032 0)
(-2.07669 -0.0841867 0)
(-1.73912 0.405732 0)
(-2.43626 -0.218469 0)
(-1.67185 0.117364 0)
(-1.50081 -0.476417 0)
(-1.30236 -0.26289 0)
(-1.54656 0.505408 0)
(-1.4353 0.409913 0)
(-2.51006 -0.202164 0)
(-1.85656 0.405224 0)
(-2.12337 -0.0625317 0)
(-1.77781 0.0871671 0)
(-1.0817 0.323747 0)
(-1.0713 0.189075 0)
(-1.75401 -0.155137 0)
(-1.95735 -0.23268 0)
(-2.22787 0.93244 0)
(-3.11754 -0.896501 0)
(-3.70707 0.0102379 0)
(-3.06593 0.44978 0)
(-2.15262 -0.26909 0)
(-1.3995 0.409341 0)
(-1.35678 0.212963 0)
(-1.88323 -0.150655 0)
(-1.95606 0.293162 0)
(-1.02937 -0.0822768 0)
(-1.1276 -0.299732 0)
(-1.77034 0.261868 0)
(-2.19719 0.229143 0)
(-2.72295 0.288995 0)
(-2.30882 0.0340669 0)
(-2.5055 -0.254579 0)
(-1.77776 0.385989 0)
(-2.49065 -0.187309 0)
(-2.11502 -0.0640256 0)
(-1.71757 0.0795103 0)
(-1.48261 0.491743 0)
(-1.64551 -0.239103 0)
(-1.39193 0.346895 0)
(-1.87442 -0.414786 0)
(-1.58988 -0.231697 0)
(-1.60616 0.369708 0)
(-1.74259 0.512364 0)
(-1.82318 -0.463985 0)
(-1.34124 -0.0784365 0)
(-2.0283 0.0516985 0)
(-1.3003 0.182083 0)
(-2.30197 0.0296199 0)
(-2.21688 0.58962 0)
(-3.01101 -0.439788 0)
(-3.35251 0.243604 0)
(-2.92884 0.262351 0)
(-1.83102 -0.45208 0)
(-1.64781 0.512465 0)
(-1.52833 0.368767 0)
(-1.59948 -0.238792 0)
(-1.34194 0.25233 0)
(-1.8202 -0.181278 0)
(-1.39747 0.429806 0)
(-2.07515 -0.313211 0)
(-1.52098 -0.0306126 0)
(-2.32243 0.337562 0)
(-1.67578 -0.352501 0)
(-2.05745 0.254773 0)
(-1.23527 -0.149052 0)
(-2.00175 0.391362 0)
(-1.81553 0.327301 0)
(-1.3839 -0.400862 0)
(-2.20665 0.109599 0)
(-2.80831 0.430437 0)
(-2.77561 -0.177674 0)
(-2.83146 0.0494069 0)
(-1.17982 0.307919 0)
(-1.85439 -0.33231 0)
(-1.22614 0.433859 0)
(-1.64569 -0.211747 0)
(-2.32633 0.359627 0)
(-1.55522 -0.0394905 0)
(-1.7239 -0.367032 0)
(-2.06005 0.265101 0)
(-1.31922 0.375824 0)
(-1.66862 -0.450183 0)
(-1.47635 -0.273884 0)
(-1.41075 0.490758 0)
(-1.33411 0.372789 0)
(-1.70125 -0.443293 0)
(-1.50286 -0.266393 0)
(-1.4259 0.492225 0)
(-2.29425 0.211895 0)
(-1.32246 0.0405597 0)
(-2.03272 0.182099 0)
(-1.41734 -0.246319 0)
(-3.30032 0.0615925 0)
(-3.03055 0.766897 0)
(-2.27404 -0.258554 0)
(-2.92687 -0.0151208 0)
(-1.78993 0.513552 0)
(-1.75602 -0.468191 0)
(-1.64447 0.381218 0)
(-1.53095 -0.224715 0)
(-2.22447 0.332764 0)
(-1.36931 -0.0548018 0)
(-1.50922 -0.34573 0)
(-1.98583 0.267823 0)
(-1.34911 0.0322441 0)
(-1.45248 -0.259052 0)
(-2.04208 0.193993 0)
(-2.30504 0.231488 0)
(-1.07665 -0.067128 0)
(-1.81544 0.252684 0)
(-2.01141 0.284795 0)
(-1.17683 -0.29525 0)
(-1.83383 0.507262 0)
(-1.76631 -0.465169 0)
(-1.5408 -0.21545 0)
(-1.68152 0.374378 0)
(-1.31998 0.165091 0)
(-1.34663 0.367795 0)
(-1.91209 -0.127885 0)
(-2.17808 -0.227864 0)
(-1.34348 0.147111 0)
(-1.36682 0.358804 0)
(-1.93554 -0.113621 0)
(-2.20853 -0.209581 0)
(-1.39716 0.0462534 0)
(-2.06447 0.188772 0)
(-1.50234 -0.254694 0)
(-2.33632 0.229309 0)
(-1.56991 -0.481389 0)
(-1.55767 0.394994 0)
(-1.36912 -0.245228 0)
(-1.68686 0.498355 0)
(-2.23386 0.336569 0)
(-1.54793 -0.353021 0)
(-1.40341 -0.0583686 0)
(-1.99323 0.267555 0)
(-1.27296 -0.161098 0)
(-1.97604 0.127064 0)
(-1.20289 0.0933279 0)
(-2.22245 0.132893 0)
(-1.83844 -0.118004 0)
(-1.16339 0.151113 0)
(-1.16528 0.3235 0)
(-2.0683 -0.192456 0)
(-1.98833 -0.335005 0)
(-3.80824 -0.0632406 0)
(-3.60586 0.748334 0)
(-2.77405 -0.169803 0)
(-1.41631 0.0708601 0)
(-1.51369 -0.236018 0)
(-2.0888 0.170988 0)
(-2.37168 0.204697 0)
(-2.21971 0.387291 0)
(-1.66164 -0.395444 0)
(-1.98249 0.293874 0)
(-1.48862 -0.0909071 0)
(-1.83006 -0.0979771 0)
(-2.17272 0.484767 0)
(-1.95441 0.280687 0)
(-2.12412 -0.407227 0)
(-3.13116 -0.0374208 0)
(-2.89778 0.630976 0)
(-2.28398 -0.166563 0)
(-2.90316 0.037042 0)
(-2.2811 0.094652 0)
(-2.55098 -0.151765 0)
(-2.84806 0.0135998 0)
(-2.6033 0.389556 0)
(-2.0357 0.279428 0)
(-1.81358 -0.392217 0)
(-2.29312 0.395848 0)
(-1.61898 -0.0616834 0)
(-1.3104 -0.106559 0)
(-2.11234 0.374209 0)
(-1.45992 -0.377644 0)
(-1.90245 0.305336 0)
(-2.20718 0.179481 0)
(-2.04449 -0.321358 0)
(-1.85278 0.0767404 0)
(-2.5451 0.308973 0)
(-1.12733 -0.251284 0)
(-1.82252 0.215659 0)
(-1.04098 -0.0271963 0)
(-2.0249 0.240604 0)
(-1.20095 -0.383641 0)
(-1.73196 0.341726 0)
(-1.89528 0.391854 0)
(-1.07284 -0.158084 0)
(-2.19614 0.183311 0)
(-2.08648 -0.33744 0)
(-2.53555 0.329374 0)
(-1.87665 0.0695474 0)
(-1.14184 -0.240589 0)
(-2.04306 0.225773 0)
(-1.83829 0.202937 0)
(-1.05741 -0.0125874 0)
(-1.83246 0.10246 0)
(-0.983212 0.0784865 0)
(-2.04073 0.101999 0)
(-1.03839 -0.134996 0)
(-2.22223 0.379717 0)
(-1.4614 -0.0770088 0)
(-1.62773 -0.377512 0)
(-1.98508 0.291635 0)
(-2.61104 0.36064 0)
(-2.79753 -0.0887155 0)
(-2.23486 0.148166 0)
(-2.40893 -0.13717 0)
(-2.01833 0.290833 0)
(-1.76752 -0.396907 0)
(-1.57781 -0.0738153 0)
(-2.26842 0.401741 0)
(-2.16051 0.376718 0)
(-2.25072 0.0353484 0)
(-2.11893 -0.0699522 0)
(-2.73217 -0.0455121 0)
(-2.17692 0.526911 0)
(-2.66926 -0.321811 0)
(-3.07454 0.299988 0)
(-2.83665 0.106931 0)
(-2.7307 0.255966 0)
(-2.18054 0.261727 0)
(-2.45069 -0.231547 0)
(-2.30493 0.0351381 0)
(-2.32107 0.357928 0)
(-2.33428 0.000861595 0)
(-2.8073 0.199049 0)
(-2.55993 -0.176585 0)
(-2.09369 -0.0903262 0)
(-2.11079 0.34675 0)
(-2.71583 -0.0146477 0)
(-2.25282 0.0421946 0)
(-1.11525 -0.148171 0)
(-1.7687 0.328181 0)
(-1.24546 -0.381594 0)
(-1.94336 0.377949 0)
(-1.13603 -0.161106 0)
(-1.94078 0.387819 0)
(-1.76714 0.333879 0)
(-1.27185 -0.39794 0)
(-3.22148 -0.774009 0)
(-2.10421 0.961002 0)
(-3.70101 0.0513969 0)
(-2.93434 0.522528 0)
(-1.89832 0.320653 0)
(-2.10693 0.407551 0)
(-1.39811 -0.129033 0)
(-1.56889 -0.409567 0)
(-2.37318 0.307078 0)
(-2.09394 0.232304 0)
(-1.67667 -0.328736 0)
(-1.53291 -0.0015499 0)
(-1.13279 0.334014 0)
(-1.12647 0.181888 0)
(-1.79027 -0.142214 0)
(-2.006 -0.221602 0)
(-2.00127 -0.243069 0)
(-1.15854 0.355249 0)
(-1.78275 -0.154943 0)
(-1.14481 0.206098 0)
(-1.60014 0.501569 0)
(-1.54967 -0.481398 0)
(-1.48418 0.399774 0)
(-1.35037 -0.252541 0)
(-3.75357 0.179522 0)
(-2.01301 -0.394281 0)
(-3.49262 1.01172 0)
(-2.79877 -0.170859 0)
(-1.23982 -0.359853 0)
(-1.97935 0.355312 0)
(-1.79597 0.309984 0)
(-1.11583 -0.124942 0)
(-1.58387 0.509166 0)
(-1.46906 0.400462 0)
(-1.38624 -0.259008 0)
(-1.58268 -0.482267 0)
(-1.96274 0.231357 0)
(-0.995832 -0.0354375 0)
(-1.0767 -0.245322 0)
(-1.76795 0.20834 0)
(-1.58229 0.50004 0)
(-1.51872 -0.480049 0)
(-1.46936 0.403075 0)
(-1.31714 -0.252712 0)
(-1.1015 0.320878 0)
(-1.77767 -0.144615 0)
(-1.09828 0.175494 0)
(-1.98686 -0.219805 0)
(-1.28004 0.327337 0)
(-1.86438 -0.376325 0)
(-1.34831 0.463352 0)
(-1.64682 -0.229967 0)
(-2.25746 0.0594093 0)
(-2.361 -0.114986 0)
(-2.79649 0.00555963 0)
(-2.38164 0.400648 0)
(-1.58741 0.0810887 0)
(-2.46573 0.224001 0)
(-1.69961 -0.262109 0)
(-2.15458 0.171461 0)
(-2.26545 0.104437 0)
(-1.99033 -0.219975 0)
(-2.6598 0.159438 0)
(-1.8875 0.197186 0)
(-1.99969 -0.0546882 0)
(-1.9764 0.195367 0)
(-2.36982 -0.341567 0)
(-2.17995 0.474488 0)
(-2.07047 -0.208237 0)
(-2.27822 0.0850366 0)
(-2.6924 0.135759 0)
(-1.97381 0.226035 0)
(-2.12788 -0.195298 0)
(-2.28287 0.0727485 0)
(-2.72251 0.0927691 0)
(-2.06611 0.252519 0)
(-1.92552 0.0664806 0)
(-2.15867 -0.346864 0)
(-2.54783 0.334372 0)
(-2.20319 0.165762 0)
(-1.78531 0.491908 0)
(-1.6396 0.385741 0)
(-1.60265 -0.480312 0)
(-1.39984 -0.234351 0)
(-2.24559 -0.263938 0)
(-1.52662 0.412381 0)
(-1.47127 0.187974 0)
(-1.94838 -0.134941 0)
(-2.05036 -0.0394106 0)
(-2.01132 0.15862 0)
(-2.44942 -0.314462 0)
(-2.2081 0.467694 0)
(-1.8554 0.509893 0)
(-1.7028 0.346685 0)
(-1.67413 -0.199604 0)
(-1.92996 -0.447128 0)
(-1.97702 -0.137476 0)
(-1.73696 0.456985 0)
(-2.30856 -0.310406 0)
(-1.64272 0.209398 0)
(-2.14113 -0.159148 0)
(-1.21488 0.119595 0)
(-1.21349 0.31514 0)
(-1.89461 -0.0894326 0)
(-2.47815 0.255207 0)
(-1.62382 0.0644668 0)
(-1.754 -0.286967 0)
(-2.16441 0.187689 0)
(-2.36699 0.28857 0)
(-1.62758 -0.31618 0)
(-2.08845 0.224003 0)
(-1.49511 0.00710155 0)
(-1.47771 0.156761 0)
(-1.52435 0.396839 0)
(-1.98972 -0.116584 0)
(-2.29692 -0.234621 0)
(-1.73874 0.288206 0)
(-1.02646 -0.113909 0)
(-1.91291 0.323936 0)
(-1.13231 -0.327664 0)
(-1.04861 -0.19847 0)
(-0.975895 0.0287499 0)
(-1.98669 0.17508 0)
(-1.79043 0.162792 0)
(-1.91894 -0.454683 0)
(-1.75083 0.351454 0)
(-1.66357 -0.193671 0)
(-1.91748 0.51372 0)
(-1.73387 0.46759 0)
(-1.94232 -0.151064 0)
(-2.26284 -0.333343 0)
(-1.63252 0.232636 0)
(-1.35794 -0.00986859 0)
(-2.27628 0.285926 0)
(-1.48046 -0.304005 0)
(-2.02249 0.233763 0)
(-1.9647 0.234611 0)
(-2.19862 0.278432 0)
(-1.38664 -0.295406 0)
(-1.27278 -0.0241493 0)
(-2.28074 0.0945032 0)
(-2.01698 0.0968843 0)
(-1.33147 -0.135207 0)
(-1.2726 0.128464 0)
(-1.6943 0.340255 0)
(-1.96741 -0.446874 0)
(-1.84533 0.511401 0)
(-1.70423 -0.201654 0)
(-1.28178 0.238868 0)
(-1.32298 0.408218 0)
(-2.05547 -0.286038 0)
(-1.81152 -0.169698 0)
(-1.48655 0.393526 0)
(-1.20945 -0.244281 0)
(-1.59859 0.46879 0)
(-1.39908 -0.470392 0)
(-2.71637 0.338171 0)
(-2.33501 -0.0168102 0)
(-2.17783 0.255725 0)
(-2.59802 -0.193063 0)
(-1.53624 -0.246088 0)
(-1.63399 0.508362 0)
(-1.75403 -0.463034 0)
(-1.51382 0.377719 0)
(-2.18643 0.216366 0)
(-2.70963 -0.146732 0)
(-2.67677 0.366473 0)
(-2.36475 -0.0794669 0)
(-2.65979 0.330328 0)
(-2.12427 0.18376 0)
(-2.28256 0.0694321 0)
(-2.44597 -0.269336 0)
(-1.95187 -0.148281 0)
(-1.0306 0.117305 0)
(-1.75229 -0.0956568 0)
(-1.01723 0.270072 0)
(-2.4933 0.317887 0)
(-2.29612 0.0377872 0)
(-2.56615 -0.23485 0)
(-2.84261 0.076482 0)
(-2.74382 0.365951 0)
(-2.2177 0.264262 0)
(-2.38065 -0.0806553 0)
(-2.72537 -0.149628 0)
(-2.18135 0.230787 0)
(-2.65991 0.385046 0)
(-2.72654 -0.123958 0)
(-2.35617 -0.0836893 0)
(-2.10367 0.247694 0)
(-1.91611 -0.379503 0)
(-2.38977 0.378207 0)
(-1.71235 -0.0237882 0)
(-1.61448 0.376489 0)
(-1.21297 -0.233618 0)
(-1.75425 0.449803 0)
(-1.38441 -0.463077 0)
(-1.04526 0.233652 0)
(-1.82554 -0.0281041 0)
(-2.04375 -0.0654026 0)
(-1.07241 0.0472478 0)
(-2.28911 0.0932198 0)
(-2.22896 -0.214797 0)
(-2.72745 0.183279 0)
(-2.0918 0.264874 0)
(-1.99471 -0.326697 0)
(-1.34155 0.431724 0)
(-1.75832 -0.196357 0)
(-1.28825 0.274944 0)
(-1.55754 0.506025 0)
(-1.56217 -0.247069 0)
(-1.451 0.372131 0)
(-1.78086 -0.445261 0)
(-2.30923 0.0726077 0)
(-2.33272 -0.225009 0)
(-2.15154 0.263824 0)
(-2.75016 0.206277 0)
(-1.43845 0.0895059 0)
(-2.02818 -0.068255 0)
(-1.45421 0.339092 0)
(-2.33059 -0.151488 0)
(-2.01182 -0.115598 0)
(-1.66608 0.413867 0)
(-2.3431 -0.258473 0)
(-1.59586 0.158154 0)
(-1.81468 0.352949 0)
(-1.99865 0.492654 0)
(-1.59121 -0.181388 0)
(-1.82218 -0.457462 0)
(-2.03452 -0.311559 0)
(-1.34879 0.420691 0)
(-1.29823 0.255564 0)
(-1.79154 -0.18472 0)
(-1.56283 -0.243895 0)
(-1.78455 -0.451269 0)
(-1.49044 0.375405 0)
(-1.60354 0.511183 0)
(-1.90519 0.43336 0)
(-2.07531 -0.0786247 0)
(-1.80438 0.131079 0)
(-2.46057 -0.25092 0)
(-1.72881 0.49908 0)
(-1.42163 -0.24098 0)
(-1.59245 0.388339 0)
(-1.62644 -0.479725 0)
(-1.14384 -0.0369386 0)
(-1.90943 0.0346087 0)
(-2.1441 0.0127464 0)
(-1.10283 0.180552 0)
(-2.35328 0.0776215 0)
(-2.06765 0.0852534 0)
(-1.35349 0.153387 0)
(-1.40851 -0.128004 0)
(-1.98 -0.127139 0)
(-1.66205 0.430367 0)
(-1.58719 0.186666 0)
(-2.30224 -0.276383 0)
(-1.72995 0.504194 0)
(-1.46119 -0.238816 0)
(-1.59346 0.386461 0)
(-1.67178 -0.477009 0)
(-1.24395 -0.314256 0)
(-1.13383 -0.0720056 0)
(-2.05755 0.300138 0)
(-1.85466 0.262504 0)
(-1.57918 0.328562 0)
(-1.74197 -0.208827 0)
(-2.00827 -0.415689 0)
(-1.6966 0.504314 0)
(-1.12314 -0.0867719 0)
(-1.23841 -0.324276 0)
(-2.02589 0.322716 0)
(-1.83068 0.281268 0)
(-1.22207 0.337179 0)
(-1.86571 -0.115197 0)
(-1.21492 0.154418 0)
(-2.1077 -0.195448 0)
(-2.13603 0.227213 0)
(-1.94699 -0.358936 0)
(-1.74705 0.00943863 0)
(-2.43609 0.355397 0)
(-2.24469 -0.277201 0)
(-1.5522 0.435983 0)
(-1.4906 0.2096 0)
(-1.94136 -0.139889 0)
(-1.44929 -0.163151 0)
(-1.64298 -0.436489 0)
(-2.03051 0.451232 0)
(-1.83983 0.346182 0)
(-1.5694 0.470185 0)
(-1.85027 -0.17983 0)
(-1.48768 0.27248 0)
(-2.13139 -0.342715 0)
(-1.64477 0.379284 0)
(-1.79025 0.451824 0)
(-1.20524 -0.224217 0)
(-1.37398 -0.455192 0)
(-1.93765 -0.447215 0)
(-1.78522 0.339524 0)
(-1.67993 -0.179731 0)
(-1.95909 0.504341 0)
(-1.55445 0.384197 0)
(-2.01096 -0.100809 0)
(-1.51003 0.135899 0)
(-2.3264 -0.215833 0)
(-1.26177 0.354076 0)
(-1.87078 -0.125234 0)
(-1.24613 0.169015 0)
(-2.11825 -0.214349 0)
(-1.91827 0.42693 0)
(-1.39353 -0.438863 0)
(-1.23209 -0.193061 0)
(-1.74882 0.355802 0)
(-1.84315 -0.0147584 0)
(-2.0637 -0.0490783 0)
(-1.04676 0.214136 0)
(-1.07684 0.0210041 0)
(-2.29227 -0.0493257 0)
(-1.32612 0.244659 0)
(-1.34531 -0.00321837 0)
(-2.01507 -0.00430322 0)
(-2.55588 -0.22896 0)
(-2.26223 0.051861 0)
(-2.13335 0.163092 0)
(-2.582 0.398104 0)
(-2.6373 -0.166187 0)
(-2.20038 0.264468 0)
(-2.32929 -0.0109388 0)
(-2.69027 0.361584 0)
(-2.32694 -0.102296 0)
(-1.39906 0.0354858 0)
(-1.3977 0.288307 0)
(-2.03446 -0.0387206 0)
(-1.24857 -0.276051 0)
(-2.11278 0.254878 0)
(-1.14954 -0.0280149 0)
(-1.89587 0.224166 0)
(-1.39234 0.387726 0)
(-1.44568 -0.273157 0)
(-1.64001 -0.470147 0)
(-1.49661 0.502562 0)
(-1.32039 -0.350252 0)
(-1.84996 0.29384 0)
(-2.04657 0.344274 0)
(-1.1918 -0.10219 0)
(-2.28802 0.0813932 0)
(-2.72818 0.166251 0)
(-2.22156 -0.203029 0)
(-2.09218 0.266956 0)
(-2.48699 -0.192591 0)
(-2.36997 0.351829 0)
(-2.28897 0.0411078 0)
(-2.80831 0.120688 0)
(-1.36768 -0.367043 0)
(-2.06367 0.360279 0)
(-1.23039 -0.111497 0)
(-1.86328 0.302986 0)
(-1.19134 0.393411 0)
(-1.7498 -0.170827 0)
(-1.16489 0.250702 0)
(-1.96946 -0.270943 0)
(-1.71664 -0.184969 0)
(-1.20226 0.404545 0)
(-1.9323 -0.292213 0)
(-1.169 0.268086 0)
(-1.42774 0.391086 0)
(-1.62761 -0.481259 0)
(-1.53878 0.504539 0)
(-1.43213 -0.273113 0)
(-1.33381 0.00443388 0)
(-2.2704 0.26292 0)
(-1.44691 -0.28386 0)
(-2.0177 0.21828 0)
(-1.70087 0.360151 0)
(-1.85799 0.425044 0)
(-1.17582 -0.202489 0)
(-1.33062 -0.435677 0)
(-2.46612 0.438364 0)
(-2.8001 -0.141705 0)
(-2.3529 -0.125095 0)
(-2.86787 0.177875 0)
(-1.7336 0.34518 0)
(-1.16417 -0.19006 0)
(-1.89837 0.404839 0)
(-1.31063 -0.427355 0)
(-1.84789 -0.397607 0)
(-1.31409 0.341429 0)
(-1.62921 -0.239533 0)
(-1.392 0.477775 0)
(-1.81757 0.48434 0)
(-1.66712 0.378193 0)
(-1.61435 -0.471352 0)
(-1.41248 -0.22306 0)
(-1.78002 -0.37689 0)
(-1.20473 0.334509 0)
(-1.26607 0.454084 0)
(-1.57963 -0.241663 0)
(-2.08209 0.0134602 0)
(-1.04431 0.170606 0)
(-1.86176 0.0342985 0)
(-1.08556 -0.0346519 0)
(-1.04616 0.148822 0)
(-2.0937 0.0511676 0)
(-1.09486 -0.0634593 0)
(-1.87261 0.0637349 0)
(-2.16056 -0.146067 0)
(-1.90975 -0.078331 0)
(-1.23927 0.104847 0)
(-1.23639 0.305751 0)
(-1.70962 -0.417454 0)
(-1.51562 -0.261826 0)
(-1.33474 0.480448 0)
(-1.25755 0.3637 0)
(-1.86409 0.108425 0)
(-1.09175 -0.135508 0)
(-1.03063 0.0853078 0)
(-2.07975 0.108767 0)
(-1.09588 -0.112888 0)
(-2.0939 0.0851396 0)
(-1.0403 0.106707 0)
(-1.87446 0.089625 0)
(-2.36125 0.108213 0)
(-2.07541 0.105589 0)
(-1.3641 0.137161 0)
(-1.42886 -0.151619 0)
(-1.73931 -0.44499 0)
(-1.52519 -0.166867 0)
(-2.03063 0.4788 0)
(-1.84 0.354631 0)
(-2.1157 0.18895 0)
(-1.9636 0.0199603 0)
(-2.29131 -0.341979 0)
(-2.39083 0.433643 0)
(-1.39601 0.314289 0)
(-1.96427 -0.384271 0)
(-1.4778 0.473248 0)
(-1.72189 -0.219418 0)
(-1.6776 0.361952 0)
(-1.82992 0.424959 0)
(-1.30983 -0.441459 0)
(-1.15809 -0.211689 0)
(-1.84297 0.0321902 0)
(-2.059 0.0115574 0)
(-1.06035 -0.0246889 0)
(-1.01989 0.174432 0)
(-2.15271 0.182399 0)
(-2.45409 0.42164 0)
(-1.97168 0.0436453 0)
(-2.28915 -0.34213 0)
(-1.39984 0.301853 0)
(-2.01064 -0.369421 0)
(-1.47798 0.469741 0)
(-1.7595 -0.209277 0)
(-1.78376 -0.435861 0)
(-1.57086 -0.255495 0)
(-1.46907 0.495551 0)
(-1.37509 0.36468 0)
(-2.54558 -0.171012 0)
(-1.89777 0.39652 0)
(-2.1484 -0.038592 0)
(-1.82366 0.0628928 0)
(-2.17791 0.415455 0)
(-1.67386 -0.405907 0)
(-1.9523 0.312854 0)
(-1.48893 -0.10747 0)
(-2.618 0.356816 0)
(-2.76291 -0.0971814 0)
(-2.20528 0.163123 0)
(-2.39424 -0.127676 0)
(-2.10788 0.206656 0)
(-1.18889 -0.228111 0)
(-1.10433 0.0120679 0)
(-1.88999 0.186633 0)
(-1.40079 0.061201 0)
(-2.31202 -0.119139 0)
(-1.40332 0.306867 0)
(-2.01988 -0.0508359 0)
(-1.13289 0.0690817 0)
(-1.92362 0.13889 0)
(-1.2044 -0.171929 0)
(-2.15338 0.147073 0)
(-1.75587 -0.451797 0)
(-1.53949 -0.176096 0)
(-2.00177 0.478586 0)
(-1.8169 0.35292 0)
(-1.16001 0.0917171 0)
(-1.94525 0.120285 0)
(-1.22715 -0.151825 0)
(-2.18207 0.12386 0)
(-2.08273 -0.0244919 0)
(-1.50017 0.295651 0)
(-1.50031 0.020975 0)
(-2.39778 -0.0868041 0)
(-2.12401 0.464071 0)
(-1.6043 -0.131412 0)
(-1.913 0.328682 0)
(-1.82705 -0.429263 0)
(-1.38879 -0.385003 0)
(-1.2454 -0.127974 0)
(-2.04659 0.370592 0)
(-1.85062 0.310108 0)
(-1.98693 0.118003 0)
(-2.5984 0.324057 0)
(-2.23891 -0.310687 0)
(-2.23924 0.134884 0)
(-2.5716 -0.230627 0)
(-2.13164 0.125993 0)
(-2.51061 0.409648 0)
(-2.22527 0.0515236 0)
(-2.18319 0.0944164 0)
(-1.15983 0.115161 0)
(-1.21965 -0.124259 0)
(-1.94493 0.0986367 0)
(-2.57939 0.34802 0)
(-2.0666 0.101197 0)
(-2.36577 -0.325916 0)
(-2.22745 0.113146 0)
(-1.20599 -0.244868 0)
(-1.64201 0.468814 0)
(-1.52206 0.39254 0)
(-1.38788 -0.469178 0)
(-1.07593 -0.104615 0)
(-1.96949 0.324187 0)
(-1.18702 -0.330685 0)
(-1.78543 0.286009 0)
(-1.08575 -0.119884 0)
(-1.96698 0.341234 0)
(-1.78492 0.300208 0)
(-1.20278 -0.349583 0)
(-2.04578 0.180461 0)
(-1.10589 -0.2036 0)
(-1.0304 0.0254149 0)
(-1.83934 0.166456 0)
(-2.06076 0.160193 0)
(-1.02873 0.0426939 0)
(-1.85047 0.149829 0)
(-1.09922 -0.185273 0)
(-1.11569 -0.191989 0)
(-1.7201 0.352979 0)
(-1.25493 -0.42344 0)
(-1.88157 0.408826 0)
(-2.05509 -0.292378 0)
(-2.23713 0.167085 0)
(-2.5922 0.289341 0)
(-1.87305 0.118399 0)
(-1.97714 -0.126913 0)
(-1.03365 0.0956809 0)
(-1.77231 -0.078177 0)
(-1.01891 0.259897 0)
(-1.00005 0.129368 0)
(-2.06891 0.063868 0)
(-1.04967 -0.0807223 0)
(-1.85486 0.0727618 0)
(-1.49051 0.496509 0)
(-1.60525 -0.242685 0)
(-1.39673 0.358154 0)
(-1.82711 -0.422996 0)
(-1.97153 0.449584 0)
(-2.0685 -0.0799649 0)
(-1.84515 0.144709 0)
(-2.461 -0.279374 0)
(-2.23754 0.0363495 0)
(-2.19651 -0.0875693 0)
(-2.33089 0.344468 0)
(-2.73936 -0.14087 0)
(-1.8261 0.0546946 0)
(-2.03634 0.0397756 0)
(-1.02839 -0.0364203 0)
(-0.98233 0.161198 0)
(-1.82387 0.410733 0)
(-1.11705 -0.215964 0)
(-1.25924 -0.443238 0)
(-1.6715 0.354459 0)
(-2.61404 -0.219045 0)
(-2.1465 0.129446 0)
(-2.52249 0.402951 0)
(-2.23923 0.0171989 0)
(-2.68235 0.256016 0)
(-2.2624 -0.264457 0)
(-2.2778 0.0996548 0)
(-2.05462 0.195014 0)
(-2.19819 0.377575 0)
(-1.96825 0.295255 0)
(-1.58199 -0.374713 0)
(-1.42069 -0.0829452 0)
(-1.38607 0.458162 0)
(-1.70647 -0.217777 0)
(-1.31804 0.30852 0)
(-1.93798 -0.365194 0)
(-2.0782 0.255495 0)
(-1.11072 -0.0339684 0)
(-1.20725 -0.27366 0)
(-1.86767 0.226927 0)
(-2.10048 0.180733 0)
(-1.08198 0.0235667 0)
(-1.15883 -0.214343 0)
(-1.8833 0.166202 0)
(-1.43096 0.472258 0)
(-1.69591 -0.224036 0)
(-1.35383 0.321378 0)
(-1.92997 -0.382265 0)
(-1.74341 -0.198428 0)
(-1.30749 0.429639 0)
(-1.97451 -0.324912 0)
(-1.25781 0.278089 0)
(-2.23958 0.113042 0)
(-2.81793 -0.0234119 0)
(-2.49595 -0.153253 0)
(-2.60398 0.384914 0)
(-2.04452 0.497159 0)
(-1.82699 -0.130749 0)
(-1.85975 0.290807 0)
(-2.12621 -0.407704 0)
(-2.08489 0.500951 0)
(-1.80723 -0.126541 0)
(-1.88836 0.297095 0)
(-2.10398 -0.414796 0)
(-1.79507 0.323551 0)
(-1.17032 -0.148014 0)
(-1.97594 0.378571 0)
(-1.3073 -0.389896 0)
(-1.65526 -0.0894857 0)
(-1.87418 -0.410555 0)
(-1.99039 0.295148 0)
(-2.22878 0.431184 0)
(-1.86988 -0.396892 0)
(-1.65735 -0.0662068 0)
(-2.02841 0.285961 0)
(-2.28044 0.418449 0)
(-1.17657 -0.0311408 0)
(-2.16215 -0.000752097 0)
(-1.92295 0.0251495 0)
(-1.13876 0.189548 0)
(-2.21288 -0.253057 0)
(-1.41583 0.188148 0)
(-1.46032 0.401998 0)
(-1.92787 -0.133935 0)
(-1.31235 -0.239612 0)
(-1.73076 0.479558 0)
(-1.59511 0.38825 0)
(-1.50768 -0.477943 0)
(-1.99092 -0.433863 0)
(-1.88128 0.315931 0)
(-1.72631 -0.142796 0)
(-2.08044 0.489484 0)
(-1.20718 -0.045489 0)
(-1.94577 0.0364547 0)
(-2.19191 0.0130972 0)
(-1.16759 0.183724 0)
(-1.93692 -0.0484222 0)
(-2.191 -0.104434 0)
(-1.24506 0.0553575 0)
(-1.23367 0.269407 0)
(-1.93444 -0.0597048 0)
(-2.19099 -0.121 0)
(-1.24746 0.290777 0)
(-1.25546 0.0792425 0)
(-1.6278 -0.211015 0)
(-1.82054 0.509351 0)
(-1.67262 0.357894 0)
(-1.87154 -0.454729 0)
(-2.07677 -0.140297 0)
(-1.13652 0.106377 0)
(-1.12544 0.288877 0)
(-1.84842 -0.0819019 0)
(-1.75888 0.353917 0)
(-1.9304 0.429546 0)
(-1.43276 -0.435294 0)
(-1.26728 -0.186709 0)
(-1.14431 0.0527948 0)
(-2.11047 -0.0837431 0)
(-1.122 0.250279 0)
(-1.87724 -0.0385947 0)
(-1.79184 0.346918 0)
(-1.45113 -0.430797 0)
(-1.28606 -0.175332 0)
(-1.97137 0.423109 0)
(-1.72038 0.373213 0)
(-1.38886 -0.203561 0)
(-1.58512 -0.457032 0)
(-1.8818 0.474014 0)
(-1.2509 -0.434343 0)
(-1.8407 0.420485 0)
(-1.10874 -0.207297 0)
(-1.68575 0.362614 0)
(-1.70689 0.372266 0)
(-1.41155 -0.213064 0)
(-1.86635 0.477094 0)
(-1.61217 -0.466558 0)
(-1.83573 0.055438 0)
(-2.04665 0.0420453 0)
(-0.980861 0.14567 0)
(-1.02568 -0.0572256 0)
(-2.12712 0.00791086 0)
(-1.57455 0.281045 0)
(-1.58371 -0.0197728 0)
(-2.46149 -0.0406389 0)
(-1.59055 0.259784 0)
(-2.49155 -0.0104757 0)
(-2.15088 0.0266551 0)
(-1.61016 -0.0549007 0)
(-2.916 0.825921 0)
(-3.2872 0.143283 0)
(-3.01846 -0.070289 0)
(-2.39823 -0.41814 0)
(-1.80905 0.462175 0)
(-1.47102 -0.46459 0)
(-1.66016 0.377423 0)
(-1.28802 -0.223465 0)
(-2.2361 0.216534 0)
(-2.65922 -0.232959 0)
(-2.82746 0.349593 0)
(-2.86182 0.0289353 0)
(-2.58893 0.616064 0)
(-2.31052 -0.103312 0)
(-2.83471 -0.0152645 0)
(-2.88856 0.107375 0)
(-2.02911 -0.427699 0)
(-1.86156 0.316783 0)
(-1.75322 -0.143003 0)
(-2.05337 0.500635 0)
(-1.29602 -0.255671 0)
(-1.20019 0.00318199 0)
(-1.94449 0.202927 0)
(-2.17499 0.231943 0)
(-1.3072 -0.238908 0)
(-1.21559 0.0249403 0)
(-1.96843 0.187988 0)
(-2.20787 0.213011 0)
(-1.33977 0.264664 0)
(-1.35238 0.0211134 0)
(-2.29149 -0.0751615 0)
(-2.01186 -0.0223799 0)
(-1.2508 -0.240504 0)
(-1.5579 0.392045 0)
(-1.68566 0.474494 0)
(-1.43869 -0.470623 0)
(-2.02393 -0.132011 0)
(-1.0797 0.095239 0)
(-1.80852 -0.079529 0)
(-1.06437 0.268712 0)
(-2.12227 0.0714112 0)
(-2.33923 0.441969 0)
(-2.57414 -0.253498 0)
(-2.11715 0.0315773 0)
(-1.5506 -0.391455 0)
(-2.15052 0.392043 0)
(-1.38716 -0.10764 0)
(-1.93109 0.309735 0)
(-1.53751 0.506506 0)
(-1.53826 -0.25573 0)
(-1.4319 0.377251 0)
(-1.75089 -0.452859 0)
(-2.14412 0.426838 0)
(-3.39321 0.260437 0)
(-3.17217 -0.442807 0)
(-2.88356 0.204893 0)
(-1.92157 -0.0819232 0)
(-2.25679 -0.374494 0)
(-2.16369 0.481769 0)
(-1.95827 0.238069 0)
(-2.21808 0.244263 0)
(-2.61807 -0.222606 0)
(-2.83706 0.00605625 0)
(-2.84022 0.343027 0)
(-2.30966 1.43968 0)
(-3.94372 0.100182 0)
(-2.99716 -1.10917 0)
(-3.18824 0.724526 0)
(-1.67325 0.469938 0)
(-1.22093 -0.240464 0)
(-1.40423 -0.46663 0)
(-1.54799 0.392008 0)
(-1.11474 0.239276 0)
(-1.74415 -0.173391 0)
(-1.13214 0.374336 0)
(-1.95539 -0.265152 0)
(-1.86147 0.50354 0)
(-1.87799 -0.158997 0)
(-2.19192 -0.383762 0)
(-1.72348 0.281417 0)
(-1.27754 -0.29759 0)
(-1.89888 0.24051 0)
(-2.11492 0.276522 0)
(-1.17093 -0.0457425 0)
(-1.79304 -0.0729034 0)
(-2.00324 -0.121739 0)
(-1.05436 0.0860473 0)
(-1.03761 0.257185 0)
(-1.91971 -0.284763 0)
(-1.71165 -0.188623 0)
(-1.12521 0.390487 0)
(-1.10215 0.260168 0)
(-1.37833 -0.278267 0)
(-1.51986 0.514695 0)
(-1.41087 0.405816 0)
(-1.56952 -0.488172 0)
(-1.57104 -0.486693 0)
(-1.47556 0.517597 0)
(-1.38152 -0.287011 0)
(-1.3716 0.408323 0)
(-1.8671 -0.153257 0)
(-1.92439 0.50687 0)
(-1.77029 0.284853 0)
(-2.18227 -0.396035 0)
(-1.15971 -0.363675 0)
(-1.7219 0.324509 0)
(-1.88378 0.366979 0)
(-1.0407 -0.145368 0)
(-1.40613 0.363144 0)
(-1.95 -0.115311 0)
(-2.23058 -0.216835 0)
(-1.37703 0.145398 0)
(-1.8037 -0.458041 0)
(-1.85588 0.51045 0)
(-1.57104 -0.206066 0)
(-1.70005 0.37061 0)
(-1.80303 0.122162 0)
(-0.966571 0.0528268 0)
(-2.00386 0.125231 0)
(-1.02672 -0.160364 0)
(-1.47077 -0.170555 0)
(-1.67114 -0.443402 0)
(-1.8237 0.352044 0)
(-2.01008 0.462703 0)
(-2.62612 0.2192 0)
(-1.87548 0.14022 0)
(-2.25114 0.134278 0)
(-2.01343 -0.274038 0)
(-2.31446 0.0687855 0)
(-1.3039 0.154785 0)
(-2.03946 0.078798 0)
(-1.35561 -0.114998 0)
(-1.62893 0.376464 0)
(-2.07123 -0.0715839 0)
(-2.40988 -0.176934 0)
(-1.58848 0.0989517 0)
(-2.62336 0.200476 0)
(-2.24973 0.128912 0)
(-1.85169 0.161503 0)
(-1.97516 -0.244386 0)
(-2.13911 0.373382 0)
(-1.35 -0.0969593 0)
(-1.50271 -0.374348 0)
(-1.92347 0.300272 0)
(-1.58133 -0.0870531 0)
(-1.54646 0.226421 0)
(-2.14146 0.0476992 0)
(-2.47128 0.0248851 0)
(-1.19701 0.351402 0)
(-1.51507 -0.255238 0)
(-1.26223 0.46316 0)
(-1.70335 -0.394244 0)
(-2.30389 0.351827 0)
(-2.36044 -0.0580745 0)
(-2.65754 -0.169473 0)
(-2.81228 0.253861 0)
(-1.7812 -0.425219 0)
(-1.57019 -0.253706 0)
(-1.42889 0.49187 0)
(-1.34126 0.362113 0)
(-1.70331 0.502429 0)
(-1.57083 0.380929 0)
(-1.6969 -0.477174 0)
(-1.48529 -0.244288 0)
(-1.85441 -0.135864 0)
(-1.25797 0.1934 0)
(-2.10167 -0.232297 0)
(-1.2791 0.373544 0)
(-1.01041 0.0276345 0)
(-1.77926 -0.0148146 0)
(-1.98378 -0.0459979 0)
(-0.982133 0.205972 0)
(-1.30154 -0.450608 0)
(-1.14309 -0.231578 0)
(-1.71506 0.4432 0)
(-1.58392 0.379019 0)
(-1.16008 -0.353429 0)
(-1.74156 0.30628 0)
(-1.91173 0.346826 0)
(-1.04632 -0.133356 0)
(-2.41167 -0.826467 0)
(-2.94951 1.34569 0)
(-3.48074 0.548833 0)
(-3.13344 -0.311821 0)
(-1.81165 0.141977 0)
(-0.985613 0.0478662 0)
(-2.01339 0.149454 0)
(-1.04814 -0.172501 0)
(-1.61898 -0.478039 0)
(-1.41789 -0.253193 0)
(-1.50561 0.39355 0)
(-1.6268 0.505551 0)
(-1.19875 0.358772 0)
(-1.80677 -0.14741 0)
(-2.03448 -0.237407 0)
(-1.1827 0.199028 0)
(-1.32422 0.189847 0)
(-1.89073 -0.136857 0)
(-1.35531 0.385953 0)
(-2.155 -0.241873 0)
(-1.69539 -0.182206 0)
(-1.13426 0.402885 0)
(-1.90348 -0.279237 0)
(-1.10997 0.273786 0)
(-1.39235 -0.292282 0)
(-1.46377 0.50157 0)
(-1.5771 -0.488808 0)
(-1.36019 0.394777 0)
(-1.68902 -0.217812 0)
(-1.34538 0.455405 0)
(-1.91451 -0.358807 0)
(-1.28213 0.312038 0)
(-1.75775 0.508192 0)
(-1.54611 -0.231758 0)
(-1.6176 0.374548 0)
(-1.77132 -0.470038 0)
(-1.13586 -0.122106 0)
(-1.07621 0.105507 0)
(-2.12743 0.0997752 0)
(-1.90138 0.101378 0)
(-1.70159 -0.141371 0)
(-3.89025 0.78771 0)
(-2.60087 -0.0660854 0)
(-4.01116 -0.121049 0)
(-1.36356 0.389614 0)
(-1.43105 -0.280489 0)
(-1.62151 -0.472479 0)
(-1.4646 0.50149 0)
(-1.66243 0.392766 0)
(-2.06037 -0.0859442 0)
(-2.40334 -0.205238 0)
(-1.60946 0.116691 0)
(-1.76915 -0.203115 0)
(-1.36239 0.285774 0)
(-1.43117 0.451888 0)
(-2.01637 -0.351499 0)
(-1.87818 0.401437 0)
(-1.71708 0.350324 0)
(-1.22274 -0.420557 0)
(-1.08834 -0.190852 0)
(-1.69445 -0.191511 0)
(-1.90491 -0.297922 0)
(-1.14816 0.279596 0)
(-1.18099 0.410087 0)
(-1.84253 0.0853311 0)
(-2.05393 0.0787147 0)
(-0.976939 0.116435 0)
(-1.02976 -0.0924151 0)
(-1.63646 0.343332 0)
(-1.96257 -0.438711 0)
(-1.70265 -0.209855 0)
(-1.77207 0.512004 0)
(-1.57607 0.504088 0)
(-1.47135 0.356478 0)
(-1.63495 -0.234186 0)
(-1.86898 -0.428497 0)
(-1.63053 0.334289 0)
(-2.01231 -0.422822 0)
(-1.74211 -0.201611 0)
(-1.76075 0.512855 0)
(-1.91382 0.136256 0)
(-1.10134 0.0671814 0)
(-1.17169 -0.170938 0)
(-2.14061 0.143388 0)
(-1.79567 0.484723 0)
(-3.69051 -0.504972 0)
(-2.6649 0.300415 0)
(-3.8462 0.32781 0)
(-4.00056 -0.562438 0)
(-1.61448 0.29202 0)
(-2.55622 0.179061 0)
(-4.07243 0.337347 0)
(-2.30033 0.187814 0)
(-2.03667 0.164607 0)
(-1.31544 0.0609239 0)
(-1.40345 -0.223823 0)
(-2.43236 0.319725 0)
(-1.8057 -0.334011 0)
(-1.64413 0.0187659 0)
(-2.13513 0.226027 0)
(-2.09018 -0.410939 0)
(-1.83257 0.500683 0)
(-1.80316 -0.180586 0)
(-1.69231 0.305857 0)
(-2.54728 -1.18596 0)
(-2.88358 1.49181 0)
(-3.54049 0.677364 0)
(-3.2653 -0.5639 0)
(-1.88217 -0.317643 0)
(-2.16644 0.204268 0)
(-2.47878 0.303824 0)
(-1.71782 0.0498672 0)
(-1.71634 0.150829 0)
(-1.81046 0.433574 0)
(-2.05011 -0.103685 0)
(-2.41423 -0.270066 0)
(-1.25072 -0.244342 0)
(-1.47146 0.400441 0)
(-1.58117 0.485778 0)
(-1.43505 -0.477926 0)
(-1.95931 -0.176853 0)
(-1.05302 0.139514 0)
(-1.04345 0.289141 0)
(-1.75831 -0.114916 0)
(-2.10459 -0.0361146 0)
(-1.60803 0.337073 0)
(-1.58984 0.0471833 0)
(-2.44363 -0.114932 0)
(-2.1009 -0.0515661 0)
(-1.64956 0.36209 0)
(-1.61755 0.071404 0)
(-2.44749 -0.146272 0)
(-1.91123 0.183287 0)
(-2.13519 0.203752 0)
(-1.13487 0.0180362 0)
(-1.2203 -0.228103 0)
(-2.04532 -0.418958 0)
(-1.82228 0.50933 0)
(-1.76744 -0.188033 0)
(-1.68243 0.323296 0)
(-1.91809 0.204365 0)
(-2.14203 0.23104 0)
(-1.2532 -0.254389 0)
(-1.15985 -0.00358628 0)
(-2.06447 -0.377826 0)
(-2.09871 0.237524 0)
(-1.81852 -0.0148447 0)
(-2.38139 0.406792 0)
(-1.77603 0.318833 0)
(-1.75504 -0.171278 0)
(-1.94371 0.503379 0)
(-2.03318 -0.432147 0)
(-1.99836 0.410574 0)
(-1.27493 -0.157517 0)
(-1.43408 -0.413802 0)
(-1.81386 0.338167 0)
(-1.47592 -0.481437 0)
(-1.53789 0.391146 0)
(-1.66209 0.478076 0)
(-1.28059 -0.247232 0)
(-1.80685 -0.0965183 0)
(-1.08444 0.292616 0)
(-1.09498 0.125554 0)
(-2.0231 -0.155508 0)
(-1.2768 -0.313553 0)
(-1.8706 0.259017 0)
(-1.16362 -0.0666683 0)
(-2.0767 0.298127 0)
(-2.37909 0.0562067 0)
(-2.08398 0.069896 0)
(-1.39173 0.177304 0)
(-1.43935 -0.108157 0)
(-2.00066 -0.393565 0)
(-2.06988 0.263413 0)
(-1.76127 -0.0422861 0)
(-2.34013 0.423361 0)
(-1.50105 0.389808 0)
(-1.44677 -0.256951 0)
(-1.64986 -0.479986 0)
(-1.62225 0.50608 0)
(-1.22394 0.376697 0)
(-1.80509 -0.152649 0)
(-2.03649 -0.248902 0)
(-1.20245 0.215683 0)
(-1.75237 0.333741 0)
(-1.22266 -0.377098 0)
(-1.92133 0.381601 0)
(-1.09356 -0.1483 0)
(-1.79111 0.306358 0)
(-1.7989 -0.159421 0)
(-1.9588 0.505151 0)
(-2.09108 -0.418926 0)
(-1.85166 0.110193 0)
(-1.01049 0.075863 0)
(-2.06418 0.111019 0)
(-1.07113 -0.142723 0)
(-2.15699 0.468715 0)
(-1.69603 -0.119991 0)
(-1.94281 -0.427846 0)
(-1.93799 0.309734 0)
(-1.73419 -0.12249 0)
(-1.92763 0.30747 0)
(-1.99518 -0.426277 0)
(-2.14119 0.479344 0)
(-1.62315 -0.262582 0)
(-1.50904 0.0671905 0)
(-2.12857 0.186568 0)
(-2.42503 0.236667 0)
(-1.47684 -0.485466 0)
(-1.49919 0.397096 0)
(-1.61497 0.485566 0)
(-1.28041 -0.247537 0)
(-1.91433 0.416341 0)
(-2.11059 -0.066738 0)
(-2.50962 -0.232419 0)
(-1.81568 0.0975376 0)
(-1.78632 -0.114985 0)
(-1.07603 0.301306 0)
(-1.99644 -0.179068 0)
(-1.08234 0.144521 0)
(-2.32483 0.133636 0)
(-2.0517 0.124194 0)
(-1.39869 -0.17579 0)
(-1.32754 0.107226 0)
(-2.32916 0.166004 0)
(-2.05739 0.147729 0)
(-1.42425 -0.197918 0)
(-1.34249 0.0910373 0)
(-2.0835 0.0687779 0)
(-2.12722 0.00229492 0)
(-2.26428 0.437053 0)
(-2.58108 -0.243028 0)
(-2.37622 0.0210615 0)
(-2.07974 0.0462591 0)
(-1.39337 0.199737 0)
(-1.4299 -0.0813229 0)
(-1.47981 0.0838879 0)
(-2.12194 0.165362 0)
(-2.41922 0.204098 0)
(-1.58048 -0.238288 0)
(-2.19957 0.0367546 0)
(-2.61272 -0.22072 0)
(-2.1371 0.0814341 0)
(-2.43956 0.429257 0)
(-1.60176 0.121879 0)
(-2.50714 0.197036 0)
(-2.17834 0.1522 0)
(-1.70518 -0.230175 0)
(-1.58954 -0.213778 0)
(-2.44925 0.173401 0)
(-2.13945 0.14384 0)
(-1.49985 0.112583 0)
(-1.98875 0.211902 0)
(-2.23118 0.24972 0)
(-1.3942 -0.276227 0)
(-1.28755 -1.36279e-05 0)
(-2.22821 0.0852033 0)
(-2.3364 -0.101986 0)
(-2.49104 0.377368 0)
(-2.7709 -0.102226 0)
(-2.04533 -0.0201048 0)
(-1.01922 0.19496 0)
(-1.05395 0.00207112 0)
(-1.83007 0.00721481 0)
(-1.64737 0.371702 0)
(-1.32826 -0.449276 0)
(-1.7928 0.437805 0)
(-1.16913 -0.221195 0)
(-1.20138 -0.182036 0)
(-1.76203 0.345369 0)
(-1.93405 0.409782 0)
(-1.35251 -0.425922 0)
(-1.13268 -0.0664044 0)
(-1.08523 0.153325 0)
(-2.13167 0.0469244 0)
(-1.90188 0.0608525 0)
(-2.3727 0.35131 0)
(-2.09356 0.249343 0)
(-1.79135 -0.355961 0)
(-1.61811 -0.014797 0)
(-1.7382 0.366884 0)
(-1.90441 0.455593 0)
(-1.51079 -0.451663 0)
(-1.3286 -0.200051 0)
(-2.08642 0.255167 0)
(-2.36679 0.369266 0)
(-1.83922 -0.377222 0)
(-1.65155 -0.0290055 0)
(-1.93229 -0.0151751 0)
(-2.17977 -0.0561959 0)
(-1.18286 0.234755 0)
(-1.20805 0.0168959 0)
(-1.22129 -0.0710165 0)
(-2.12362 0.312654 0)
(-1.90833 0.26563 0)
(-1.34202 -0.331662 0)
(-1.59622 0.030733 0)
(-1.73903 -0.312593 0)
(-2.42534 0.289887 0)
(-2.13021 0.213141 0)
(-3.8697 0.334882 0)
(-1.96703 -0.782909 0)
(-2.79722 -0.438046 0)
(-3.47718 1.22465 0)
(-1.54798 -0.480253 0)
(-1.53048 0.39608 0)
(-1.65349 0.496353 0)
(-1.34822 -0.246287 0)
(-1.1278 0.308946 0)
(-1.79963 -0.326547 0)
(-1.16564 0.41898 0)
(-1.6016 -0.213594 0)
(-1.2505 -0.239657 0)
(-1.42707 0.398985 0)
(-1.52605 0.483402 0)
(-1.45923 -0.484707 0)
(-1.81677 -0.12373 0)
(-1.14111 0.320332 0)
(-1.14088 0.156011 0)
(-2.03945 -0.197165 0)
(-1.93383 -0.20836 0)
(-1.0465 0.162388 0)
(-1.73995 -0.140659 0)
(-1.04351 0.301899 0)
(-1.42494 -0.277204 0)
(-1.35433 0.479126 0)
(-1.26993 0.37385 0)
(-1.60523 -0.444279 0)
(-1.21472 -0.0749514 0)
(-1.95025 0.0542824 0)
(-1.16926 0.15879 0)
(-2.19524 0.0363721 0)
(-2.41041 -0.0173386 0)
(-2.09755 0.0192539 0)
(-1.4784 -0.0310635 0)
(-1.45457 0.254522 0)
(-1.9091 -0.273607 0)
(-1.70616 -0.182451 0)
(-1.07946 0.254054 0)
(-1.09759 0.377152 0)
(-1.56519 0.376888 0)
(-1.59019 -0.236466 0)
(-1.82463 -0.459465 0)
(-1.69279 0.521814 0)
(-1.5392 -0.48877 0)
(-1.36367 0.40819 0)
(-1.35395 -0.287929 0)
(-1.46829 0.515029 0)
(-1.96386 0.464751 0)
(-2.03381 -0.0938683 0)
(-2.41105 -0.303715 0)
(-1.82987 0.176428 0)
(-1.39261 0.418335 0)
(-2.11624 -0.296764 0)
(-1.34249 0.231306 0)
(-1.85404 -0.170369 0)
(-2.48749 -0.286455 0)
(-2.14033 0.120481 0)
(-2.39517 0.445282 0)
(-2.07778 0.0447686 0)
(-2.2912 -0.317772 0)
(-2.01753 0.108282 0)
(-2.22422 0.142225 0)
(-2.57303 0.350977 0)
(-1.88105 -0.137506 0)
(-1.97706 0.501125 0)
(-1.81241 0.275595 0)
(-2.19945 -0.389905 0)
(-1.34546 -0.037002 0)
(-2.24037 0.306911 0)
(-1.47489 -0.326199 0)
(-1.9967 0.249923 0)
(-2.43036 0.0847873 0)
(-1.51189 -0.149232 0)
(-1.45546 0.15938 0)
(-2.12038 0.0880391 0)
(-1.27406 -0.207361 0)
(-2.19685 0.18269 0)
(-1.95861 0.165405 0)
(-1.19129 0.0485149 0)
(-2.29673 0.0784048 0)
(-2.26941 -0.19898 0)
(-2.20918 0.289419 0)
(-2.77539 0.0959256 0)
(-1.97141 0.489977 0)
(-1.95291 -0.1189 0)
(-2.29602 -0.353716 0)
(-1.82053 0.237907 0)
(-2.45308 0.107473 0)
(-1.49308 0.153933 0)
(-1.55842 -0.163591 0)
(-2.1378 0.100287 0)
(-2.30959 0.072392 0)
(-2.33289 -0.190738 0)
(-2.22578 0.301661 0)
(-2.77846 0.13667 0)
(-3.57218 -0.987781 0)
(-1.84091 0.907922 0)
(-2.77477 0.530748 0)
(-3.91629 -0.148592 0)
(-1.43431 -0.036607 0)
(-2.28553 0.324637 0)
(-1.57709 -0.343148 0)
(-2.03036 0.254963 0)
(-1.39598 0.0907808 0)
(-2.083 0.147185 0)
(-2.36664 0.169563 0)
(-1.48071 -0.209046 0)
(-1.79711 0.0314353 0)
(-1.00779 -0.0180056 0)
(-2.00203 0.0120223 0)
(-0.968583 0.169923 0)
(-1.71642 0.449272 0)
(-1.19335 -0.24059 0)
(-1.36437 -0.465884 0)
(-1.58314 0.37861 0)
(-1.80167 -0.0347965 0)
(-1.0205 0.237648 0)
(-2.01336 -0.0721321 0)
(-1.04695 0.0581454 0)
(-1.11001 -0.219953 0)
(-1.7734 0.421298 0)
(-1.63077 0.363929 0)
(-1.25576 -0.440409 0)
(-1.15256 0.317208 0)
(-1.78569 -0.346091 0)
(-1.59019 -0.225021 0)
(-1.19886 0.431437 0)
(-2.2629 0.0438652 0)
(-2.28557 0.372174 0)
(-2.76674 -0.0435598 0)
(-2.23075 -0.0960421 0)
(-1.19244 0.342524 0)
(-1.74187 -0.383867 0)
(-1.25486 0.457301 0)
(-1.54794 -0.248182 0)
(-1.22514 0.362122 0)
(-1.50746 -0.260143 0)
(-1.2965 0.476181 0)
(-1.69788 -0.407877 0)
(-1.25194 0.233427 0)
(-1.28724 0.397809 0)
(-2.04223 -0.278072 0)
(-1.80381 -0.167775 0)
(-1.45665 -0.272592 0)
(-1.34085 0.480549 0)
(-1.64124 -0.433972 0)
(-1.25952 0.371564 0)
(-1.85714 0.508162 0)
(-1.841 -0.458914 0)
(-1.60282 -0.206207 0)
(-1.70053 0.362688 0)
(-1.43966 0.38075 0)
(-1.95025 -0.118741 0)
(-2.23728 -0.226899 0)
(-1.40462 0.160358 0)
(-1.50547 -0.250179 0)
(-1.62091 0.509571 0)
(-1.71762 -0.4667 0)
(-1.50218 0.384122 0)
(-2.1081 -0.000111445 0)
(-1.51749 0.278271 0)
(-1.52746 -0.00933977 0)
(-2.42884 -0.0506202 0)
(-2.22449 0.451042 0)
(-1.70234 -0.0915287 0)
(-1.9413 -0.412865 0)
(-1.98876 0.296755 0)
(-2.271 0.443413 0)
(-1.75389 -0.0683547 0)
(-2.00269 -0.403028 0)
(-2.02175 0.277978 0)
(-1.33534 -0.190054 0)
(-1.25671 0.078005 0)
(-2.00457 0.14577 0)
(-2.25875 0.158766 0)
(-1.024 0.0511169 0)
(-1.78677 -0.0308855 0)
(-1.99385 -0.0661981 0)
(-0.996465 0.227957 0)
(-1.16796 -0.241043 0)
(-1.70284 0.449841 0)
(-1.33524 -0.462019 0)
(-1.57157 0.382206 0)
(-1.91475 -0.437235 0)
(-1.67446 0.509871 0)
(-1.55481 0.351822 0)
(-1.66703 -0.225754 0)
(-1.61237 -0.111075 0)
(-2.18422 0.444408 0)
(-1.95865 0.313375 0)
(-1.82779 -0.419638 0)
(-1.41329 0.260019 0)
(-1.48085 0.446089 0)
(-2.10001 -0.328495 0)
(-1.8337 -0.181582 0)
(-1.92821 0.309183 0)
(-1.9444 -0.0885137 0)
(-2.65676 0.0117992 0)
(-2.23745 0.0419662 0)
(-1.9767 -0.0620044 0)
(-1.98575 0.344824 0)
(-2.67446 -0.0206753 0)
(-2.23905 0.033671 0)
(-2.13352 -0.0122597 0)
(-1.63097 0.316442 0)
(-1.62373 0.0131644 0)
(-2.4788 -0.077871 0)
(-1.69111 0.00286407 0)
(-1.70363 0.322924 0)
(-2.51675 -0.0750471 0)
(-2.15466 -0.00728528 0)
(-2.33491 -0.780982 0)
(-3.59925 0.390506 0)
(-3.04714 -0.350932 0)
(-3.14492 1.17388 0)
(-2.4617 -0.165517 0)
(-2.20985 0.249983 0)
(-2.79176 -0.0704641 0)
(-2.74708 0.347707 0)
(-1.47737 0.328254 0)
(-1.5748 0.494607 0)
(-1.98112 -0.400828 0)
(-1.72832 -0.217011 0)
(-1.68972 -0.0613133 0)
(-2.53188 -0.00513633 0)
(-1.67161 0.271292 0)
(-2.17372 0.030993 0)
(-1.72988 0.364605 0)
(-1.89421 0.446888 0)
(-1.4693 -0.449899 0)
(-1.29363 -0.201704 0)
(-2.57425 -0.232085 0)
(-1.9509 0.0678494 0)
(-2.08228 0.420195 0)
(-2.14135 -0.0352512 0)
(-2.34538 -0.338972 0)
(-2.01318 0.206178 0)
(-1.97668 -0.0407664 0)
(-2.22703 0.482374 0)
(-2.17953 0.431727 0)
(-1.55696 -0.118398 0)
(-1.75819 -0.426994 0)
(-1.95207 0.314633 0)
(-2.15827 -0.039487 0)
(-1.17961 0.00626342 0)
(-1.91712 -0.00378621 0)
(-1.14986 0.220787 0)
(-1.58903 0.488198 0)
(-1.49276 0.31424 0)
(-1.75844 -0.206626 0)
(-2.019 -0.389056 0)
(-2.43624 -0.294907 0)
(-2.12387 0.143722 0)
(-2.37941 0.445839 0)
(-2.04773 0.041282 0)
(-1.22797 0.441467 0)
(-1.60925 -0.225841 0)
(-1.17712 0.32143 0)
(-1.81259 -0.35068 0)
(-1.42108 0.115651 0)
(-1.44485 0.353753 0)
(-1.99827 -0.0897488 0)
(-2.29436 -0.182014 0)
(-1.5917 -0.192655 0)
(-1.94196 0.50141 0)
(-1.76932 0.358837 0)
(-1.82627 -0.459261 0)
(-1.31922 0.386445 0)
(-1.39092 -0.28941 0)
(-1.41643 0.492904 0)
(-1.57151 -0.474064 0)
(-1.48133 -0.272197 0)
(-1.36557 0.484921 0)
(-1.67158 -0.438054 0)
(-1.28127 0.371358 0)
(-1.12904 0.405383 0)
(-1.85362 -0.292047 0)
(-1.6545 -0.192157 0)
(-1.10347 0.28685 0)
(-2.36531 -0.0369123 0)
(-2.06663 0.00587891 0)
(-1.41068 0.251279 0)
(-1.43121 -0.0171097 0)
(-2.52266 0.455466 0)
(-2.27673 -0.0417516 0)
(-2.84168 0.10046 0)
(-2.70049 -0.147246 0)
(-1.42046 0.112553 0)
(-2.10064 0.131697 0)
(-2.39264 0.149764 0)
(-1.49903 -0.191827 0)
(-1.72257 -0.0956722 0)
(-2.55987 0.023983 0)
(-1.6931 0.252224 0)
(-2.19325 0.0477796 0)
(-2.08383 0.123679 0)
(-2.49531 -0.283189 0)
(-2.07398 0.0084958 0)
(-2.30044 0.456764 0)
(-2.02624 0.0557234 0)
(-0.961974 0.134101 0)
(-1.823 0.0659263 0)
(-1.00856 -0.0693736 0)
(-1.83363 0.412908 0)
(-1.68052 0.358159 0)
(-1.08478 -0.20357 0)
(-1.22138 -0.427919 0)
(-1.70641 0.188164 0)
(-2.35182 -0.301554 0)
(-2.00339 -0.121607 0)
(-1.80958 0.451215 0)
(-2.25661 0.0855149 0)
(-2.47466 0.374962 0)
(-2.80177 -0.0595165 0)
(-2.35986 -0.121424 0)
(-2.64472 0.963863 0)
(-3.173 0.0267354 0)
(-2.54442 -0.514249 0)
(-3.16273 0.285601 0)
(-2.09972 0.207132 0)
(-1.4827 0.0317125 0)
(-1.60663 -0.28993 0)
(-2.38319 0.266195 0)
(-2.35191 -0.318325 0)
(-1.7629 0.20496 0)
(-1.88396 0.470452 0)
(-1.99791 -0.117924 0)
(-1.52695 -0.089247 0)
(-2.12712 0.0514515 0)
(-2.44614 0.0305808 0)
(-1.48873 0.213783 0)
(-2.5295 0.407854 0)
(-2.4576 -0.275953 0)
(-2.07565 0.120245 0)
(-2.21382 0.104162 0)
(-2.45788 -0.301689 0)
(-1.95695 0.158627 0)
(-2.05703 -0.0552006 0)
(-2.12785 0.470171 0)
(-1.45578 -0.261556 0)
(-1.5739 0.505283 0)
(-1.65675 -0.474012 0)
(-1.45991 0.388105 0)
(-1.17968 -0.251221 0)
(-1.09019 -0.0161437 0)
(-1.86246 0.210544 0)
(-2.07312 0.235302 0)
(-1.48923 -0.256405 0)
(-1.57385 0.511235 0)
(-1.69665 -0.465134 0)
(-1.46115 0.388167 0)
(-2.48008 0.168639 0)
(-1.64092 -0.208166 0)
(-1.54999 0.127593 0)
(-2.15977 0.137377 0)
(-1.77187 -0.16715 0)
(-1.99768 -0.269993 0)
(-1.19745 0.239425 0)
(-1.22516 0.390401 0)
(-1.22494 0.247219 0)
(-1.77265 -0.177834 0)
(-1.2616 0.40075 0)
(-2.0028 -0.289392 0)
(-1.68165 0.484024 0)
(-1.87557 -0.17178 0)
(-2.17411 -0.355317 0)
(-1.58163 0.271589 0)
(-1.73379 0.48447 0)
(-1.87945 -0.171697 0)
(-2.18404 -0.36627 0)
(-1.62313 0.268845 0)
(-1.74999 -0.185987 0)
(-1.26973 0.419244 0)
(-1.97878 -0.302332 0)
(-1.22851 0.269539 0)
(-1.92044 0.551664 0)
(-3.61408 -0.665615 0)
(-3.82877 0.136157 0)
(-2.77478 0.32152 0)
(-1.80521 -0.408634 0)
(-1.59294 -0.246987 0)
(-1.39343 0.483055 0)
(-1.31248 0.352153 0)
(-1.45409 0.228374 0)
(-2.41957 -0.00125311 0)
(-2.10629 0.0309183 0)
(-1.48169 -0.0641459 0)
(-1.94193 0.279277 0)
(-1.75556 0.249849 0)
(-1.09733 -0.281044 0)
(-1.00455 -0.0691507 0)
(-2.73577 0.021997 0)
(-2.15081 -0.122702 0)
(-2.26402 0.0535568 0)
(-2.14358 0.335891 0)
(-1.02278 0.005503 0)
(-1.80023 0.00547035 0)
(-2.00788 -0.0208618 0)
(-0.989366 0.190894 0)
(-1.75643 0.434454 0)
(-1.14098 -0.224748 0)
(-1.61741 0.37129 0)
(-1.29496 -0.446439 0)
(-1.96091 0.458495 0)
(-1.38467 -0.185036 0)
(-1.5731 -0.44788 0)
(-1.784 0.361339 0)
(-2.23441 -0.0580491 0)
(-1.97293 -0.0138164 0)
(-1.24715 0.240854 0)
(-1.26918 0.00996828 0)
(-2.81762 -0.547886 0)
(-2.3513 0.73049 0)
(-3.32205 0.154075 0)
(-3.03485 0.244426 0)
(-1.86149 0.274524 0)
(-2.04761 0.497312 0)
(-1.86908 -0.131447 0)
(-2.18556 -0.407597 0)
(-2.24252 -0.386368 0)
(-1.9119 -0.106745 0)
(-2.09753 0.488846 0)
(-1.90474 0.250953 0)
(-2.38167 0.443221 0)
(-1.9867 0.0193478 0)
(-2.10533 0.177191 0)
(-2.33878 -0.345146 0)
(-1.83659 -0.274489 0)
(-2.19466 0.170824 0)
(-1.70644 0.0946771 0)
(-2.52488 0.24263 0)
(-2.72428 -0.53695 0)
(-2.40887 0.780935 0)
(-3.27219 0.104422 0)
(-3.0408 0.223117 0)
(-2.1998 0.183018 0)
(-1.89139 -0.296002 0)
(-2.53044 0.272659 0)
(-1.74125 0.0816245 0)
(-2.17596 -0.0145559 0)
(-1.80705 0.00828919 0)
(-2.56876 -0.107507 0)
(-1.84786 0.34886 0)
(-2.18969 -0.0188297 0)
(-2.02675 0.379796 0)
(-1.94135 0.0147184 0)
(-2.62273 -0.159423 0)
(-1.30853 0.441836 0)
(-1.70305 -0.210302 0)
(-1.92811 -0.342517 0)
(-1.25323 0.298519 0)
(-2.20009 -0.00250115 0)
(-2.107 0.381038 0)
(-2.00988 -0.00337139 0)
(-2.65127 -0.150799 0)
(-1.54169 -0.0676732 0)
(-1.71942 -0.389265 0)
(-2.28121 0.383281 0)
(-2.02699 0.282957 0)
(-1.10461 -0.0559563 0)
(-1.8458 0.242615 0)
(-2.04995 0.274509 0)
(-1.20553 -0.292083 0)
(-1.29355 0.200794 0)
(-1.86255 -0.142543 0)
(-2.11594 -0.246627 0)
(-1.32262 0.385558 0)
(-1.52298 -0.238524 0)
(-1.71387 0.504956 0)
(-1.7415 -0.470334 0)
(-1.58098 0.376645 0)
(-2.14766 0.220073 0)
(-2.02158 -0.353034 0)
(-1.80637 0.0259022 0)
(-2.45483 0.364601 0)
(-1.53088 0.445402 0)
(-2.18211 -0.302858 0)
(-1.46518 0.23675 0)
(-1.89455 -0.1591 0)
(-1.57684 0.454609 0)
(-2.16969 -0.32861 0)
(-1.49838 0.248661 0)
(-1.88188 -0.170321 0)
(-1.66 0.253153 0)
(-2.24063 -0.347757 0)
(-1.91915 -0.155337 0)
(-1.7706 0.48506 0)
(-1.96391 0.256735 0)
(-1.77317 0.229467 0)
(-1.09975 -0.265903 0)
(-1.01257 -0.051859 0)
(-1.42567 0.240762 0)
(-1.87421 -0.163439 0)
(-2.15116 -0.302657 0)
(-1.48715 0.439894 0)
(-2.16723 0.208781 0)
(-1.94149 -0.335684 0)
(-1.75995 0.0408176 0)
(-2.48305 0.32411 0)
(-1.60348 0.352778 0)
(-1.66717 -0.220825 0)
(-1.91771 -0.444971 0)
(-1.73346 0.512598 0)
(-2.41599 -0.302267 0)
(-2.16207 0.142012 0)
(-2.44504 0.435881 0)
(-2.03809 0.0626808 0)
(-1.92626 -0.443401 0)
(-2.02331 0.485837 0)
(-1.83585 0.327593 0)
(-1.67703 -0.163323 0)
(-2.23175 -0.0768144 0)
(-1.27576 0.0347191 0)
(-1.25888 0.262251 0)
(-1.96839 -0.0272495 0)
(-1.5986 -0.456986 0)
(-1.40452 -0.194564 0)
(-1.94077 0.463303 0)
(-1.76729 0.362537 0)
(-1.74601 -0.206591 0)
(-1.38486 0.447372 0)
(-1.98451 -0.348571 0)
(-1.32151 0.289987 0)
(-1.60127 -0.243625 0)
(-1.54154 0.501996 0)
(-1.82584 -0.435164 0)
(-1.43947 0.362351 0)
(-2.13568 -0.0986729 0)
(-3.19528 0.595315 0)
(-2.83684 -0.000596499 0)
(-3.32664 -0.125974 0)
(-2.20408 0.427913 0)
(-1.54439 -0.100595 0)
(-1.74209 -0.410634 0)
(-1.97097 0.31279 0)
(-1.8438 0.0317231 0)
(-2.1737 -0.0224947 0)
(-2.57655 -0.13205 0)
(-1.89845 0.377293 0)
(-1.55653 0.366436 0)
(-2.36153 -0.173485 0)
(-1.52544 0.106357 0)
(-2.0418 -0.0756022 0)
(-1.53987 0.207732 0)
(-2.26129 -0.28947 0)
(-1.95226 -0.141422 0)
(-1.61177 0.438622 0)
(-1.15233 0.296369 0)
(-1.86872 -0.316062 0)
(-1.6609 -0.203949 0)
(-1.1904 0.421173 0)
(-1.63453 -0.460621 0)
(-1.44539 -0.278691 0)
(-1.42506 0.494794 0)
(-1.33019 0.382802 0)
(-1.96939 0.283772 0)
(-2.06538 -0.411787 0)
(-1.78947 -0.095668 0)
(-2.19575 0.47127 0)
(-2.06833 -0.401508 0)
(-2.01708 0.274173 0)
(-2.26168 0.459194 0)
(-1.79807 -0.0689223 0)
(-2.11636 0.442256 0)
(-1.90634 0.328655 0)
(-1.52175 -0.136686 0)
(-1.7217 -0.429047 0)
(-2.58898 -0.0335653 0)
(-1.81645 0.315493 0)
(-2.19912 0.0189209 0)
(-1.81379 -0.0406578 0)
(-2.20962 -0.340943 0)
(-2.17614 0.184793 0)
(-1.9364 0.0567143 0)
(-2.49504 0.385379 0)
(-2.15648 0.0160404 0)
(-2.65508 -0.193422 0)
(-2.3319 0.427675 0)
(-2.1628 0.0365893 0)
(-1.72665 -0.162936 0)
(-1.97789 0.508145 0)
(-1.99876 -0.431974 0)
(-1.80258 0.329315 0)
(-2.51708 0.399059 0)
(-2.19531 0.142565 0)
(-2.02618 0.0850799 0)
(-2.35722 -0.318041 0)
(-1.55805 0.139099 0)
(-2.34548 -0.232393 0)
(-2.01876 -0.105719 0)
(-1.61365 0.394717 0)
(-2.20868 -0.353332 0)
(-1.92437 0.0292441 0)
(-2.14382 0.199491 0)
(-2.44345 0.407909 0)
(-2.15556 -0.025755 0)
(-1.73133 0.0329069 0)
(-2.53081 -0.114752 0)
(-1.76327 0.356602 0)
(-3.29299 -0.288312 0)
(-2.04743 0.257288 0)
(-3.37429 0.44543 0)
(-2.79971 0.146009 0)
(-2.73779 -0.624883 0)
(-2.50224 0.957705 0)
(-3.36009 0.0604542 0)
(-3.13023 0.327064 0)
(-2.17783 0.349879 0)
(-1.34448 -0.0734917 0)
(-1.4878 -0.355408 0)
(-1.95186 0.282798 0)
(-2.07617 0.314462 0)
(-1.30909 -0.327798 0)
(-1.87185 0.270427 0)
(-1.1896 -0.0777151 0)
(-2.13783 -0.383315 0)
(-2.3179 0.441915 0)
(-2.05753 0.243157 0)
(-1.85615 -0.0352979 0)
(-2.31455 0.450561 0)
(-2.20375 -0.37668 0)
(-2.05725 0.230552 0)
(-1.89836 -0.030829 0)
(-1.54412 0.176033 0)
(-2.48443 0.0954122 0)
(-2.15652 0.0911615 0)
(-1.60557 -0.152277 0)
(-1.57492 0.208745 0)
(-2.50589 0.0610207 0)
(-1.62289 -0.121786 0)
(-2.1664 0.0697881 0)
(-2.54098 0.0591963 0)
(-1.64354 0.22411 0)
(-1.69031 -0.120443 0)
(-2.18667 0.0673128 0)
(-2.22723 0.166021 0)
(-1.96584 -0.289119 0)
(-2.57736 0.264314 0)
(-1.80973 0.107235 0)
(-2.57761 0.0965471 0)
(-1.67448 0.214967 0)
(-1.7358 -0.14991 0)
(-2.21071 0.0885774 0)
(-1.15742 0.328656 0)
(-1.74864 -0.363564 0)
(-1.21154 0.439936 0)
(-1.55741 -0.238064 0)
(-1.4705 -0.266774 0)
(-1.30075 0.477882 0)
(-1.22617 0.36797 0)
(-1.65467 -0.418167 0)
(-2.60336 -0.0652151 0)
(-1.86664 0.341583 0)
(-1.84513 -0.0185554 0)
(-2.20127 0.0064888 0)
(-3.287 -0.181923 0)
(-2.11331 -0.000805442 0)
(-2.8226 0.02333 0)
(-3.23255 0.530669 0)
(-1.15357 0.0438853 0)
(-1.93438 0.161261 0)
(-2.16561 0.176596 0)
(-1.23287 -0.204225 0)
(-1.34064 -0.461031 0)
(-1.17 -0.244484 0)
(-1.6549 0.455843 0)
(-1.53114 0.385729 0)
(-1.96631 -0.0947824 0)
(-0.990698 0.241668 0)
(-1.01226 0.0703025 0)
(-1.76328 -0.0539548 0)
(-1.33237 -0.222875 0)
(-1.5232 -0.468441 0)
(-1.82308 0.473945 0)
(-1.67172 0.380804 0)
(-1.16389 0.267962 0)
(-1.8982 -0.0529141 0)
(-1.17964 0.0665139 0)
(-2.13942 -0.105237 0)
(-1.35165 -0.212663 0)
(-1.5417 -0.463295 0)
(-1.70859 0.372319 0)
(-1.86832 0.466339 0)
(-1.92214 -0.0383568 0)
(-1.1927 0.261819 0)
(-2.17005 -0.088058 0)
(-1.21096 0.051119 0)
(-1.83395 -0.308142 0)
(-1.12639 0.296849 0)
(-1.63353 -0.201976 0)
(-1.16074 0.414179 0)
(-1.39335 0.485778 0)
(-1.41939 -0.280479 0)
(-1.60112 -0.456852 0)
(-1.30313 0.378632 0)
(-1.70447 -0.450041 0)
(-1.37106 0.376458 0)
(-1.50353 -0.264448 0)
(-1.46828 0.497421 0)
(-2.13798 0.221283 0)
(-2.07209 -0.362007 0)
(-2.43873 0.386712 0)
(-1.83294 0.0149962 0)
(-2.49152 -0.150959 0)
(-1.72963 0.371099 0)
(-1.68656 0.0632153 0)
(-2.12561 -0.0476233 0)
(-2.94861 0.567166 0)
(-2.86136 -0.000629405 0)
(-2.20837 -0.137351 0)
(-3.11604 -0.114452 0)
(-1.86786 -0.244802 0)
(-2.22154 0.14294 0)
(-2.57085 0.20429 0)
(-1.75207 0.135754 0)
(-1.34788 -0.18725 0)
(-1.52906 -0.443936 0)
(-1.76921 0.359934 0)
(-1.94238 0.449902 0)
(-1.21175 0.227098 0)
(-1.95297 -0.00486288 0)
(-2.20561 -0.0444657 0)
(-1.2385 0.00128652 0)
(-1.43468 0.276685 0)
(-1.44006 0.0161327 0)
(-2.05508 -0.023132 0)
(-2.35319 -0.0818111 0)
(-1.85111 0.177523 0)
(-1.05479 0.0118494 0)
(-2.05986 0.194283 0)
(-1.13265 -0.219143 0)
(-1.87166 0.142771 0)
(-2.08743 0.151643 0)
(-1.12392 -0.175795 0)
(-1.05285 0.0545044 0)
(-2.29101 0.128664 0)
(-2.02719 0.122155 0)
(-1.3548 -0.168053 0)
(-1.28448 0.104023 0)
(-1.9321 -0.391916 0)
(-1.71354 -0.0431884 0)
(-2.33986 0.411195 0)
(-2.06862 0.269275 0)
(-1.82393 -0.147639 0)
(-1.23845 0.211598 0)
(-1.26251 0.380881 0)
(-2.06284 -0.246627 0)
(-1.67085 -0.230725 0)
(-1.51431 0.494094 0)
(-1.42179 0.342296 0)
(-1.90751 -0.409245 0)
(-1.68532 -0.475817 0)
(-1.47702 -0.250184 0)
(-1.65447 0.501942 0)
(-1.53005 0.382264 0)
(-1.56218 0.495412 0)
(-1.66498 -0.23232 0)
(-1.46114 0.343406 0)
(-1.90318 -0.421534 0)
(-1.38627 0.118427 0)
(-1.4037 0.348289 0)
(-1.98122 -0.0866824 0)
(-2.26734 -0.173164 0)
(-2.64263 0.263217 0)
(-1.97378 0.152549 0)
(-2.26902 0.131383 0)
(-2.15851 -0.273867 0)
(-2.67366 0.208549 0)
(-1.98782 0.183626 0)
(-2.12957 -0.255585 0)
(-2.27876 0.116159 0)
(-1.74795 0.360581 0)
(-1.55989 -0.201669 0)
(-1.91621 0.494356 0)
(-1.78585 -0.464803 0)
(-1.87965 0.338514 0)
(-2.07833 0.462204 0)
(-1.76071 -0.430779 0)
(-1.54885 -0.146101 0)
(-2.83531 0.0544038 0)
(-2.74667 0.422667 0)
(-2.87908 -0.21102 0)
(-2.22594 -0.0461301 0)
(-2.06856 -0.0437173 0)
(-2.70222 -0.118331 0)
(-2.15424 0.371464 0)
(-2.22815 0.0119557 0)
(-2.04482 -0.0441854 0)
(-2.69578 -0.0846603 0)
(-2.10625 0.370306 0)
(-2.23264 0.0186639 0)
(-1.08827 -0.0884188 0)
(-1.80569 0.275181 0)
(-1.1974 -0.317637 0)
(-1.99641 0.312011 0)
(-1.94467 -0.0861845 0)
(-2.21083 -0.162673 0)
(-1.30584 0.320169 0)
(-1.29935 0.106035 0)
(-1.43882 -0.0110386 0)
(-1.575 -0.320344 0)
(-2.31301 0.307737 0)
(-2.05059 0.242577 0)
(-2.17178 0.107187 0)
(-1.65161 -0.18201 0)
(-2.50482 0.122829 0)
(-1.57897 0.158138 0)
(-2.02746 0.266588 0)
(-1.476 -0.0507216 0)
(-1.63073 -0.360534 0)
(-2.28003 0.346734 0)
(-2.19879 0.0999577 0)
(-1.71234 -0.178051 0)
(-2.54822 0.114781 0)
(-1.64239 0.178151 0)
(-1.52718 -0.303475 0)
(-2.30629 0.285574 0)
(-1.40148 -0.000990718 0)
(-2.04465 0.229689 0)
(-2.34061 0.255881 0)
(-1.54037 -0.285627 0)
(-1.42419 0.0219974 0)
(-2.06866 0.205843 0)
(-2.80372 0.047821 0)
(-3.42732 -0.205751 0)
(-2.04936 0.0630603 0)
(-3.41283 0.542061 0)
(-1.96125 0.251458 0)
(-1.42676 -0.324149 0)
(-2.19325 0.302889 0)
(-1.30202 -0.0480461 0)
(-1.19229 -0.362102 0)
(-1.93736 0.349124 0)
(-1.76292 0.308007 0)
(-1.07406 -0.134951 0)
(-1.83894 0.1393 0)
(-2.04735 0.147114 0)
(-1.00691 0.0551609 0)
(-1.07381 -0.167771 0)
(-2.03084 0.484277 0)
(-1.99149 -0.0982571 0)
(-1.86909 0.2117 0)
(-2.35589 -0.341615 0)
(-1.82431 -0.164419 0)
(-1.75591 0.298717 0)
(-1.91203 0.504659 0)
(-2.12354 -0.411177 0)
(-1.86248 0.49667 0)
(-1.475 -0.212066 0)
(-1.70414 0.378031 0)
(-1.68678 -0.46664 0)
(-1.31864 0.365161 0)
(-1.7361 -0.429449 0)
(-1.53389 -0.259639 0)
(-1.40543 0.487968 0)
(-2.54706 -0.0414253 0)
(-1.72672 -0.0307844 0)
(-1.72682 0.303813 0)
(-2.17819 0.0123017 0)
(-2.09666 0.123909 0)
(-1.05397 0.0729016 0)
(-1.87835 0.120797 0)
(-1.11914 -0.155033 0)
(-1.39748 0.379598 0)
(-1.68231 -0.462235 0)
(-1.50117 0.498138 0)
(-1.48321 -0.267378 0)
(-2.54514 1.25638 0)
(-2.77889 -0.946721 0)
(-3.53887 -0.0890771 0)
(-3.25757 0.533041 0)
(-1.54554 0.506082 0)
(-1.50314 -0.263604 0)
(-1.70991 -0.466563 0)
(-1.43625 0.382239 0)
(-1.98908 -0.10462 0)
(-1.43942 0.142144 0)
(-1.47301 0.379203 0)
(-2.29005 -0.208286 0)
(-1.75072 0.356551 0)
(-1.86737 -0.464127 0)
(-1.62411 -0.199134 0)
(-1.92022 0.507204 0)
(-1.91051 -0.161154 0)
(-1.66993 0.47161 0)
(-2.21677 -0.333917 0)
(-1.57775 0.249373 0)
(-2.31522 0.464605 0)
(-1.96275 -0.0134599 0)
(-2.06451 0.205717 0)
(-2.30974 -0.352143 0)
(-2.33922 -0.354574 0)
(-1.91244 0.217557 0)
(-1.97785 -0.0897234 0)
(-2.09354 0.485954 0)
(-2.40567 -0.320347 0)
(-1.88422 0.186283 0)
(-2.04025 0.474657 0)
(-2.02712 -0.0854833 0)
(-1.95578 -0.424052 0)
(-1.53795 0.342307 0)
(-1.65095 0.507149 0)
(-1.70221 -0.22121 0)
(-1.44015 0.276121 0)
(-1.51564 0.460601 0)
(-2.08517 -0.342473 0)
(-1.81849 -0.186401 0)
(-1.11568 0.300862 0)
(-1.82215 -0.0991587 0)
(-1.12408 0.130715 0)
(-2.04379 -0.162195 0)
(-1.50917 -0.480561 0)
(-1.67988 0.481307 0)
(-1.5529 0.389394 0)
(-1.31279 -0.244331 0)
(-1.49008 0.50289 0)
(-1.54103 -0.259158 0)
(-1.39132 0.374897 0)
(-1.75089 -0.446465 0)
(-1.80489 -0.0970545 0)
(-2.21244 0.0520694 0)
(-1.77321 0.269196 0)
(-2.59519 0.0341293 0)
(-1.90695 0.116397 0)
(-1.08235 0.0838219 0)
(-1.146 -0.149593 0)
(-2.13311 0.118432 0)
(-1.74786 -0.464651 0)
(-1.74948 0.365998 0)
(-1.52788 -0.201149 0)
(-1.91795 0.493206 0)
(-1.72588 -0.4595 0)
(-1.5112 -0.192675 0)
(-1.77443 0.364077 0)
(-1.94911 0.486518 0)
(-1.36025 0.102879 0)
(-2.26075 -0.15867 0)
(-1.37118 0.331744 0)
(-1.97943 -0.0790276 0)
(-2.27438 -0.134436 0)
(-1.35825 0.0778161 0)
(-1.36212 0.311723 0)
(-1.99287 -0.0630482 0)
(-1.82208 0.0364963 0)
(-3.77226 -0.28435 0)
(-2.67681 0.0303827 0)
(-3.73872 0.559743 0)
(-1.55219 0.377962 0)
(-1.77392 -0.464587 0)
(-1.67878 0.512982 0)
(-1.54997 -0.240346 0)
(-2.61092 -0.0021509 0)
(-1.83129 0.295122 0)
(-2.21709 0.0354823 0)
(-1.84329 -0.0744981 0)
(-2.09594 -0.278 0)
(-1.8433 -0.162098 0)
(-1.30538 0.224169 0)
(-1.34565 0.404707 0)
(-1.94922 -0.41987 0)
(-1.49556 0.338889 0)
(-1.60059 0.50075 0)
(-1.69993 -0.226623 0)
(-1.49826 -0.117921 0)
(-2.42701 0.0676799 0)
(-1.44687 0.184144 0)
(-2.11647 0.0757476 0)
(-2.22183 -0.128224 0)
(-1.29106 0.083504 0)
(-1.95572 -0.0626222 0)
(-1.28781 0.303177 0)
(-2.55705 -0.215639 0)
(-1.89021 0.0733546 0)
(-1.99902 0.41243 0)
(-2.13892 -0.0467624 0)
(-1.89349 0.482193 0)
(-1.72906 0.370767 0)
(-1.65568 -0.468559 0)
(-1.44988 -0.209928 0)
(-2.14472 -0.352174 0)
(-2.16756 0.201536 0)
(-1.88944 0.0420341 0)
(-2.48645 0.384738 0)
(-1.93646 -0.303702 0)
(-1.20351 0.279698 0)
(-1.7165 -0.188828 0)
(-1.2435 0.419451 0)
(-2.21541 -0.32488 0)
(-1.54202 0.236745 0)
(-1.91341 -0.162082 0)
(-1.62563 0.456642 0)
(-1.54805 -0.191269 0)
(-2.1278 0.129226 0)
(-2.43423 0.148928 0)
(-1.46845 0.125664 0)
(-2.16179 -0.034822 0)
(-2.58354 -0.185771 0)
(-1.98391 0.38807 0)
(-1.89033 0.0411453 0)
(-2.04072 -0.366057 0)
(-1.43758 0.290991 0)
(-1.51958 0.465884 0)
(-1.78293 -0.20121 0)
(-1.99884 0.00430768 0)
(-2.26745 -0.0350322 0)
(-1.29821 -0.0124809 0)
(-1.27254 0.22984 0)
(-2.01153 0.449503 0)
(-1.82393 0.352399 0)
(-1.58465 -0.442078 0)
(-1.39909 -0.171948 0)
(-1.48038 0.297513 0)
(-2.04618 -0.379264 0)
(-1.78284 -0.203059 0)
(-1.57189 0.475904 0)
(-2.13941 -0.372765 0)
(-2.37924 0.425636 0)
(-2.1004 0.231464 0)
(-1.86585 -0.0102496 0)
(-1.95094 -0.0876915 0)
(-1.32906 0.116761 0)
(-1.33947 0.333473 0)
(-2.22198 -0.168528 0)
(-1.87084 0.492494 0)
(-1.71124 0.369556 0)
(-1.50678 -0.21031 0)
(-1.72246 -0.466104 0)
(-2.23224 0.106099 0)
(-2.06691 0.138717 0)
(-2.43638 -0.271785 0)
(-2.56168 0.398557 0)
(-1.35378 -0.216417 0)
(-1.26984 0.0564976 0)
(-2.26007 0.179617 0)
(-2.00622 0.160646 0)
(-1.93399 -0.0385926 0)
(-2.64796 -0.0585422 0)
(-1.96299 0.348464 0)
(-2.22046 0.0168161 0)
(-1.89188 0.155657 0)
(-1.08039 0.0460453 0)
(-2.11245 0.168127 0)
(-1.15509 -0.190842 0)
(-1.70901 -0.219754 0)
(-1.51838 0.488935 0)
(-1.95341 -0.393865 0)
(-1.429 0.329074 0)
(-1.25257 0.0335918 0)
(-1.34449 -0.235519 0)
(-1.98616 0.183389 0)
(-2.23089 0.20885 0)
(-1.28161 0.023305 0)
(-1.38026 -0.251155 0)
(-1.99336 0.194937 0)
(-2.23949 0.225588 0)
(-2.27833 0.0562084 0)
(-2.1391 0.186899 0)
(-2.64442 0.359217 0)
(-2.50855 -0.255375 0)
(-2.70279 -0.165283 0)
(-2.27207 -0.0381438 0)
(-2.47698 0.392056 0)
(-2.19629 0.0880667 0)
(-1.30332 0.273979 0)
(-2.25643 -0.0918731 0)
(-1.31373 0.0416684 0)
(-1.98517 -0.0360369 0)
(-2.6613 -0.172777 0)
(-2.26883 -0.00767925 0)
(-2.51376 0.411919 0)
(-2.16265 0.126725 0)
(-2.58975 0.0905772 0)
(-2.21838 0.0820387 0)
(-1.80339 -0.146297 0)
(-1.74313 0.2239 0)
(-1.7897 0.244997 0)
(-2.61547 0.0527223 0)
(-2.22581 0.062503 0)
(-1.83001 -0.134305 0)
(-2.14822 -0.0596339 0)
(-2.72959 -0.111026 0)
(-2.2419 0.376825 0)
(-2.23553 0.0241964 0)
(-1.95903 -0.0234078 0)
(-2.21847 0.00812614 0)
(-2.00939 0.367305 0)
(-2.65745 -0.089784 0)
(-1.72458 0.328647 0)
(-1.74067 -0.187429 0)
(-1.87884 0.508991 0)
(-2.01378 -0.434813 0)
(-1.64706 -0.453888 0)
(-1.44623 -0.188414 0)
(-1.78205 0.362157 0)
(-1.95847 0.470471 0)
(-2.28637 -0.374308 0)
(-1.88416 0.240213 0)
(-1.94028 -0.106145 0)
(-2.06628 0.492325 0)
(-1.67593 -0.461227 0)
(-1.46859 -0.196295 0)
(-1.93842 0.477765 0)
(-1.76519 0.36445 0)
(-2.25375 -0.114563 0)
(-1.3221 0.0662343 0)
(-1.3182 0.295795 0)
(-1.97989 -0.05141 0)
(-1.24224 -0.026824 0)
(-1.20711 0.204137 0)
(-1.95987 0.0214851 0)
(-2.21181 -0.00843963 0)
(-1.33086 -0.174964 0)
(-1.50338 -0.434081 0)
(-1.79646 0.346693 0)
(-1.97623 0.429997 0)
(-2.19845 -0.00723925 0)
(-1.91518 0.00349343 0)
(-2.62825 -0.121346 0)
(-1.97883 0.375555 0)
(-2.1702 -0.172106 0)
(-1.27197 0.12134 0)
(-1.91409 -0.0944485 0)
(-1.27838 0.322996 0)
(-2.16028 -0.195326 0)
(-1.27873 0.147625 0)
(-1.29176 0.345397 0)
(-1.90328 -0.109578 0)
(-1.6647 -0.467015 0)
(-1.45571 -0.21918 0)
(-1.81404 0.493164 0)
(-1.66503 0.378595 0)
(-1.69158 -0.472988 0)
(-1.47793 -0.227795 0)
(-1.78761 0.499114 0)
(-1.64212 0.379366 0)
(-2.25183 -0.372272 0)
(-1.83121 0.257436 0)
(-1.99593 0.49819 0)
(-1.91914 -0.121284 0)
(-2.30838 0.474314 0)
(-1.99801 0.000460697 0)
(-2.36578 -0.317602 0)
(-2.07416 0.194532 0)
(-2.24037 0.0495583 0)
(-2.76034 -0.0693253 0)
(-2.33365 0.398661 0)
(-2.24838 -0.07566 0)
(-1.47251 -0.164834 0)
(-1.40712 0.135082 0)
(-2.09748 0.109051 0)
(-2.39212 0.113835 0)
)
;

boundaryField
{
    insideCircle
    {
        type            myHeatFlux;
        alpha           uniform 1;
        Theta_wall      uniform 4;
        value           nonuniform List<vector> 
24
(
(-2.42228 1.6485 0)
(-4.37675 0.155399 0)
(-3.20205 -1.3506 0)
(-3.33517 0.907857 -0)
(-1.6469 -0.199475 0)
(-4.25517 0.800987 0)
(-2.5751 -0.122983 0)
(-4.38249 -0.134356 -0)
(-4.29869 -0.570364 -0)
(-1.55033 0.340395 0)
(-2.51738 0.222968 -0)
(-4.36765 0.344086 0)
(-2.64129 -1.34845 0)
(-3.02273 1.70955 0)
(-3.69669 0.872965 -0)
(-3.32199 -0.778162 0)
(-4.16169 0.480705 -0)
(-1.95612 -0.934496 0)
(-2.80032 -0.593852 0)
(-3.75753 1.39926 0)
(-3.8611 -1.1495 0)
(-1.8255 1.05979 0)
(-2.7887 0.671675 -0)
(-4.17918 -0.340831 0)
)
;
    }
    outsideCircle
    {
        type            myHeatFlux;
        alpha           uniform 1;
        Theta_wall      uniform 1;
        value           nonuniform List<vector> 
124
(
(-1.49361 -0.487032 0)
(-1.30379 -0.272666 -0)
(-1.49005 0.517991 0)
(-1.38745 0.418069 0)
(-1.72974 -0.175619 -0)
(-1.05241 0.215086 0)
(-1.06199 0.342683 0)
(-1.92878 -0.257047 0)
(-1.18478 -0.406058 0)
(-1.70817 0.353963 0)
(-1.05542 -0.181714 -0)
(-1.86656 0.405536 0)
(-1.82167 0.0891559 0)
(-2.02654 0.0855173 0)
(-0.952914 0.0940631 0)
(-1.00317 -0.114749 0)
(-1.95252 0.232057 0)
(-0.982756 -0.0370147 -0)
(-1.06272 -0.245022 0)
(-1.76166 0.209648 0)
(-1.72898 0.289277 0)
(-1.01301 -0.115998 -0)
(-1.90001 0.324326 0)
(-1.11762 -0.327518 0)
(-1.03363 -0.198271 1.00982e-18)
(-0.963031 0.0199652 -4.01895e-19)
(-1.97326 0.175357 5.27824e-18)
(-1.78093 0.163432 -4.76621e-18)
(-1.47005 0.392659 0)
(-1.1931 -0.243217 -0)
(-1.57919 0.465809 0)
(-1.38314 -0.46994 0)
(-1.93468 -0.14827 -5.16389e-18)
(-1.01476 0.115319 7.82502e-19)
(-1.73978 -0.0967483 4.62642e-18)
(-1.00179 0.26677 -1.17515e-18)
(-1.14657 -0.360635 0)
(-1.71422 0.325739 0)
(-1.87508 0.36809 0)
(-1.02882 -0.144535 -0)
(-1.79592 0.122562 -4.80684e-18)
(-0.954987 0.0521075 -1.84466e-19)
(-1.99519 0.125708 5.33667e-18)
(-1.01479 -0.161462 7.71377e-19)
(-1.18203 0.352329 0)
(-1.50267 -0.257906 -0)
(-1.24595 0.461875 0)
(-1.68794 -0.394693 0)
(-0.995266 0.0283531 0)
(-1.76892 -0.0158246 -0)
(-1.97049 -0.0465491 0)
(-0.967591 0.205369 0)
(-1.2862 -0.450292 0)
(-1.13031 -0.234784 -0)
(-1.69955 0.443345 0)
(-1.57006 0.379927 0)
(-1.11583 0.309158 0)
(-1.78262 -0.324842 0)
(-1.15337 0.418202 0)
(-1.59008 -0.214684 -0)
(-1.24603 -0.249217 -0)
(-1.42188 0.405613 0)
(-1.52337 0.492364 0)
(-1.4398 -0.477533 0)
(-1.92446 -0.209212 0)
(-1.03434 0.165164 0)
(-1.73178 -0.142086 -0)
(-1.03035 0.298407 0)
(-1.41571 -0.279792 -0)
(-1.34078 0.477332 0)
(-1.25739 0.37329 0)
(-1.59332 -0.444465 0)
(-1.90701 -0.276801 0)
(-1.70453 -0.186032 -0)
(-1.07076 0.258644 0)
(-1.08882 0.380827 0)
(-1.53421 -0.493562 0)
(-1.3571 0.412332 0)
(-1.34933 -0.293417 -0)
(-1.46131 0.51882 0)
(-1.78763 0.0307011 -0)
(-0.994861 -0.01678 0)
(-1.99036 0.0115309 0)
(-0.956199 0.168788 0)
(-1.09918 -0.222883 -0)
(-1.76117 0.422116 0)
(-1.62076 0.365717 0)
(-1.24339 -0.441126 0)
(-1.30873 0.388149 0)
(-1.38149 -0.291699 -0)
(-1.4037 0.492037 0)
(-1.5603 -0.474443 0)
(-1.11754 0.405266 0)
(-1.84381 -0.293422 0)
(-1.64571 -0.194185 -0)
(-1.09247 0.288606 0)
(-2.02661 0.0557039 0)
(-0.952137 0.1332 0)
(-1.82143 0.0656964 -0)
(-0.998267 -0.0686928 0)
(-1.83004 0.416624 0)
(-1.67774 0.362032 0)
(-1.07696 -0.207682 -0)
(-1.21331 -0.43194 0)
(-1.9346 0.280612 0)
(-1.74954 0.251257 0)
(-1.08506 -0.282028 0)
(-0.993168 -0.0718196 -0)
(-1.1486 0.330398 0)
(-1.73928 -0.364088 0)
(-1.20152 0.439287 0)
(-1.54946 -0.239578 -0)
(-1.46268 -0.268506 -0)
(-1.29108 0.477899 0)
(-1.21761 0.369635 0)
(-1.64537 -0.41862 0)
(-1.33211 -0.463071 0)
(-1.1612 -0.245985 -0)
(-1.64634 0.457192 0)
(-1.5247 0.388424 0)
(-1.95814 -0.095281 -5.22808e-18)
(-0.980855 0.239632 -9.6733e-19)
(-1.00246 0.0723504 5.30755e-19)
(-1.75743 -0.0549001 4.68186e-18)
)
;
    }
    topAndBottom
    {
        type            empty;
    }
}


// ************************************************************************* //
