/*--------------------------------*- C++ -*----------------------------------*\
| =========                 |                                                 |
| \\      /  F ield         | OpenFOAM: The Open Source CFD Toolbox           |
|  \\    /   O peration     | Version:  2.2.0                                 |
|   \\  /    A nd           | Web:      www.OpenFOAM.org                      |
|    \\/     M anipulation  |                                                 |
\*---------------------------------------------------------------------------*/
FoamFile
{
    version     2.0;
    format      ascii;
    class       volScalarField;
    location    "1.1";
    object      Theta;
}
// * * * * * * * * * * * * * * * * * * * * * * * * * * * * * * * * * * * * * //

dimensions      [0 2 -2 0 0 0 0];

internalField   nonuniform List<scalar> 
1600
(
1.96418
1.8415
1.76115
1.70226
1.65215
1.60907
1.57119
1.53743
1.50706
1.47955
1.4545
1.4316
1.41059
1.39127
1.37348
1.35707
1.34192
1.3278
1.31431
1.31643
1.96425
1.84151
1.76115
1.70226
1.65215
1.60907
1.57119
1.53743
1.50706
1.47955
1.4545
1.4316
1.41059
1.39127
1.37348
1.35706
1.34192
1.3278
1.31431
1.31643
1.96426
1.84151
1.76115
1.70226
1.65215
1.60907
1.57119
1.53743
1.50706
1.47955
1.4545
1.4316
1.41059
1.39127
1.37348
1.35706
1.34192
1.3278
1.31431
1.31643
1.96425
1.84152
1.76116
1.70226
1.65215
1.60907
1.57119
1.53743
1.50706
1.47955
1.4545
1.4316
1.41059
1.39127
1.37348
1.35706
1.34192
1.3278
1.31431
1.31643
1.96425
1.84152
1.76116
1.70226
1.65215
1.60907
1.57119
1.53743
1.50706
1.47955
1.4545
1.4316
1.41059
1.39127
1.37348
1.35706
1.34192
1.3278
1.31431
1.31643
1.96424
1.84152
1.76116
1.70226
1.65215
1.60907
1.57119
1.53743
1.50706
1.47955
1.4545
1.4316
1.41059
1.39127
1.37348
1.35706
1.34192
1.3278
1.31431
1.31643
1.96425
1.84152
1.76116
1.70226
1.65215
1.60907
1.57119
1.53743
1.50706
1.47955
1.4545
1.4316
1.41059
1.39127
1.37348
1.35706
1.34192
1.3278
1.31431
1.31643
1.96425
1.84152
1.76116
1.70226
1.65215
1.60907
1.57119
1.53743
1.50706
1.47955
1.4545
1.4316
1.41059
1.39127
1.37348
1.35707
1.34192
1.3278
1.31431
1.31643
1.96425
1.84152
1.76116
1.70227
1.65215
1.60907
1.57119
1.53743
1.50706
1.47955
1.4545
1.4316
1.41059
1.39127
1.37348
1.35707
1.34192
1.3278
1.31431
1.31643
1.96425
1.84152
1.76116
1.70227
1.65215
1.60907
1.57119
1.53743
1.50707
1.47955
1.4545
1.4316
1.41059
1.39127
1.37348
1.35706
1.34192
1.3278
1.31431
1.31643
1.96425
1.84152
1.76116
1.70227
1.65215
1.60907
1.57119
1.53743
1.50707
1.47955
1.4545
1.4316
1.41059
1.39127
1.37348
1.35706
1.34192
1.3278
1.31431
1.31643
1.96425
1.84152
1.76116
1.70227
1.65215
1.60907
1.57119
1.53743
1.50707
1.47955
1.4545
1.4316
1.41059
1.39127
1.37348
1.35706
1.34192
1.3278
1.31431
1.31643
1.96425
1.84152
1.76116
1.70227
1.65215
1.60907
1.57119
1.53743
1.50707
1.47955
1.4545
1.4316
1.41059
1.39127
1.37348
1.35706
1.34192
1.3278
1.31431
1.31643
1.96425
1.84152
1.76116
1.70226
1.65215
1.60907
1.57119
1.53743
1.50707
1.47955
1.4545
1.4316
1.41059
1.39127
1.37348
1.35706
1.34192
1.3278
1.31431
1.31643
1.96425
1.84152
1.76116
1.70226
1.65215
1.60907
1.57119
1.53743
1.50707
1.47955
1.4545
1.4316
1.41059
1.39127
1.37348
1.35706
1.34192
1.3278
1.31431
1.31643
1.96425
1.84152
1.76116
1.70226
1.65215
1.60907
1.57119
1.53743
1.50706
1.47955
1.4545
1.4316
1.41059
1.39127
1.37348
1.35706
1.34192
1.3278
1.31431
1.31643
1.96425
1.84152
1.76116
1.70226
1.65215
1.60907
1.57119
1.53743
1.50706
1.47955
1.4545
1.4316
1.41059
1.39127
1.37348
1.35706
1.34192
1.3278
1.31431
1.31643
1.96425
1.84151
1.76115
1.70226
1.65215
1.60907
1.57119
1.53743
1.50706
1.47955
1.4545
1.4316
1.41059
1.39127
1.37348
1.35706
1.34192
1.3278
1.31431
1.31643
1.96425
1.84151
1.76115
1.70226
1.65215
1.60907
1.57119
1.53743
1.50706
1.47955
1.4545
1.4316
1.41059
1.39127
1.37348
1.35706
1.34192
1.3278
1.31431
1.31643
1.96418
1.8415
1.76115
1.70226
1.65215
1.60907
1.57119
1.53743
1.50706
1.47955
1.4545
1.4316
1.41059
1.39127
1.37348
1.35706
1.34192
1.3278
1.31431
1.31643
1.96418
1.8415
1.76115
1.70226
1.65215
1.60907
1.57119
1.53743
1.50706
1.47955
1.4545
1.4316
1.41059
1.39127
1.37348
1.35706
1.34192
1.3278
1.31431
1.31643
1.96425
1.84151
1.76115
1.70226
1.65215
1.60907
1.57119
1.53743
1.50706
1.47955
1.4545
1.4316
1.41059
1.39127
1.37348
1.35706
1.34192
1.3278
1.31431
1.31643
1.96425
1.84151
1.76115
1.70226
1.65215
1.60907
1.57119
1.53743
1.50706
1.47955
1.4545
1.4316
1.41059
1.39127
1.37348
1.35707
1.34192
1.3278
1.31431
1.31643
1.96425
1.84152
1.76116
1.70226
1.65215
1.60907
1.57119
1.53743
1.50707
1.47955
1.4545
1.4316
1.41059
1.39127
1.37348
1.35707
1.34192
1.3278
1.31431
1.31643
1.96425
1.84152
1.76116
1.70226
1.65215
1.60907
1.57119
1.53743
1.50707
1.47956
1.4545
1.4316
1.41059
1.39127
1.37348
1.35707
1.34192
1.3278
1.31431
1.31643
1.96425
1.84152
1.76116
1.70226
1.65215
1.60907
1.57119
1.53743
1.50707
1.47956
1.4545
1.4316
1.41059
1.39127
1.37348
1.35707
1.34192
1.3278
1.31431
1.31643
1.96425
1.84152
1.76116
1.70226
1.65215
1.60907
1.57119
1.53743
1.50707
1.47956
1.4545
1.4316
1.41059
1.39127
1.37348
1.35707
1.34192
1.3278
1.31431
1.31643
1.96425
1.84152
1.76116
1.70227
1.65215
1.60907
1.57119
1.53743
1.50707
1.47956
1.4545
1.4316
1.41059
1.39127
1.37348
1.35707
1.34192
1.3278
1.31431
1.31643
1.96425
1.84152
1.76116
1.70227
1.65215
1.60907
1.57119
1.53743
1.50707
1.47956
1.4545
1.4316
1.41059
1.39127
1.37348
1.35707
1.34192
1.3278
1.31431
1.31643
1.96425
1.84152
1.76116
1.70227
1.65215
1.60907
1.57119
1.53743
1.50707
1.47956
1.4545
1.4316
1.41059
1.39127
1.37348
1.35707
1.34192
1.3278
1.31431
1.31643
1.96425
1.84152
1.76116
1.70227
1.65215
1.60907
1.57119
1.53743
1.50707
1.47956
1.4545
1.4316
1.41059
1.39127
1.37348
1.35707
1.34192
1.3278
1.31431
1.31643
1.96425
1.84152
1.76116
1.70227
1.65215
1.60907
1.57119
1.53743
1.50707
1.47956
1.4545
1.4316
1.41059
1.39127
1.37348
1.35707
1.34192
1.3278
1.31431
1.31643
1.96425
1.84152
1.76116
1.70227
1.65215
1.60907
1.57119
1.53743
1.50707
1.47956
1.4545
1.4316
1.41059
1.39127
1.37348
1.35707
1.34192
1.3278
1.31431
1.31643
1.96425
1.84152
1.76116
1.70226
1.65215
1.60907
1.57119
1.53743
1.50707
1.47956
1.4545
1.4316
1.41059
1.39127
1.37348
1.35707
1.34192
1.3278
1.31431
1.31643
1.96425
1.84152
1.76116
1.70226
1.65215
1.60907
1.57119
1.53743
1.50707
1.47956
1.4545
1.4316
1.41059
1.39127
1.37348
1.35707
1.34192
1.3278
1.31431
1.31643
1.96425
1.84152
1.76116
1.70226
1.65215
1.60907
1.57119
1.53743
1.50707
1.47956
1.4545
1.4316
1.41059
1.39127
1.37348
1.35707
1.34192
1.3278
1.31431
1.31643
1.96425
1.84151
1.76115
1.70226
1.65215
1.60907
1.57119
1.53743
1.50707
1.47955
1.4545
1.4316
1.41059
1.39127
1.37348
1.35707
1.34192
1.3278
1.31431
1.31643
1.96425
1.84151
1.76115
1.70226
1.65215
1.60907
1.57119
1.53743
1.50706
1.47955
1.4545
1.4316
1.41059
1.39127
1.37348
1.35707
1.34192
1.3278
1.31431
1.31643
1.96425
1.84151
1.76115
1.70226
1.65215
1.60907
1.57119
1.53743
1.50706
1.47955
1.4545
1.4316
1.41059
1.39127
1.37348
1.35707
1.34192
1.3278
1.31431
1.31643
1.96418
1.8415
1.76115
1.70226
1.65215
1.60907
1.57119
1.53743
1.50707
1.47956
1.4545
1.4316
1.41059
1.39127
1.37348
1.35707
1.34192
1.3278
1.31431
1.31643
1.96418
1.8415
1.76115
1.70226
1.65215
1.60907
1.57119
1.53743
1.50707
1.47956
1.4545
1.4316
1.41059
1.39127
1.37348
1.35707
1.34192
1.3278
1.31431
1.31643
1.96425
1.84151
1.76115
1.70226
1.65215
1.60907
1.57119
1.53743
1.50707
1.47956
1.4545
1.4316
1.41059
1.39127
1.37348
1.35707
1.34192
1.3278
1.31431
1.31643
1.96425
1.84151
1.76115
1.70226
1.65215
1.60907
1.57119
1.53743
1.50707
1.47956
1.4545
1.4316
1.41059
1.39127
1.37348
1.35707
1.34192
1.3278
1.31431
1.31643
1.96425
1.84151
1.76116
1.70226
1.65215
1.60907
1.57119
1.53743
1.50707
1.47956
1.4545
1.4316
1.41059
1.39127
1.37348
1.35707
1.34192
1.3278
1.31431
1.31643
1.96425
1.84152
1.76116
1.70226
1.65215
1.60907
1.57119
1.53743
1.50707
1.47956
1.4545
1.4316
1.41059
1.39127
1.37348
1.35707
1.34192
1.3278
1.31431
1.31643
1.96425
1.84152
1.76116
1.70226
1.65215
1.60907
1.57119
1.53743
1.50707
1.47956
1.4545
1.4316
1.41059
1.39127
1.37348
1.35707
1.34192
1.3278
1.31431
1.31643
1.96425
1.84152
1.76116
1.70226
1.65215
1.60907
1.57119
1.53743
1.50707
1.47956
1.4545
1.4316
1.41059
1.39127
1.37348
1.35707
1.34192
1.3278
1.31431
1.31643
1.96425
1.84152
1.76116
1.70227
1.65215
1.60907
1.57119
1.53743
1.50707
1.47956
1.4545
1.4316
1.41059
1.39127
1.37348
1.35707
1.34192
1.3278
1.31431
1.31643
1.96425
1.84152
1.76116
1.70227
1.65215
1.60907
1.57119
1.53743
1.50707
1.47956
1.4545
1.4316
1.41059
1.39127
1.37348
1.35707
1.34192
1.3278
1.31431
1.31643
1.96425
1.84152
1.76116
1.70227
1.65215
1.60907
1.57119
1.53743
1.50707
1.47956
1.4545
1.4316
1.41059
1.39127
1.37348
1.35707
1.34192
1.3278
1.31431
1.31643
1.96425
1.84152
1.76116
1.70227
1.65215
1.60907
1.57119
1.53743
1.50707
1.47956
1.4545
1.4316
1.41059
1.39127
1.37348
1.35707
1.34192
1.3278
1.31431
1.31643
1.96425
1.84152
1.76116
1.70227
1.65215
1.60907
1.57119
1.53743
1.50707
1.47956
1.4545
1.4316
1.41059
1.39127
1.37348
1.35707
1.34192
1.3278
1.31431
1.31643
1.96424
1.84152
1.76116
1.70227
1.65215
1.60907
1.57119
1.53743
1.50707
1.47956
1.4545
1.4316
1.41059
1.39127
1.37348
1.35707
1.34192
1.3278
1.31431
1.31643
1.96424
1.84152
1.76116
1.70226
1.65215
1.60907
1.57119
1.53743
1.50707
1.47956
1.4545
1.4316
1.41059
1.39127
1.37348
1.35707
1.34192
1.3278
1.31431
1.31643
1.96424
1.84152
1.76116
1.70226
1.65215
1.60907
1.57119
1.53743
1.50707
1.47956
1.4545
1.4316
1.41059
1.39127
1.37348
1.35707
1.34192
1.3278
1.31431
1.31643
1.96424
1.84152
1.76116
1.70226
1.65215
1.60907
1.57119
1.53743
1.50707
1.47956
1.4545
1.4316
1.41059
1.39127
1.37348
1.35707
1.34192
1.3278
1.31431
1.31643
1.96425
1.84151
1.76116
1.70226
1.65215
1.60907
1.57119
1.53743
1.50707
1.47956
1.4545
1.4316
1.41059
1.39127
1.37348
1.35707
1.34192
1.3278
1.31431
1.31643
1.96426
1.84151
1.76115
1.70226
1.65215
1.60907
1.57119
1.53743
1.50707
1.47956
1.4545
1.4316
1.41059
1.39127
1.37348
1.35707
1.34192
1.3278
1.31431
1.31643
1.96426
1.84151
1.76115
1.70226
1.65215
1.60907
1.57119
1.53743
1.50707
1.47956
1.4545
1.4316
1.41059
1.39127
1.37348
1.35707
1.34192
1.3278
1.31431
1.31643
1.96419
1.8415
1.76115
1.70226
1.65215
1.60907
1.57119
1.53743
1.50707
1.47956
1.4545
1.4316
1.41059
1.39127
1.37348
1.35707
1.34192
1.3278
1.31431
1.31643
1.96418
1.96425
1.96426
1.96425
1.96424
1.96425
1.96425
1.96425
1.96425
1.96425
1.96425
1.96425
1.96424
1.96424
1.96424
1.96425
1.96425
1.96426
1.96426
1.96418
1.8415
1.84151
1.84151
1.84152
1.84152
1.84152
1.84152
1.84152
1.84152
1.84152
1.84152
1.84152
1.84152
1.84152
1.84152
1.84152
1.84152
1.84151
1.84151
1.8415
1.76115
1.76115
1.76115
1.76116
1.76116
1.76116
1.76116
1.76116
1.76116
1.76116
1.76116
1.76116
1.76116
1.76116
1.76116
1.76116
1.76116
1.76115
1.76115
1.76115
1.70226
1.70226
1.70226
1.70226
1.70226
1.70226
1.70226
1.70226
1.70227
1.70227
1.70227
1.70227
1.70226
1.70226
1.70226
1.70226
1.70226
1.70226
1.70226
1.70226
1.65215
1.65215
1.65215
1.65215
1.65215
1.65215
1.65215
1.65215
1.65215
1.65215
1.65215
1.65215
1.65215
1.65215
1.65215
1.65215
1.65215
1.65215
1.65215
1.65215
1.60907
1.60907
1.60907
1.60907
1.60907
1.60907
1.60907
1.60907
1.60907
1.60907
1.60907
1.60907
1.60907
1.60907
1.60907
1.60907
1.60907
1.60907
1.60907
1.60907
1.57119
1.57119
1.57119
1.57119
1.57119
1.57119
1.57119
1.57119
1.57119
1.57119
1.57119
1.57119
1.57119
1.57119
1.57119
1.57119
1.57119
1.57119
1.57119
1.57119
1.53743
1.53743
1.53743
1.53743
1.53743
1.53743
1.53743
1.53743
1.53743
1.53743
1.53743
1.53743
1.53743
1.53743
1.53743
1.53743
1.53743
1.53743
1.53743
1.53743
1.50706
1.50706
1.50706
1.50707
1.50707
1.50707
1.50707
1.50707
1.50707
1.50707
1.50707
1.50707
1.50707
1.50707
1.50707
1.50707
1.50707
1.50707
1.50707
1.50707
1.47955
1.47955
1.47955
1.47955
1.47955
1.47955
1.47956
1.47956
1.47956
1.47956
1.47956
1.47956
1.47956
1.47956
1.47956
1.47956
1.47956
1.47956
1.47956
1.47956
1.4545
1.4545
1.4545
1.4545
1.4545
1.4545
1.4545
1.4545
1.4545
1.4545
1.4545
1.4545
1.4545
1.4545
1.4545
1.4545
1.4545
1.4545
1.4545
1.4545
1.4316
1.4316
1.4316
1.4316
1.4316
1.4316
1.4316
1.4316
1.4316
1.4316
1.4316
1.4316
1.4316
1.4316
1.4316
1.4316
1.4316
1.4316
1.4316
1.4316
1.41059
1.41059
1.41059
1.41059
1.41059
1.41059
1.41059
1.41059
1.41059
1.41059
1.41059
1.41059
1.41059
1.41059
1.41059
1.41059
1.41059
1.41059
1.41059
1.41059
1.39127
1.39127
1.39127
1.39127
1.39127
1.39127
1.39127
1.39127
1.39127
1.39127
1.39127
1.39127
1.39127
1.39127
1.39127
1.39127
1.39127
1.39127
1.39127
1.39127
1.37348
1.37348
1.37348
1.37348
1.37348
1.37348
1.37348
1.37348
1.37348
1.37348
1.37348
1.37348
1.37348
1.37348
1.37348
1.37348
1.37348
1.37348
1.37348
1.37348
1.35707
1.35707
1.35707
1.35707
1.35707
1.35707
1.35707
1.35707
1.35707
1.35707
1.35707
1.35707
1.35707
1.35707
1.35707
1.35707
1.35707
1.35707
1.35707
1.35707
1.34192
1.34192
1.34192
1.34192
1.34192
1.34192
1.34192
1.34192
1.34192
1.34192
1.34192
1.34192
1.34192
1.34192
1.34192
1.34192
1.34192
1.34192
1.34192
1.34192
1.3278
1.3278
1.3278
1.3278
1.3278
1.3278
1.3278
1.3278
1.3278
1.3278
1.3278
1.3278
1.3278
1.3278
1.3278
1.3278
1.3278
1.3278
1.3278
1.3278
1.31431
1.31431
1.31431
1.31431
1.31431
1.31431
1.31431
1.31431
1.31431
1.31431
1.31431
1.31431
1.31431
1.31431
1.31431
1.31431
1.31431
1.31431
1.31431
1.31431
1.31643
1.31643
1.31643
1.31643
1.31643
1.31643
1.31643
1.31643
1.31643
1.31643
1.31643
1.31643
1.31643
1.31643
1.31643
1.31643
1.31643
1.31643
1.31643
1.31643
)
;

boundaryField
{
    up
    {
        type            myTemperature;
        value           nonuniform List<scalar> 
80
(
1.27778
1.27778
1.27778
1.27778
1.27778
1.27778
1.27778
1.27778
1.27778
1.27778
1.27778
1.27778
1.27778
1.27778
1.27778
1.27778
1.27778
1.27778
1.27778
1.27778
1.27778
1.27778
1.27778
1.27778
1.27778
1.27778
1.27778
1.27778
1.27778
1.27778
1.27778
1.27778
1.27778
1.27778
1.27778
1.27778
1.27778
1.27778
1.27778
1.27778
1.27778
1.27778
1.27778
1.27778
1.27778
1.27778
1.27778
1.27778
1.27778
1.27778
1.27778
1.27778
1.27778
1.27778
1.27778
1.27778
1.27778
1.27778
1.27778
1.27778
1.27778
1.27778
1.27778
1.27778
1.27778
1.27778
1.27778
1.27778
1.27778
1.27778
1.27778
1.27778
1.27778
1.27778
1.27778
1.27778
1.27778
1.27778
1.27778
1.27778
)
;
    }
    hole
    {
        type            myTemperature;
        value           nonuniform List<scalar> 
80
(
1.87743
1.87743
1.87744
1.87744
1.87744
1.87744
1.87744
1.87745
1.87745
1.87745
1.87745
1.87745
1.87745
1.87744
1.87744
1.87744
1.87744
1.87744
1.87743
1.87743
1.87743
1.87743
1.87744
1.87744
1.87744
1.87744
1.87744
1.87744
1.87745
1.87745
1.87745
1.87745
1.87744
1.87744
1.87744
1.87744
1.87744
1.87744
1.87743
1.87743
1.87743
1.87743
1.87744
1.87744
1.87744
1.87744
1.87744
1.87744
1.87744
1.87744
1.87744
1.87744
1.87744
1.87744
1.87744
1.87744
1.87744
1.87744
1.87743
1.87743
1.87743
1.87743
1.87744
1.87744
1.87744
1.87744
1.87744
1.87744
1.87745
1.87745
1.87745
1.87744
1.87744
1.87744
1.87744
1.87744
1.87744
1.87744
1.87743
1.87743
)
;
    }
    frontAndBack
    {
        type            empty;
    }
}


// ************************************************************************* //
