/*--------------------------------*- C++ -*----------------------------------*\
| =========                 |                                                 |
| \\      /  F ield         | foam-extend: Open Source CFD                    |
|  \\    /   O peration     | Version:  3.0                                   |
|   \\  /    A nd           | Web:         http://www.extend-project.de       |
|    \\/     M anipulation  |                                                 |
\*---------------------------------------------------------------------------*/
FoamFile
{
    version     2.0;
    format      ascii;
    class       faceList;
    location    "constant/polyMesh";
    object      faces;
}
// * * * * * * * * * * * * * * * * * * * * * * * * * * * * * * * * * * * * * //


340
(
4(1 6 36 31)
4(5 35 36 6)
4(0 1 31 30)
4(2 7 37 32)
4(6 36 37 7)
4(1 2 32 31)
4(3 8 38 33)
4(7 37 38 8)
4(2 3 33 32)
4(8 38 39 9)
4(3 4 34 33)
4(6 11 41 36)
4(10 40 41 11)
4(7 12 42 37)
4(11 41 42 12)
4(8 13 43 38)
4(12 42 43 13)
4(13 43 44 14)
4(11 16 46 41)
4(15 45 46 16)
4(12 17 47 42)
4(16 46 47 17)
4(13 18 48 43)
4(17 47 48 18)
4(18 48 49 19)
4(16 21 51 46)
4(20 50 51 21)
4(17 22 52 47)
4(21 51 52 22)
4(18 23 53 48)
4(22 52 53 23)
4(23 53 54 24)
4(21 26 56 51)
4(25 55 56 26)
4(22 27 57 52)
4(26 56 57 27)
4(23 28 58 53)
4(27 57 58 28)
4(28 58 59 29)
4(26 61 86 56)
4(60 85 86 61)
4(27 62 87 57)
4(61 86 87 62)
4(28 63 88 58)
4(62 87 88 63)
4(63 88 89 64)
4(61 66 91 86)
4(65 90 91 66)
4(62 67 92 87)
4(66 91 92 67)
4(63 68 93 88)
4(67 92 93 68)
4(68 93 94 69)
4(66 71 96 91)
4(70 95 96 71)
4(67 72 97 92)
4(71 96 97 72)
4(68 73 98 93)
4(72 97 98 73)
4(73 98 99 74)
4(71 76 101 96)
4(75 100 101 76)
4(72 77 102 97)
4(76 101 102 77)
4(73 78 103 98)
4(77 102 103 78)
4(78 103 104 79)
4(76 81 106 101)
4(80 105 106 81)
4(77 82 107 102)
4(81 106 107 82)
4(78 83 108 103)
4(82 107 108 83)
4(83 108 109 84)
4(81 111 136 106)
4(110 135 136 111)
4(82 112 137 107)
4(111 136 137 112)
4(83 113 138 108)
4(112 137 138 113)
4(113 138 139 114)
4(111 116 141 136)
4(115 140 141 116)
4(112 117 142 137)
4(116 141 142 117)
4(113 118 143 138)
4(117 142 143 118)
4(118 143 144 119)
4(116 121 146 141)
4(120 145 146 121)
4(117 122 147 142)
4(121 146 147 122)
4(118 123 148 143)
4(122 147 148 123)
4(123 148 149 124)
4(121 126 151 146)
4(125 150 151 126)
4(122 127 152 147)
4(126 151 152 127)
4(123 128 153 148)
4(127 152 153 128)
4(128 153 154 129)
4(126 131 156 151)
4(130 155 156 131)
4(127 132 157 152)
4(131 156 157 132)
4(128 133 158 153)
4(132 157 158 133)
4(133 158 159 134)
4(131 161 181 156)
4(160 180 181 161)
4(132 162 182 157)
4(161 181 182 162)
4(133 163 183 158)
4(162 182 183 163)
4(163 183 184 164)
4(161 166 186 181)
4(165 185 186 166)
4(162 167 187 182)
4(166 186 187 167)
4(163 168 188 183)
4(167 187 188 168)
4(168 188 189 169)
4(166 171 191 186)
4(170 190 191 171)
4(167 172 192 187)
4(171 191 192 172)
4(168 173 193 188)
4(172 192 193 173)
4(173 193 194 174)
4(171 176 196 191)
4(175 195 196 176)
4(172 177 197 192)
4(176 196 197 177)
4(173 178 198 193)
4(177 197 198 178)
4(178 198 199 179)
4(176 1 31 196)
4(177 2 32 197)
4(178 3 33 198)
4(4 9 39 34)
4(9 14 44 39)
4(14 19 49 44)
4(19 24 54 49)
4(24 29 59 54)
4(29 64 89 59)
4(64 69 94 89)
4(69 74 99 94)
4(74 79 104 99)
4(79 84 109 104)
4(84 114 139 109)
4(114 119 144 139)
4(119 124 149 144)
4(124 129 154 149)
4(129 134 159 154)
4(134 164 184 159)
4(164 169 189 184)
4(169 174 194 189)
4(174 179 199 194)
4(179 4 34 199)
4(0 30 35 5)
4(5 35 40 10)
4(10 40 45 15)
4(15 45 50 20)
4(20 50 55 25)
4(25 55 85 60)
4(60 85 90 65)
4(65 90 95 70)
4(70 95 100 75)
4(75 100 105 80)
4(80 105 135 110)
4(110 135 140 115)
4(115 140 145 120)
4(120 145 150 125)
4(125 150 155 130)
4(130 155 180 160)
4(160 180 185 165)
4(165 185 190 170)
4(170 190 195 175)
4(175 195 30 0)
4(0 5 6 1)
4(5 10 11 6)
4(10 15 16 11)
4(15 20 21 16)
4(20 25 26 21)
4(1 6 7 2)
4(6 11 12 7)
4(11 16 17 12)
4(16 21 22 17)
4(21 26 27 22)
4(2 7 8 3)
4(7 12 13 8)
4(12 17 18 13)
4(17 22 23 18)
4(22 27 28 23)
4(3 8 9 4)
4(8 13 14 9)
4(13 18 19 14)
4(18 23 24 19)
4(23 28 29 24)
4(30 31 36 35)
4(35 36 41 40)
4(40 41 46 45)
4(45 46 51 50)
4(50 51 56 55)
4(31 32 37 36)
4(36 37 42 41)
4(41 42 47 46)
4(46 47 52 51)
4(51 52 57 56)
4(32 33 38 37)
4(37 38 43 42)
4(42 43 48 47)
4(47 48 53 52)
4(52 53 58 57)
4(33 34 39 38)
4(38 39 44 43)
4(43 44 49 48)
4(48 49 54 53)
4(53 54 59 58)
4(25 60 61 26)
4(60 65 66 61)
4(65 70 71 66)
4(70 75 76 71)
4(75 80 81 76)
4(26 61 62 27)
4(61 66 67 62)
4(66 71 72 67)
4(71 76 77 72)
4(76 81 82 77)
4(27 62 63 28)
4(62 67 68 63)
4(67 72 73 68)
4(72 77 78 73)
4(77 82 83 78)
4(28 63 64 29)
4(63 68 69 64)
4(68 73 74 69)
4(73 78 79 74)
4(78 83 84 79)
4(55 56 86 85)
4(85 86 91 90)
4(90 91 96 95)
4(95 96 101 100)
4(100 101 106 105)
4(56 57 87 86)
4(86 87 92 91)
4(91 92 97 96)
4(96 97 102 101)
4(101 102 107 106)
4(57 58 88 87)
4(87 88 93 92)
4(92 93 98 97)
4(97 98 103 102)
4(102 103 108 107)
4(58 59 89 88)
4(88 89 94 93)
4(93 94 99 98)
4(98 99 104 103)
4(103 104 109 108)
4(80 110 111 81)
4(110 115 116 111)
4(115 120 121 116)
4(120 125 126 121)
4(125 130 131 126)
4(81 111 112 82)
4(111 116 117 112)
4(116 121 122 117)
4(121 126 127 122)
4(126 131 132 127)
4(82 112 113 83)
4(112 117 118 113)
4(117 122 123 118)
4(122 127 128 123)
4(127 132 133 128)
4(83 113 114 84)
4(113 118 119 114)
4(118 123 124 119)
4(123 128 129 124)
4(128 133 134 129)
4(105 106 136 135)
4(135 136 141 140)
4(140 141 146 145)
4(145 146 151 150)
4(150 151 156 155)
4(106 107 137 136)
4(136 137 142 141)
4(141 142 147 146)
4(146 147 152 151)
4(151 152 157 156)
4(107 108 138 137)
4(137 138 143 142)
4(142 143 148 147)
4(147 148 153 152)
4(152 153 158 157)
4(108 109 139 138)
4(138 139 144 143)
4(143 144 149 148)
4(148 149 154 153)
4(153 154 159 158)
4(130 160 161 131)
4(160 165 166 161)
4(165 170 171 166)
4(170 175 176 171)
4(175 0 1 176)
4(131 161 162 132)
4(161 166 167 162)
4(166 171 172 167)
4(171 176 177 172)
4(176 1 2 177)
4(132 162 163 133)
4(162 167 168 163)
4(167 172 173 168)
4(172 177 178 173)
4(177 2 3 178)
4(133 163 164 134)
4(163 168 169 164)
4(168 173 174 169)
4(173 178 179 174)
4(178 3 4 179)
4(155 156 181 180)
4(180 181 186 185)
4(185 186 191 190)
4(190 191 196 195)
4(195 196 31 30)
4(156 157 182 181)
4(181 182 187 186)
4(186 187 192 191)
4(191 192 197 196)
4(196 197 32 31)
4(157 158 183 182)
4(182 183 188 187)
4(187 188 193 192)
4(192 193 198 197)
4(197 198 33 32)
4(158 159 184 183)
4(183 184 189 188)
4(188 189 194 193)
4(193 194 199 198)
4(198 199 34 33)
)


// ************************************************************************* //
