/*--------------------------------*- C++ -*----------------------------------*\
| =========                 |                                                 |
| \\      /  F ield         | foam-extend: Open Source CFD                    |
|  \\    /   O peration     | Version:  3.0                                   |
|   \\  /    A nd           | Web:         http://www.extend-project.de       |
|    \\/     M anipulation  |                                                 |
\*---------------------------------------------------------------------------*/
FoamFile
{
    version     2.0;
    format      ascii;
    class       faceList;
    location    "constant/polyMesh";
    object      faces;
}
// * * * * * * * * * * * * * * * * * * * * * * * * * * * * * * * * * * * * * //


1640
(
4(1 12 133 122)
4(11 132 133 12)
4(0 1 122 121)
4(2 13 134 123)
4(12 133 134 13)
4(1 2 123 122)
4(3 14 135 124)
4(13 134 135 14)
4(2 3 124 123)
4(4 15 136 125)
4(14 135 136 15)
4(3 4 125 124)
4(5 16 137 126)
4(15 136 137 16)
4(4 5 126 125)
4(6 17 138 127)
4(16 137 138 17)
4(5 6 127 126)
4(7 18 139 128)
4(17 138 139 18)
4(6 7 128 127)
4(8 19 140 129)
4(18 139 140 19)
4(7 8 129 128)
4(9 20 141 130)
4(19 140 141 20)
4(8 9 130 129)
4(20 141 142 21)
4(9 10 131 130)
4(12 23 144 133)
4(22 143 144 23)
4(13 24 145 134)
4(23 144 145 24)
4(14 25 146 135)
4(24 145 146 25)
4(15 26 147 136)
4(25 146 147 26)
4(16 27 148 137)
4(26 147 148 27)
4(17 28 149 138)
4(27 148 149 28)
4(18 29 150 139)
4(28 149 150 29)
4(19 30 151 140)
4(29 150 151 30)
4(20 31 152 141)
4(30 151 152 31)
4(31 152 153 32)
4(23 34 155 144)
4(33 154 155 34)
4(24 35 156 145)
4(34 155 156 35)
4(25 36 157 146)
4(35 156 157 36)
4(26 37 158 147)
4(36 157 158 37)
4(27 38 159 148)
4(37 158 159 38)
4(28 39 160 149)
4(38 159 160 39)
4(29 40 161 150)
4(39 160 161 40)
4(30 41 162 151)
4(40 161 162 41)
4(31 42 163 152)
4(41 162 163 42)
4(42 163 164 43)
4(34 45 166 155)
4(44 165 166 45)
4(35 46 167 156)
4(45 166 167 46)
4(36 47 168 157)
4(46 167 168 47)
4(37 48 169 158)
4(47 168 169 48)
4(38 49 170 159)
4(48 169 170 49)
4(39 50 171 160)
4(49 170 171 50)
4(40 51 172 161)
4(50 171 172 51)
4(41 52 173 162)
4(51 172 173 52)
4(42 53 174 163)
4(52 173 174 53)
4(53 174 175 54)
4(45 56 177 166)
4(55 176 177 56)
4(46 57 178 167)
4(56 177 178 57)
4(47 58 179 168)
4(57 178 179 58)
4(48 59 180 169)
4(58 179 180 59)
4(49 60 181 170)
4(59 180 181 60)
4(50 61 182 171)
4(60 181 182 61)
4(51 62 183 172)
4(61 182 183 62)
4(52 63 184 173)
4(62 183 184 63)
4(53 64 185 174)
4(63 184 185 64)
4(64 185 186 65)
4(56 67 188 177)
4(66 187 188 67)
4(57 68 189 178)
4(67 188 189 68)
4(58 69 190 179)
4(68 189 190 69)
4(59 70 191 180)
4(69 190 191 70)
4(60 71 192 181)
4(70 191 192 71)
4(61 72 193 182)
4(71 192 193 72)
4(62 73 194 183)
4(72 193 194 73)
4(63 74 195 184)
4(73 194 195 74)
4(64 75 196 185)
4(74 195 196 75)
4(75 196 197 76)
4(67 78 199 188)
4(77 198 199 78)
4(68 79 200 189)
4(78 199 200 79)
4(69 80 201 190)
4(79 200 201 80)
4(70 81 202 191)
4(80 201 202 81)
4(71 82 203 192)
4(81 202 203 82)
4(72 83 204 193)
4(82 203 204 83)
4(73 84 205 194)
4(83 204 205 84)
4(74 85 206 195)
4(84 205 206 85)
4(75 86 207 196)
4(85 206 207 86)
4(86 207 208 87)
4(78 89 210 199)
4(88 209 210 89)
4(79 90 211 200)
4(89 210 211 90)
4(80 91 212 201)
4(90 211 212 91)
4(81 92 213 202)
4(91 212 213 92)
4(82 93 214 203)
4(92 213 214 93)
4(83 94 215 204)
4(93 214 215 94)
4(84 95 216 205)
4(94 215 216 95)
4(85 96 217 206)
4(95 216 217 96)
4(86 97 218 207)
4(96 217 218 97)
4(97 218 219 98)
4(89 100 221 210)
4(99 220 221 100)
4(90 101 222 211)
4(100 221 222 101)
4(91 102 223 212)
4(101 222 223 102)
4(92 103 224 213)
4(102 223 224 103)
4(93 104 225 214)
4(103 224 225 104)
4(94 105 226 215)
4(104 225 226 105)
4(95 106 227 216)
4(105 226 227 106)
4(96 107 228 217)
4(106 227 228 107)
4(97 108 229 218)
4(107 228 229 108)
4(108 229 230 109)
4(100 111 232 221)
4(110 231 232 111)
4(101 112 233 222)
4(111 232 233 112)
4(102 113 234 223)
4(112 233 234 113)
4(103 114 235 224)
4(113 234 235 114)
4(104 115 236 225)
4(114 235 236 115)
4(105 116 237 226)
4(115 236 237 116)
4(106 117 238 227)
4(116 237 238 117)
4(107 118 239 228)
4(117 238 239 118)
4(108 119 240 229)
4(118 239 240 119)
4(119 240 241 120)
4(111 243 353 232)
4(242 352 353 243)
4(112 244 354 233)
4(243 353 354 244)
4(113 245 355 234)
4(244 354 355 245)
4(114 246 356 235)
4(245 355 356 246)
4(115 247 357 236)
4(246 356 357 247)
4(116 248 358 237)
4(247 357 358 248)
4(117 249 359 238)
4(248 358 359 249)
4(118 250 360 239)
4(249 359 360 250)
4(119 251 361 240)
4(250 360 361 251)
4(251 361 362 252)
4(243 254 364 353)
4(253 363 364 254)
4(244 255 365 354)
4(254 364 365 255)
4(245 256 366 355)
4(255 365 366 256)
4(246 257 367 356)
4(256 366 367 257)
4(247 258 368 357)
4(257 367 368 258)
4(248 259 369 358)
4(258 368 369 259)
4(249 260 370 359)
4(259 369 370 260)
4(250 261 371 360)
4(260 370 371 261)
4(251 262 372 361)
4(261 371 372 262)
4(262 372 373 263)
4(254 265 375 364)
4(264 374 375 265)
4(255 266 376 365)
4(265 375 376 266)
4(256 267 377 366)
4(266 376 377 267)
4(257 268 378 367)
4(267 377 378 268)
4(258 269 379 368)
4(268 378 379 269)
4(259 270 380 369)
4(269 379 380 270)
4(260 271 381 370)
4(270 380 381 271)
4(261 272 382 371)
4(271 381 382 272)
4(262 273 383 372)
4(272 382 383 273)
4(273 383 384 274)
4(265 276 386 375)
4(275 385 386 276)
4(266 277 387 376)
4(276 386 387 277)
4(267 278 388 377)
4(277 387 388 278)
4(268 279 389 378)
4(278 388 389 279)
4(269 280 390 379)
4(279 389 390 280)
4(270 281 391 380)
4(280 390 391 281)
4(271 282 392 381)
4(281 391 392 282)
4(272 283 393 382)
4(282 392 393 283)
4(273 284 394 383)
4(283 393 394 284)
4(284 394 395 285)
4(276 287 397 386)
4(286 396 397 287)
4(277 288 398 387)
4(287 397 398 288)
4(278 289 399 388)
4(288 398 399 289)
4(279 290 400 389)
4(289 399 400 290)
4(280 291 401 390)
4(290 400 401 291)
4(281 292 402 391)
4(291 401 402 292)
4(282 293 403 392)
4(292 402 403 293)
4(283 294 404 393)
4(293 403 404 294)
4(284 295 405 394)
4(294 404 405 295)
4(295 405 406 296)
4(287 298 408 397)
4(297 407 408 298)
4(288 299 409 398)
4(298 408 409 299)
4(289 300 410 399)
4(299 409 410 300)
4(290 301 411 400)
4(300 410 411 301)
4(291 302 412 401)
4(301 411 412 302)
4(292 303 413 402)
4(302 412 413 303)
4(293 304 414 403)
4(303 413 414 304)
4(294 305 415 404)
4(304 414 415 305)
4(295 306 416 405)
4(305 415 416 306)
4(306 416 417 307)
4(298 309 419 408)
4(308 418 419 309)
4(299 310 420 409)
4(309 419 420 310)
4(300 311 421 410)
4(310 420 421 311)
4(301 312 422 411)
4(311 421 422 312)
4(302 313 423 412)
4(312 422 423 313)
4(303 314 424 413)
4(313 423 424 314)
4(304 315 425 414)
4(314 424 425 315)
4(305 316 426 415)
4(315 425 426 316)
4(306 317 427 416)
4(316 426 427 317)
4(317 427 428 318)
4(309 320 430 419)
4(319 429 430 320)
4(310 321 431 420)
4(320 430 431 321)
4(311 322 432 421)
4(321 431 432 322)
4(312 323 433 422)
4(322 432 433 323)
4(313 324 434 423)
4(323 433 434 324)
4(314 325 435 424)
4(324 434 435 325)
4(315 326 436 425)
4(325 435 436 326)
4(316 327 437 426)
4(326 436 437 327)
4(317 328 438 427)
4(327 437 438 328)
4(328 438 439 329)
4(320 331 441 430)
4(330 440 441 331)
4(321 332 442 431)
4(331 441 442 332)
4(322 333 443 432)
4(332 442 443 333)
4(323 334 444 433)
4(333 443 444 334)
4(324 335 445 434)
4(334 444 445 335)
4(325 336 446 435)
4(335 445 446 336)
4(326 337 447 436)
4(336 446 447 337)
4(327 338 448 437)
4(337 447 448 338)
4(328 339 449 438)
4(338 448 449 339)
4(339 449 450 340)
4(331 342 452 441)
4(341 451 452 342)
4(332 343 453 442)
4(342 452 453 343)
4(333 344 454 443)
4(343 453 454 344)
4(334 345 455 444)
4(344 454 455 345)
4(335 346 456 445)
4(345 455 456 346)
4(336 347 457 446)
4(346 456 457 347)
4(337 348 458 447)
4(347 457 458 348)
4(338 349 459 448)
4(348 458 459 349)
4(339 350 460 449)
4(349 459 460 350)
4(350 460 461 351)
4(342 463 573 452)
4(462 572 573 463)
4(343 464 574 453)
4(463 573 574 464)
4(344 465 575 454)
4(464 574 575 465)
4(345 466 576 455)
4(465 575 576 466)
4(346 467 577 456)
4(466 576 577 467)
4(347 468 578 457)
4(467 577 578 468)
4(348 469 579 458)
4(468 578 579 469)
4(349 470 580 459)
4(469 579 580 470)
4(350 471 581 460)
4(470 580 581 471)
4(471 581 582 472)
4(463 474 584 573)
4(473 583 584 474)
4(464 475 585 574)
4(474 584 585 475)
4(465 476 586 575)
4(475 585 586 476)
4(466 477 587 576)
4(476 586 587 477)
4(467 478 588 577)
4(477 587 588 478)
4(468 479 589 578)
4(478 588 589 479)
4(469 480 590 579)
4(479 589 590 480)
4(470 481 591 580)
4(480 590 591 481)
4(471 482 592 581)
4(481 591 592 482)
4(482 592 593 483)
4(474 485 595 584)
4(484 594 595 485)
4(475 486 596 585)
4(485 595 596 486)
4(476 487 597 586)
4(486 596 597 487)
4(477 488 598 587)
4(487 597 598 488)
4(478 489 599 588)
4(488 598 599 489)
4(479 490 600 589)
4(489 599 600 490)
4(480 491 601 590)
4(490 600 601 491)
4(481 492 602 591)
4(491 601 602 492)
4(482 493 603 592)
4(492 602 603 493)
4(493 603 604 494)
4(485 496 606 595)
4(495 605 606 496)
4(486 497 607 596)
4(496 606 607 497)
4(487 498 608 597)
4(497 607 608 498)
4(488 499 609 598)
4(498 608 609 499)
4(489 500 610 599)
4(499 609 610 500)
4(490 501 611 600)
4(500 610 611 501)
4(491 502 612 601)
4(501 611 612 502)
4(492 503 613 602)
4(502 612 613 503)
4(493 504 614 603)
4(503 613 614 504)
4(504 614 615 505)
4(496 507 617 606)
4(506 616 617 507)
4(497 508 618 607)
4(507 617 618 508)
4(498 509 619 608)
4(508 618 619 509)
4(499 510 620 609)
4(509 619 620 510)
4(500 511 621 610)
4(510 620 621 511)
4(501 512 622 611)
4(511 621 622 512)
4(502 513 623 612)
4(512 622 623 513)
4(503 514 624 613)
4(513 623 624 514)
4(504 515 625 614)
4(514 624 625 515)
4(515 625 626 516)
4(507 518 628 617)
4(517 627 628 518)
4(508 519 629 618)
4(518 628 629 519)
4(509 520 630 619)
4(519 629 630 520)
4(510 521 631 620)
4(520 630 631 521)
4(511 522 632 621)
4(521 631 632 522)
4(512 523 633 622)
4(522 632 633 523)
4(513 524 634 623)
4(523 633 634 524)
4(514 525 635 624)
4(524 634 635 525)
4(515 526 636 625)
4(525 635 636 526)
4(526 636 637 527)
4(518 529 639 628)
4(528 638 639 529)
4(519 530 640 629)
4(529 639 640 530)
4(520 531 641 630)
4(530 640 641 531)
4(521 532 642 631)
4(531 641 642 532)
4(522 533 643 632)
4(532 642 643 533)
4(523 534 644 633)
4(533 643 644 534)
4(524 535 645 634)
4(534 644 645 535)
4(525 536 646 635)
4(535 645 646 536)
4(526 537 647 636)
4(536 646 647 537)
4(537 647 648 538)
4(529 540 650 639)
4(539 649 650 540)
4(530 541 651 640)
4(540 650 651 541)
4(531 542 652 641)
4(541 651 652 542)
4(532 543 653 642)
4(542 652 653 543)
4(533 544 654 643)
4(543 653 654 544)
4(534 545 655 644)
4(544 654 655 545)
4(535 546 656 645)
4(545 655 656 546)
4(536 547 657 646)
4(546 656 657 547)
4(537 548 658 647)
4(547 657 658 548)
4(548 658 659 549)
4(540 551 661 650)
4(550 660 661 551)
4(541 552 662 651)
4(551 661 662 552)
4(542 553 663 652)
4(552 662 663 553)
4(543 554 664 653)
4(553 663 664 554)
4(544 555 665 654)
4(554 664 665 555)
4(545 556 666 655)
4(555 665 666 556)
4(546 557 667 656)
4(556 666 667 557)
4(547 558 668 657)
4(557 667 668 558)
4(548 559 669 658)
4(558 668 669 559)
4(559 669 670 560)
4(551 562 672 661)
4(561 671 672 562)
4(552 563 673 662)
4(562 672 673 563)
4(553 564 674 663)
4(563 673 674 564)
4(554 565 675 664)
4(564 674 675 565)
4(555 566 676 665)
4(565 675 676 566)
4(556 567 677 666)
4(566 676 677 567)
4(557 568 678 667)
4(567 677 678 568)
4(558 569 679 668)
4(568 678 679 569)
4(559 570 680 669)
4(569 679 680 570)
4(570 680 681 571)
4(562 683 782 672)
4(682 781 782 683)
4(563 684 783 673)
4(683 782 783 684)
4(564 685 784 674)
4(684 783 784 685)
4(565 686 785 675)
4(685 784 785 686)
4(566 687 786 676)
4(686 785 786 687)
4(567 688 787 677)
4(687 786 787 688)
4(568 689 788 678)
4(688 787 788 689)
4(569 690 789 679)
4(689 788 789 690)
4(570 691 790 680)
4(690 789 790 691)
4(691 790 791 692)
4(683 694 793 782)
4(693 792 793 694)
4(684 695 794 783)
4(694 793 794 695)
4(685 696 795 784)
4(695 794 795 696)
4(686 697 796 785)
4(696 795 796 697)
4(687 698 797 786)
4(697 796 797 698)
4(688 699 798 787)
4(698 797 798 699)
4(689 700 799 788)
4(699 798 799 700)
4(690 701 800 789)
4(700 799 800 701)
4(691 702 801 790)
4(701 800 801 702)
4(702 801 802 703)
4(694 705 804 793)
4(704 803 804 705)
4(695 706 805 794)
4(705 804 805 706)
4(696 707 806 795)
4(706 805 806 707)
4(697 708 807 796)
4(707 806 807 708)
4(698 709 808 797)
4(708 807 808 709)
4(699 710 809 798)
4(709 808 809 710)
4(700 711 810 799)
4(710 809 810 711)
4(701 712 811 800)
4(711 810 811 712)
4(702 713 812 801)
4(712 811 812 713)
4(713 812 813 714)
4(705 716 815 804)
4(715 814 815 716)
4(706 717 816 805)
4(716 815 816 717)
4(707 718 817 806)
4(717 816 817 718)
4(708 719 818 807)
4(718 817 818 719)
4(709 720 819 808)
4(719 818 819 720)
4(710 721 820 809)
4(720 819 820 721)
4(711 722 821 810)
4(721 820 821 722)
4(712 723 822 811)
4(722 821 822 723)
4(713 724 823 812)
4(723 822 823 724)
4(724 823 824 725)
4(716 727 826 815)
4(726 825 826 727)
4(717 728 827 816)
4(727 826 827 728)
4(718 729 828 817)
4(728 827 828 729)
4(719 730 829 818)
4(729 828 829 730)
4(720 731 830 819)
4(730 829 830 731)
4(721 732 831 820)
4(731 830 831 732)
4(722 733 832 821)
4(732 831 832 733)
4(723 734 833 822)
4(733 832 833 734)
4(724 735 834 823)
4(734 833 834 735)
4(735 834 835 736)
4(727 738 837 826)
4(737 836 837 738)
4(728 739 838 827)
4(738 837 838 739)
4(729 740 839 828)
4(739 838 839 740)
4(730 741 840 829)
4(740 839 840 741)
4(731 742 841 830)
4(741 840 841 742)
4(732 743 842 831)
4(742 841 842 743)
4(733 744 843 832)
4(743 842 843 744)
4(734 745 844 833)
4(744 843 844 745)
4(735 746 845 834)
4(745 844 845 746)
4(746 845 846 747)
4(738 749 848 837)
4(748 847 848 749)
4(739 750 849 838)
4(749 848 849 750)
4(740 751 850 839)
4(750 849 850 751)
4(741 752 851 840)
4(751 850 851 752)
4(742 753 852 841)
4(752 851 852 753)
4(743 754 853 842)
4(753 852 853 754)
4(744 755 854 843)
4(754 853 854 755)
4(745 756 855 844)
4(755 854 855 756)
4(746 757 856 845)
4(756 855 856 757)
4(757 856 857 758)
4(749 760 859 848)
4(759 858 859 760)
4(750 761 860 849)
4(760 859 860 761)
4(751 762 861 850)
4(761 860 861 762)
4(752 763 862 851)
4(762 861 862 763)
4(753 764 863 852)
4(763 862 863 764)
4(754 765 864 853)
4(764 863 864 765)
4(755 766 865 854)
4(765 864 865 766)
4(756 767 866 855)
4(766 865 866 767)
4(757 768 867 856)
4(767 866 867 768)
4(768 867 868 769)
4(760 771 870 859)
4(770 869 870 771)
4(761 772 871 860)
4(771 870 871 772)
4(762 773 872 861)
4(772 871 872 773)
4(763 774 873 862)
4(773 872 873 774)
4(764 775 874 863)
4(774 873 874 775)
4(765 776 875 864)
4(775 874 875 776)
4(766 777 876 865)
4(776 875 876 777)
4(767 778 877 866)
4(777 876 877 778)
4(768 779 878 867)
4(778 877 878 779)
4(779 878 879 780)
4(771 1 122 870)
4(772 2 123 871)
4(773 3 124 872)
4(774 4 125 873)
4(775 5 126 874)
4(776 6 127 875)
4(777 7 128 876)
4(778 8 129 877)
4(779 9 130 878)
4(10 21 142 131)
4(21 32 153 142)
4(32 43 164 153)
4(43 54 175 164)
4(54 65 186 175)
4(65 76 197 186)
4(76 87 208 197)
4(87 98 219 208)
4(98 109 230 219)
4(109 120 241 230)
4(120 252 362 241)
4(252 263 373 362)
4(263 274 384 373)
4(274 285 395 384)
4(285 296 406 395)
4(296 307 417 406)
4(307 318 428 417)
4(318 329 439 428)
4(329 340 450 439)
4(340 351 461 450)
4(351 472 582 461)
4(472 483 593 582)
4(483 494 604 593)
4(494 505 615 604)
4(505 516 626 615)
4(516 527 637 626)
4(527 538 648 637)
4(538 549 659 648)
4(549 560 670 659)
4(560 571 681 670)
4(571 692 791 681)
4(692 703 802 791)
4(703 714 813 802)
4(714 725 824 813)
4(725 736 835 824)
4(736 747 846 835)
4(747 758 857 846)
4(758 769 868 857)
4(769 780 879 868)
4(780 10 131 879)
4(0 121 132 11)
4(11 132 143 22)
4(22 143 154 33)
4(33 154 165 44)
4(44 165 176 55)
4(55 176 187 66)
4(66 187 198 77)
4(77 198 209 88)
4(88 209 220 99)
4(99 220 231 110)
4(110 231 352 242)
4(242 352 363 253)
4(253 363 374 264)
4(264 374 385 275)
4(275 385 396 286)
4(286 396 407 297)
4(297 407 418 308)
4(308 418 429 319)
4(319 429 440 330)
4(330 440 451 341)
4(341 451 572 462)
4(462 572 583 473)
4(473 583 594 484)
4(484 594 605 495)
4(495 605 616 506)
4(506 616 627 517)
4(517 627 638 528)
4(528 638 649 539)
4(539 649 660 550)
4(550 660 671 561)
4(561 671 781 682)
4(682 781 792 693)
4(693 792 803 704)
4(704 803 814 715)
4(715 814 825 726)
4(726 825 836 737)
4(737 836 847 748)
4(748 847 858 759)
4(759 858 869 770)
4(770 869 121 0)
4(0 11 12 1)
4(11 22 23 12)
4(22 33 34 23)
4(33 44 45 34)
4(44 55 56 45)
4(55 66 67 56)
4(66 77 78 67)
4(77 88 89 78)
4(88 99 100 89)
4(99 110 111 100)
4(1 12 13 2)
4(12 23 24 13)
4(23 34 35 24)
4(34 45 46 35)
4(45 56 57 46)
4(56 67 68 57)
4(67 78 79 68)
4(78 89 90 79)
4(89 100 101 90)
4(100 111 112 101)
4(2 13 14 3)
4(13 24 25 14)
4(24 35 36 25)
4(35 46 47 36)
4(46 57 58 47)
4(57 68 69 58)
4(68 79 80 69)
4(79 90 91 80)
4(90 101 102 91)
4(101 112 113 102)
4(3 14 15 4)
4(14 25 26 15)
4(25 36 37 26)
4(36 47 48 37)
4(47 58 59 48)
4(58 69 70 59)
4(69 80 81 70)
4(80 91 92 81)
4(91 102 103 92)
4(102 113 114 103)
4(4 15 16 5)
4(15 26 27 16)
4(26 37 38 27)
4(37 48 49 38)
4(48 59 60 49)
4(59 70 71 60)
4(70 81 82 71)
4(81 92 93 82)
4(92 103 104 93)
4(103 114 115 104)
4(5 16 17 6)
4(16 27 28 17)
4(27 38 39 28)
4(38 49 50 39)
4(49 60 61 50)
4(60 71 72 61)
4(71 82 83 72)
4(82 93 94 83)
4(93 104 105 94)
4(104 115 116 105)
4(6 17 18 7)
4(17 28 29 18)
4(28 39 40 29)
4(39 50 51 40)
4(50 61 62 51)
4(61 72 73 62)
4(72 83 84 73)
4(83 94 95 84)
4(94 105 106 95)
4(105 116 117 106)
4(7 18 19 8)
4(18 29 30 19)
4(29 40 41 30)
4(40 51 52 41)
4(51 62 63 52)
4(62 73 74 63)
4(73 84 85 74)
4(84 95 96 85)
4(95 106 107 96)
4(106 117 118 107)
4(8 19 20 9)
4(19 30 31 20)
4(30 41 42 31)
4(41 52 53 42)
4(52 63 64 53)
4(63 74 75 64)
4(74 85 86 75)
4(85 96 97 86)
4(96 107 108 97)
4(107 118 119 108)
4(9 20 21 10)
4(20 31 32 21)
4(31 42 43 32)
4(42 53 54 43)
4(53 64 65 54)
4(64 75 76 65)
4(75 86 87 76)
4(86 97 98 87)
4(97 108 109 98)
4(108 119 120 109)
4(121 122 133 132)
4(132 133 144 143)
4(143 144 155 154)
4(154 155 166 165)
4(165 166 177 176)
4(176 177 188 187)
4(187 188 199 198)
4(198 199 210 209)
4(209 210 221 220)
4(220 221 232 231)
4(122 123 134 133)
4(133 134 145 144)
4(144 145 156 155)
4(155 156 167 166)
4(166 167 178 177)
4(177 178 189 188)
4(188 189 200 199)
4(199 200 211 210)
4(210 211 222 221)
4(221 222 233 232)
4(123 124 135 134)
4(134 135 146 145)
4(145 146 157 156)
4(156 157 168 167)
4(167 168 179 178)
4(178 179 190 189)
4(189 190 201 200)
4(200 201 212 211)
4(211 212 223 222)
4(222 223 234 233)
4(124 125 136 135)
4(135 136 147 146)
4(146 147 158 157)
4(157 158 169 168)
4(168 169 180 179)
4(179 180 191 190)
4(190 191 202 201)
4(201 202 213 212)
4(212 213 224 223)
4(223 224 235 234)
4(125 126 137 136)
4(136 137 148 147)
4(147 148 159 158)
4(158 159 170 169)
4(169 170 181 180)
4(180 181 192 191)
4(191 192 203 202)
4(202 203 214 213)
4(213 214 225 224)
4(224 225 236 235)
4(126 127 138 137)
4(137 138 149 148)
4(148 149 160 159)
4(159 160 171 170)
4(170 171 182 181)
4(181 182 193 192)
4(192 193 204 203)
4(203 204 215 214)
4(214 215 226 225)
4(225 226 237 236)
4(127 128 139 138)
4(138 139 150 149)
4(149 150 161 160)
4(160 161 172 171)
4(171 172 183 182)
4(182 183 194 193)
4(193 194 205 204)
4(204 205 216 215)
4(215 216 227 226)
4(226 227 238 237)
4(128 129 140 139)
4(139 140 151 150)
4(150 151 162 161)
4(161 162 173 172)
4(172 173 184 183)
4(183 184 195 194)
4(194 195 206 205)
4(205 206 217 216)
4(216 217 228 227)
4(227 228 239 238)
4(129 130 141 140)
4(140 141 152 151)
4(151 152 163 162)
4(162 163 174 173)
4(173 174 185 184)
4(184 185 196 195)
4(195 196 207 206)
4(206 207 218 217)
4(217 218 229 228)
4(228 229 240 239)
4(130 131 142 141)
4(141 142 153 152)
4(152 153 164 163)
4(163 164 175 174)
4(174 175 186 185)
4(185 186 197 196)
4(196 197 208 207)
4(207 208 219 218)
4(218 219 230 229)
4(229 230 241 240)
4(110 242 243 111)
4(242 253 254 243)
4(253 264 265 254)
4(264 275 276 265)
4(275 286 287 276)
4(286 297 298 287)
4(297 308 309 298)
4(308 319 320 309)
4(319 330 331 320)
4(330 341 342 331)
4(111 243 244 112)
4(243 254 255 244)
4(254 265 266 255)
4(265 276 277 266)
4(276 287 288 277)
4(287 298 299 288)
4(298 309 310 299)
4(309 320 321 310)
4(320 331 332 321)
4(331 342 343 332)
4(112 244 245 113)
4(244 255 256 245)
4(255 266 267 256)
4(266 277 278 267)
4(277 288 289 278)
4(288 299 300 289)
4(299 310 311 300)
4(310 321 322 311)
4(321 332 333 322)
4(332 343 344 333)
4(113 245 246 114)
4(245 256 257 246)
4(256 267 268 257)
4(267 278 279 268)
4(278 289 290 279)
4(289 300 301 290)
4(300 311 312 301)
4(311 322 323 312)
4(322 333 334 323)
4(333 344 345 334)
4(114 246 247 115)
4(246 257 258 247)
4(257 268 269 258)
4(268 279 280 269)
4(279 290 291 280)
4(290 301 302 291)
4(301 312 313 302)
4(312 323 324 313)
4(323 334 335 324)
4(334 345 346 335)
4(115 247 248 116)
4(247 258 259 248)
4(258 269 270 259)
4(269 280 281 270)
4(280 291 292 281)
4(291 302 303 292)
4(302 313 314 303)
4(313 324 325 314)
4(324 335 336 325)
4(335 346 347 336)
4(116 248 249 117)
4(248 259 260 249)
4(259 270 271 260)
4(270 281 282 271)
4(281 292 293 282)
4(292 303 304 293)
4(303 314 315 304)
4(314 325 326 315)
4(325 336 337 326)
4(336 347 348 337)
4(117 249 250 118)
4(249 260 261 250)
4(260 271 272 261)
4(271 282 283 272)
4(282 293 294 283)
4(293 304 305 294)
4(304 315 316 305)
4(315 326 327 316)
4(326 337 338 327)
4(337 348 349 338)
4(118 250 251 119)
4(250 261 262 251)
4(261 272 273 262)
4(272 283 284 273)
4(283 294 295 284)
4(294 305 306 295)
4(305 316 317 306)
4(316 327 328 317)
4(327 338 339 328)
4(338 349 350 339)
4(119 251 252 120)
4(251 262 263 252)
4(262 273 274 263)
4(273 284 285 274)
4(284 295 296 285)
4(295 306 307 296)
4(306 317 318 307)
4(317 328 329 318)
4(328 339 340 329)
4(339 350 351 340)
4(231 232 353 352)
4(352 353 364 363)
4(363 364 375 374)
4(374 375 386 385)
4(385 386 397 396)
4(396 397 408 407)
4(407 408 419 418)
4(418 419 430 429)
4(429 430 441 440)
4(440 441 452 451)
4(232 233 354 353)
4(353 354 365 364)
4(364 365 376 375)
4(375 376 387 386)
4(386 387 398 397)
4(397 398 409 408)
4(408 409 420 419)
4(419 420 431 430)
4(430 431 442 441)
4(441 442 453 452)
4(233 234 355 354)
4(354 355 366 365)
4(365 366 377 376)
4(376 377 388 387)
4(387 388 399 398)
4(398 399 410 409)
4(409 410 421 420)
4(420 421 432 431)
4(431 432 443 442)
4(442 443 454 453)
4(234 235 356 355)
4(355 356 367 366)
4(366 367 378 377)
4(377 378 389 388)
4(388 389 400 399)
4(399 400 411 410)
4(410 411 422 421)
4(421 422 433 432)
4(432 433 444 443)
4(443 444 455 454)
4(235 236 357 356)
4(356 357 368 367)
4(367 368 379 378)
4(378 379 390 389)
4(389 390 401 400)
4(400 401 412 411)
4(411 412 423 422)
4(422 423 434 433)
4(433 434 445 444)
4(444 445 456 455)
4(236 237 358 357)
4(357 358 369 368)
4(368 369 380 379)
4(379 380 391 390)
4(390 391 402 401)
4(401 402 413 412)
4(412 413 424 423)
4(423 424 435 434)
4(434 435 446 445)
4(445 446 457 456)
4(237 238 359 358)
4(358 359 370 369)
4(369 370 381 380)
4(380 381 392 391)
4(391 392 403 402)
4(402 403 414 413)
4(413 414 425 424)
4(424 425 436 435)
4(435 436 447 446)
4(446 447 458 457)
4(238 239 360 359)
4(359 360 371 370)
4(370 371 382 381)
4(381 382 393 392)
4(392 393 404 403)
4(403 404 415 414)
4(414 415 426 425)
4(425 426 437 436)
4(436 437 448 447)
4(447 448 459 458)
4(239 240 361 360)
4(360 361 372 371)
4(371 372 383 382)
4(382 383 394 393)
4(393 394 405 404)
4(404 405 416 415)
4(415 416 427 426)
4(426 427 438 437)
4(437 438 449 448)
4(448 449 460 459)
4(240 241 362 361)
4(361 362 373 372)
4(372 373 384 383)
4(383 384 395 394)
4(394 395 406 405)
4(405 406 417 416)
4(416 417 428 427)
4(427 428 439 438)
4(438 439 450 449)
4(449 450 461 460)
4(341 462 463 342)
4(462 473 474 463)
4(473 484 485 474)
4(484 495 496 485)
4(495 506 507 496)
4(506 517 518 507)
4(517 528 529 518)
4(528 539 540 529)
4(539 550 551 540)
4(550 561 562 551)
4(342 463 464 343)
4(463 474 475 464)
4(474 485 486 475)
4(485 496 497 486)
4(496 507 508 497)
4(507 518 519 508)
4(518 529 530 519)
4(529 540 541 530)
4(540 551 552 541)
4(551 562 563 552)
4(343 464 465 344)
4(464 475 476 465)
4(475 486 487 476)
4(486 497 498 487)
4(497 508 509 498)
4(508 519 520 509)
4(519 530 531 520)
4(530 541 542 531)
4(541 552 553 542)
4(552 563 564 553)
4(344 465 466 345)
4(465 476 477 466)
4(476 487 488 477)
4(487 498 499 488)
4(498 509 510 499)
4(509 520 521 510)
4(520 531 532 521)
4(531 542 543 532)
4(542 553 554 543)
4(553 564 565 554)
4(345 466 467 346)
4(466 477 478 467)
4(477 488 489 478)
4(488 499 500 489)
4(499 510 511 500)
4(510 521 522 511)
4(521 532 533 522)
4(532 543 544 533)
4(543 554 555 544)
4(554 565 566 555)
4(346 467 468 347)
4(467 478 479 468)
4(478 489 490 479)
4(489 500 501 490)
4(500 511 512 501)
4(511 522 523 512)
4(522 533 534 523)
4(533 544 545 534)
4(544 555 556 545)
4(555 566 567 556)
4(347 468 469 348)
4(468 479 480 469)
4(479 490 491 480)
4(490 501 502 491)
4(501 512 513 502)
4(512 523 524 513)
4(523 534 535 524)
4(534 545 546 535)
4(545 556 557 546)
4(556 567 568 557)
4(348 469 470 349)
4(469 480 481 470)
4(480 491 492 481)
4(491 502 503 492)
4(502 513 514 503)
4(513 524 525 514)
4(524 535 536 525)
4(535 546 547 536)
4(546 557 558 547)
4(557 568 569 558)
4(349 470 471 350)
4(470 481 482 471)
4(481 492 493 482)
4(492 503 504 493)
4(503 514 515 504)
4(514 525 526 515)
4(525 536 537 526)
4(536 547 548 537)
4(547 558 559 548)
4(558 569 570 559)
4(350 471 472 351)
4(471 482 483 472)
4(482 493 494 483)
4(493 504 505 494)
4(504 515 516 505)
4(515 526 527 516)
4(526 537 538 527)
4(537 548 549 538)
4(548 559 560 549)
4(559 570 571 560)
4(451 452 573 572)
4(572 573 584 583)
4(583 584 595 594)
4(594 595 606 605)
4(605 606 617 616)
4(616 617 628 627)
4(627 628 639 638)
4(638 639 650 649)
4(649 650 661 660)
4(660 661 672 671)
4(452 453 574 573)
4(573 574 585 584)
4(584 585 596 595)
4(595 596 607 606)
4(606 607 618 617)
4(617 618 629 628)
4(628 629 640 639)
4(639 640 651 650)
4(650 651 662 661)
4(661 662 673 672)
4(453 454 575 574)
4(574 575 586 585)
4(585 586 597 596)
4(596 597 608 607)
4(607 608 619 618)
4(618 619 630 629)
4(629 630 641 640)
4(640 641 652 651)
4(651 652 663 662)
4(662 663 674 673)
4(454 455 576 575)
4(575 576 587 586)
4(586 587 598 597)
4(597 598 609 608)
4(608 609 620 619)
4(619 620 631 630)
4(630 631 642 641)
4(641 642 653 652)
4(652 653 664 663)
4(663 664 675 674)
4(455 456 577 576)
4(576 577 588 587)
4(587 588 599 598)
4(598 599 610 609)
4(609 610 621 620)
4(620 621 632 631)
4(631 632 643 642)
4(642 643 654 653)
4(653 654 665 664)
4(664 665 676 675)
4(456 457 578 577)
4(577 578 589 588)
4(588 589 600 599)
4(599 600 611 610)
4(610 611 622 621)
4(621 622 633 632)
4(632 633 644 643)
4(643 644 655 654)
4(654 655 666 665)
4(665 666 677 676)
4(457 458 579 578)
4(578 579 590 589)
4(589 590 601 600)
4(600 601 612 611)
4(611 612 623 622)
4(622 623 634 633)
4(633 634 645 644)
4(644 645 656 655)
4(655 656 667 666)
4(666 667 678 677)
4(458 459 580 579)
4(579 580 591 590)
4(590 591 602 601)
4(601 602 613 612)
4(612 613 624 623)
4(623 624 635 634)
4(634 635 646 645)
4(645 646 657 656)
4(656 657 668 667)
4(667 668 679 678)
4(459 460 581 580)
4(580 581 592 591)
4(591 592 603 602)
4(602 603 614 613)
4(613 614 625 624)
4(624 625 636 635)
4(635 636 647 646)
4(646 647 658 657)
4(657 658 669 668)
4(668 669 680 679)
4(460 461 582 581)
4(581 582 593 592)
4(592 593 604 603)
4(603 604 615 614)
4(614 615 626 625)
4(625 626 637 636)
4(636 637 648 647)
4(647 648 659 658)
4(658 659 670 669)
4(669 670 681 680)
4(561 682 683 562)
4(682 693 694 683)
4(693 704 705 694)
4(704 715 716 705)
4(715 726 727 716)
4(726 737 738 727)
4(737 748 749 738)
4(748 759 760 749)
4(759 770 771 760)
4(770 0 1 771)
4(562 683 684 563)
4(683 694 695 684)
4(694 705 706 695)
4(705 716 717 706)
4(716 727 728 717)
4(727 738 739 728)
4(738 749 750 739)
4(749 760 761 750)
4(760 771 772 761)
4(771 1 2 772)
4(563 684 685 564)
4(684 695 696 685)
4(695 706 707 696)
4(706 717 718 707)
4(717 728 729 718)
4(728 739 740 729)
4(739 750 751 740)
4(750 761 762 751)
4(761 772 773 762)
4(772 2 3 773)
4(564 685 686 565)
4(685 696 697 686)
4(696 707 708 697)
4(707 718 719 708)
4(718 729 730 719)
4(729 740 741 730)
4(740 751 752 741)
4(751 762 763 752)
4(762 773 774 763)
4(773 3 4 774)
4(565 686 687 566)
4(686 697 698 687)
4(697 708 709 698)
4(708 719 720 709)
4(719 730 731 720)
4(730 741 742 731)
4(741 752 753 742)
4(752 763 764 753)
4(763 774 775 764)
4(774 4 5 775)
4(566 687 688 567)
4(687 698 699 688)
4(698 709 710 699)
4(709 720 721 710)
4(720 731 732 721)
4(731 742 743 732)
4(742 753 754 743)
4(753 764 765 754)
4(764 775 776 765)
4(775 5 6 776)
4(567 688 689 568)
4(688 699 700 689)
4(699 710 711 700)
4(710 721 722 711)
4(721 732 733 722)
4(732 743 744 733)
4(743 754 755 744)
4(754 765 766 755)
4(765 776 777 766)
4(776 6 7 777)
4(568 689 690 569)
4(689 700 701 690)
4(700 711 712 701)
4(711 722 723 712)
4(722 733 734 723)
4(733 744 745 734)
4(744 755 756 745)
4(755 766 767 756)
4(766 777 778 767)
4(777 7 8 778)
4(569 690 691 570)
4(690 701 702 691)
4(701 712 713 702)
4(712 723 724 713)
4(723 734 735 724)
4(734 745 746 735)
4(745 756 757 746)
4(756 767 768 757)
4(767 778 779 768)
4(778 8 9 779)
4(570 691 692 571)
4(691 702 703 692)
4(702 713 714 703)
4(713 724 725 714)
4(724 735 736 725)
4(735 746 747 736)
4(746 757 758 747)
4(757 768 769 758)
4(768 779 780 769)
4(779 9 10 780)
4(671 672 782 781)
4(781 782 793 792)
4(792 793 804 803)
4(803 804 815 814)
4(814 815 826 825)
4(825 826 837 836)
4(836 837 848 847)
4(847 848 859 858)
4(858 859 870 869)
4(869 870 122 121)
4(672 673 783 782)
4(782 783 794 793)
4(793 794 805 804)
4(804 805 816 815)
4(815 816 827 826)
4(826 827 838 837)
4(837 838 849 848)
4(848 849 860 859)
4(859 860 871 870)
4(870 871 123 122)
4(673 674 784 783)
4(783 784 795 794)
4(794 795 806 805)
4(805 806 817 816)
4(816 817 828 827)
4(827 828 839 838)
4(838 839 850 849)
4(849 850 861 860)
4(860 861 872 871)
4(871 872 124 123)
4(674 675 785 784)
4(784 785 796 795)
4(795 796 807 806)
4(806 807 818 817)
4(817 818 829 828)
4(828 829 840 839)
4(839 840 851 850)
4(850 851 862 861)
4(861 862 873 872)
4(872 873 125 124)
4(675 676 786 785)
4(785 786 797 796)
4(796 797 808 807)
4(807 808 819 818)
4(818 819 830 829)
4(829 830 841 840)
4(840 841 852 851)
4(851 852 863 862)
4(862 863 874 873)
4(873 874 126 125)
4(676 677 787 786)
4(786 787 798 797)
4(797 798 809 808)
4(808 809 820 819)
4(819 820 831 830)
4(830 831 842 841)
4(841 842 853 852)
4(852 853 864 863)
4(863 864 875 874)
4(874 875 127 126)
4(677 678 788 787)
4(787 788 799 798)
4(798 799 810 809)
4(809 810 821 820)
4(820 821 832 831)
4(831 832 843 842)
4(842 843 854 853)
4(853 854 865 864)
4(864 865 876 875)
4(875 876 128 127)
4(678 679 789 788)
4(788 789 800 799)
4(799 800 811 810)
4(810 811 822 821)
4(821 822 833 832)
4(832 833 844 843)
4(843 844 855 854)
4(854 855 866 865)
4(865 866 877 876)
4(876 877 129 128)
4(679 680 790 789)
4(789 790 801 800)
4(800 801 812 811)
4(811 812 823 822)
4(822 823 834 833)
4(833 834 845 844)
4(844 845 856 855)
4(855 856 867 866)
4(866 867 878 877)
4(877 878 130 129)
4(680 681 791 790)
4(790 791 802 801)
4(801 802 813 812)
4(812 813 824 823)
4(823 824 835 834)
4(834 835 846 845)
4(845 846 857 856)
4(856 857 868 867)
4(867 868 879 878)
4(878 879 131 130)
)


// ************************************************************************* //
