/*--------------------------------*- C++ -*----------------------------------*\
| =========                 |                                                 |
| \\      /  F ield         | OpenFOAM: The Open Source CFD Toolbox           |
|  \\    /   O peration     | Version:  2.2.0                                 |
|   \\  /    A nd           | Web:      www.OpenFOAM.org                      |
|    \\/     M anipulation  |                                                 |
\*---------------------------------------------------------------------------*/
FoamFile
{
    version     2.0;
    format      ascii;
    class       volScalarField;
    location    "14";
    object      Theta;
}
// * * * * * * * * * * * * * * * * * * * * * * * * * * * * * * * * * * * * * //

dimensions      [0 2 -2 0 0 0 0];

internalField   nonuniform List<scalar> 
7920
(
2.72131
2.99242
3.09579
3.37063
3.47091
3.96956
3.68189
5.13345
2.69758
2.93946
3.03715
3.25975
3.39353
3.6954
3.69287
4.32271
2.66559
2.88986
2.98417
3.18247
3.32797
3.55707
3.65233
4.03084
2.62563
2.82742
2.91312
3.08672
3.22626
3.40013
3.53891
3.74338
2.58557
2.77488
2.85635
3.01853
3.15466
3.30684
3.46156
3.59765
2.55852
2.74073
2.81953
2.97562
3.10876
3.25086
3.41086
3.51715
2.55852
2.74073
2.81953
2.97562
3.10876
3.25086
3.41086
3.51714
2.58557
2.77488
2.85635
3.01853
3.15466
3.30683
3.46157
3.59764
2.62563
2.82742
2.91312
3.08671
3.22626
3.40011
3.53891
3.74335
2.66559
2.88986
2.98417
3.18247
3.32797
3.55706
3.65234
4.03084
2.69758
2.93947
3.03715
3.25975
3.39353
3.69538
3.69286
4.32266
2.72131
2.99238
3.09577
3.37062
3.47092
3.96959
3.68186
5.13357
2.29023
2.34647
2.36286
2.4201
2.43822
2.53779
2.49044
2.76369
2.29693
2.34921
2.36755
2.41333
2.44956
2.49307
2.55039
2.58053
2.30533
2.34903
2.36305
2.39773
2.42702
2.44734
2.49435
2.47448
2.31887
2.3579
2.37074
2.4006
2.42883
2.44062
2.49523
2.45439
2.33475
2.36714
2.37695
2.40061
2.42281
2.42735
2.47069
2.42109
2.34657
2.3753
2.38395
2.4049
2.4248
2.42793
2.46749
2.42023
2.34657
2.3753
2.38395
2.4049
2.4248
2.42793
2.46748
2.42023
2.33475
2.36714
2.37695
2.40061
2.42281
2.42736
2.47069
2.4211
2.31888
2.3579
2.37074
2.4006
2.42883
2.44062
2.49522
2.45441
2.30533
2.34903
2.36305
2.39773
2.42702
2.44735
2.49434
2.4745
2.29693
2.3492
2.36755
2.41333
2.44956
2.49307
2.55039
2.58056
2.29023
2.3465
2.36288
2.42011
2.43822
2.53778
2.49045
2.76364
2.17133
2.20357
2.22025
2.2525
2.28307
2.32376
2.36767
2.42159
2.17543
2.20488
2.22158
2.24846
2.28429
2.30251
2.38406
2.34239
2.18061
2.20418
2.21715
2.23777
2.26501
2.27603
2.33295
2.29461
2.18928
2.21024
2.22224
2.24099
2.26606
2.27784
2.33101
2.30547
2.19943
2.21632
2.2262
2.2415
2.2619
2.27193
2.3134
2.29525
2.20702
2.2218
2.23093
2.24487
2.26366
2.27425
2.31187
2.30134
2.20702
2.2218
2.23093
2.24487
2.26366
2.27425
2.31187
2.30134
2.19943
2.21632
2.2262
2.2415
2.2619
2.27194
2.31341
2.29525
2.18928
2.21024
2.22224
2.24099
2.26606
2.27784
2.33101
2.30547
2.18061
2.20419
2.21716
2.23777
2.26501
2.27604
2.33295
2.29461
2.17543
2.20488
2.22158
2.24846
2.2843
2.30251
2.38407
2.34238
2.17133
2.20355
2.22024
2.25249
2.28308
2.32378
2.36766
2.42166
2.08656
2.09641
2.10096
2.10991
2.12111
2.12748
2.15468
2.1428
2.08878
2.09783
2.10262
2.10983
2.12336
2.12139
2.16377
2.11511
2.09143
2.09766
2.10043
2.10476
2.11304
2.10904
2.13415
2.09496
2.09592
2.1015
2.10409
2.10829
2.11567
2.11405
2.13573
2.10977
2.10107
2.10498
2.1066
2.10944
2.11444
2.11278
2.12734
2.10829
2.10491
2.10807
2.10946
2.11191
2.11625
2.11543
2.12777
2.11429
2.10491
2.10807
2.10946
2.11191
2.11625
2.11543
2.12777
2.11429
2.10107
2.10498
2.10661
2.10944
2.11444
2.11278
2.12734
2.10829
2.09592
2.1015
2.10409
2.10829
2.11567
2.11404
2.13573
2.10978
2.09143
2.09766
2.10043
2.10476
2.11304
2.10904
2.13415
2.09497
2.08878
2.09783
2.10262
2.10983
2.12336
2.12139
2.16377
2.11511
2.08656
2.09641
2.10096
2.10991
2.1211
2.12748
2.15467
2.1428
2.04481
2.0502
2.0532
2.0581
2.065
2.06812
2.08539
2.07586
2.04593
2.05091
2.05398
2.0581
2.06589
2.0654
2.08901
2.06335
2.04727
2.05084
2.05287
2.05558
2.06063
2.05939
2.07372
2.0542
2.04952
2.05281
2.05476
2.05748
2.06206
2.06227
2.07455
2.06275
2.05209
2.05459
2.05606
2.05815
2.06154
2.06186
2.07046
2.06265
2.05401
2.05616
2.05752
2.05944
2.06252
2.06332
2.07078
2.06598
2.05401
2.05616
2.05752
2.05944
2.06252
2.06332
2.07078
2.06598
2.05209
2.05459
2.05606
2.05815
2.06154
2.06186
2.07047
2.06265
2.04952
2.05281
2.05476
2.05748
2.06206
2.06227
2.07455
2.06275
2.04727
2.05084
2.05287
2.05559
2.06063
2.0594
2.07372
2.0542
2.04593
2.05092
2.05398
2.0581
2.06589
2.0654
2.08901
2.06335
2.04481
2.0502
2.0532
2.0581
2.065
2.06813
2.08538
2.07588
2.02094
2.02316
2.02432
2.02626
2.02918
2.03001
2.03798
2.03199
2.02146
2.02351
2.0247
2.0263
2.02959
2.02884
2.03961
2.02641
2.02208
2.02347
2.02417
2.02512
2.02711
2.02605
2.03234
2.02227
2.02312
2.02439
2.02506
2.02604
2.02781
2.02748
2.03275
2.02654
2.02431
2.02523
2.02568
2.02637
2.0276
2.02735
2.03088
2.02664
2.0252
2.02596
2.02636
2.02699
2.02807
2.02806
2.03105
2.02828
2.0252
2.02596
2.02636
2.02699
2.02807
2.02806
2.03105
2.02828
2.02431
2.02523
2.02568
2.02637
2.0276
2.02735
2.03088
2.02664
2.02312
2.02439
2.02506
2.02604
2.02781
2.02748
2.03275
2.02654
2.02208
2.02347
2.02417
2.02512
2.02711
2.02606
2.03234
2.02228
2.02146
2.02351
2.0247
2.0263
2.02958
2.02884
2.03961
2.02641
2.02094
2.02316
2.02432
2.02627
2.02917
2.03001
2.03798
2.032
2.00939
2.0104
2.01095
2.01184
2.01318
2.01359
2.01723
2.01451
2.00963
2.01056
2.01112
2.01187
2.01336
2.01309
2.01792
2.0121
2.00991
2.01055
2.0109
2.01136
2.01228
2.01188
2.01472
2.01032
2.01038
2.01097
2.0113
2.01177
2.0126
2.01253
2.01491
2.01225
2.01091
2.01135
2.01159
2.01193
2.01252
2.01249
2.01411
2.01234
2.01131
2.01168
2.0119
2.01221
2.01274
2.01281
2.01419
2.01307
2.01131
2.01168
2.0119
2.01221
2.01274
2.01281
2.01419
2.01307
2.01091
2.01135
2.01159
2.01194
2.01252
2.01249
2.01411
2.01234
2.01038
2.01097
2.0113
2.01177
2.0126
2.01253
2.01491
2.01225
2.00991
2.01055
2.0109
2.01136
2.01228
2.01188
2.01472
2.01032
2.00963
2.01056
2.01112
2.01187
2.01336
2.01309
2.01792
2.0121
2.00939
2.0104
2.01095
2.01185
2.01318
2.01359
2.01723
2.01451
2.00391
2.00433
2.00456
2.00492
2.00547
2.00564
2.00714
2.00599
2.00401
2.00439
2.00462
2.00493
2.00553
2.00543
2.00741
2.00498
2.00413
2.00439
2.00453
2.00472
2.00509
2.00493
2.00609
2.00425
2.00432
2.00456
2.0047
2.00489
2.00522
2.00519
2.00616
2.00505
2.00454
2.00472
2.00482
2.00496
2.00519
2.00518
2.00583
2.00509
2.00471
2.00486
2.00494
2.00507
2.00528
2.00531
2.00587
2.00539
2.00471
2.00486
2.00494
2.00507
2.00528
2.00531
2.00587
2.00539
2.00454
2.00472
2.00482
2.00496
2.00519
2.00518
2.00583
2.00509
2.00432
2.00456
2.0047
2.00489
2.00522
2.00519
2.00616
2.00505
2.00413
2.00439
2.00453
2.00472
2.00509
2.00493
2.00609
2.00425
2.00401
2.00439
2.00462
2.00493
2.00553
2.00543
2.00741
2.00498
2.00391
2.00433
2.00456
2.00492
2.00547
2.00564
2.00714
2.00599
2.00147
2.00163
2.00171
2.00185
2.00206
2.00213
2.00269
2.00227
2.0015
2.00165
2.00174
2.00186
2.00208
2.00205
2.00278
2.00189
2.00155
2.00165
2.0017
2.00178
2.00192
2.00187
2.0023
2.00162
2.00162
2.00172
2.00177
2.00184
2.00197
2.00196
2.00232
2.00192
2.00171
2.00178
2.00181
2.00187
2.00196
2.00196
2.00221
2.00194
2.00177
2.00183
2.00186
2.00191
2.00199
2.00201
2.00222
2.00205
2.00177
2.00183
2.00186
2.00191
2.00199
2.00201
2.00222
2.00205
2.00171
2.00178
2.00181
2.00187
2.00196
2.00196
2.00221
2.00194
2.00162
2.00172
2.00177
2.00184
2.00197
2.00196
2.00232
2.00192
2.00155
2.00165
2.0017
2.00178
2.00192
2.00187
2.0023
2.00162
2.0015
2.00165
2.00174
2.00186
2.00208
2.00205
2.00278
2.00189
2.00147
2.00163
2.00171
2.00185
2.00206
2.00213
2.00269
2.00227
2.00031
2.00034
2.00035
2.00038
2.00041
2.00042
2.00052
2.00042
2.00032
2.00034
2.00036
2.00038
2.00042
2.0004
2.00054
2.00034
2.00033
2.00035
2.00035
2.00036
2.00038
2.00036
2.00044
2.00029
2.00035
2.00036
2.00037
2.00038
2.00039
2.00038
2.00045
2.00035
2.00036
2.00037
2.00038
2.00038
2.00039
2.00039
2.00043
2.00036
2.00038
2.00038
2.00039
2.00039
2.0004
2.0004
2.00043
2.00038
2.00038
2.00038
2.00039
2.00039
2.0004
2.0004
2.00043
2.00038
2.00036
2.00037
2.00038
2.00038
2.00039
2.00039
2.00043
2.00036
2.00035
2.00036
2.00037
2.00038
2.00039
2.00038
2.00045
2.00035
2.00033
2.00035
2.00035
2.00036
2.00038
2.00036
2.00044
2.00029
2.00032
2.00034
2.00036
2.00038
2.00042
2.0004
2.00054
2.00034
2.00031
2.00034
2.00035
2.00038
2.00041
2.00042
2.00052
2.00042
1.99956
1.99953
1.99952
1.9995
1.99946
1.99947
1.99932
1.99951
1.99955
1.99952
1.99951
1.9995
1.99944
1.99949
1.99928
1.99962
1.99953
1.99952
1.99952
1.99952
1.9995
1.99955
1.99944
1.99971
1.99951
1.9995
1.9995
1.9995
1.99948
1.99952
1.99943
1.99961
1.99948
1.99949
1.99949
1.99949
1.99949
1.99952
1.99947
1.9996
1.99947
1.99947
1.99947
1.99948
1.99948
1.9995
1.99947
1.99956
1.99947
1.99947
1.99947
1.99948
1.99948
1.9995
1.99947
1.99956
1.99948
1.99949
1.99949
1.99949
1.99949
1.99952
1.99947
1.9996
1.99951
1.9995
1.9995
1.9995
1.99948
1.99952
1.99943
1.99961
1.99953
1.99952
1.99952
1.99952
1.9995
1.99955
1.99944
1.99971
1.99955
1.99952
1.99951
1.9995
1.99944
1.99949
1.99928
1.99962
1.99956
1.99953
1.99952
1.9995
1.99946
1.99947
1.99932
1.99951
1.99768
1.99731
1.99711
1.99676
1.99631
1.99603
1.99501
1.99531
1.99763
1.99728
1.99708
1.99677
1.99629
1.99619
1.99487
1.99601
1.99756
1.99728
1.99713
1.99689
1.99655
1.99648
1.99563
1.99645
1.99745
1.99719
1.99704
1.9968
1.99648
1.99635
1.9956
1.99604
1.99733
1.9971
1.99698
1.99677
1.99651
1.99637
1.9958
1.99604
1.99724
1.99702
1.99691
1.99671
1.99646
1.9963
1.99578
1.99587
1.99724
1.99702
1.99691
1.99671
1.99646
1.9963
1.99578
1.99587
1.99733
1.9971
1.99698
1.99677
1.99651
1.99637
1.9958
1.99604
1.99745
1.99719
1.99704
1.9968
1.99648
1.99635
1.9956
1.99604
1.99756
1.99728
1.99713
1.99689
1.99655
1.99648
1.99563
1.99645
1.99763
1.99728
1.99708
1.99677
1.99629
1.99619
1.99487
1.99601
1.99768
1.99731
1.99711
1.99676
1.99631
1.99603
1.99501
1.99531
1.99457
1.99427
1.99411
1.99389
1.99338
1.99354
1.99177
1.99398
1.99441
1.99415
1.99397
1.99382
1.99317
1.99375
1.99111
1.99521
1.99424
1.99416
1.99411
1.99415
1.99387
1.99454
1.99316
1.99641
1.99394
1.99389
1.99385
1.99387
1.99364
1.99409
1.99298
1.99515
1.99361
1.99367
1.99368
1.99379
1.99371
1.99413
1.99352
1.99514
1.99336
1.99346
1.99349
1.99361
1.99357
1.99393
1.99347
1.99467
1.99336
1.99346
1.99349
1.99361
1.99357
1.99393
1.99347
1.99467
1.99361
1.99367
1.99368
1.99379
1.99371
1.99413
1.99352
1.99514
1.99394
1.99389
1.99385
1.99387
1.99364
1.99409
1.99298
1.99515
1.99424
1.99416
1.99411
1.99415
1.99387
1.99454
1.99316
1.99641
1.99441
1.99415
1.99397
1.99382
1.99317
1.99375
1.99111
1.99521
1.99457
1.99427
1.99411
1.99389
1.99338
1.99354
1.99177
1.99398
1.97254
1.96536
1.96211
1.95542
1.94898
1.94206
1.93123
1.92589
1.9718
1.96489
1.96156
1.95549
1.94819
1.9443
1.92792
1.9361
1.97088
1.96485
1.96213
1.95698
1.9512
1.9482
1.93651
1.9431
1.96937
1.9636
1.96096
1.95593
1.95043
1.94693
1.93614
1.93952
1.96765
1.96243
1.9601
1.95553
1.95078
1.94737
1.9387
1.94029
1.96637
1.96142
1.95918
1.95475
1.95023
1.94661
1.93865
1.93867
1.96637
1.96142
1.95918
1.95475
1.95024
1.94661
1.93865
1.93867
1.96765
1.96243
1.9601
1.95553
1.95078
1.94737
1.9387
1.94029
1.96937
1.9636
1.96096
1.95593
1.95043
1.94693
1.93614
1.93952
1.97088
1.96485
1.96213
1.95698
1.9512
1.9482
1.93651
1.9431
1.9718
1.96489
1.96156
1.95549
1.94819
1.9443
1.92792
1.9361
1.97254
1.96536
1.96211
1.95542
1.94898
1.94206
1.93123
1.92589
1.97574
1.97007
1.96759
1.96242
1.95753
1.95243
1.9441
1.94102
1.97506
1.96965
1.96709
1.96249
1.95676
1.95443
1.94088
1.94997
1.97423
1.96969
1.9677
1.964
1.95968
1.95821
1.94899
1.95666
1.97289
1.96862
1.96672
1.96315
1.9591
1.95716
1.94875
1.95343
1.97136
1.96766
1.96605
1.96293
1.95959
1.95774
1.95129
1.95429
1.97023
1.9668
1.96528
1.96231
1.95919
1.95713
1.95133
1.95285
1.97023
1.9668
1.96528
1.96231
1.95919
1.95713
1.95133
1.95285
1.97136
1.96766
1.96605
1.96293
1.95959
1.95774
1.95129
1.95429
1.97289
1.96862
1.96672
1.96315
1.9591
1.95716
1.94875
1.95343
1.97423
1.96969
1.9677
1.964
1.95968
1.95821
1.94899
1.95666
1.97506
1.96965
1.96709
1.96249
1.95676
1.95443
1.94088
1.94997
1.97574
1.97007
1.96759
1.96242
1.95753
1.95243
1.9441
1.94102
2.76198
3.05261
3.16405
3.45516
3.56885
4.08008
3.80964
5.25277
2.75324
3.02182
3.13204
3.37601
3.53421
3.84698
3.89686
4.48897
2.74184
2.99348
3.09847
3.31591
3.47973
3.71233
3.83905
4.16873
2.73051
2.96506
3.0629
3.259
3.41697
3.59864
3.76262
3.93586
2.72159
2.94549
3.03808
3.22226
3.3722
3.53112
3.69545
3.80861
2.7159
2.93339
3.02273
3.2003
3.34472
3.49337
3.65551
3.74565
2.71383
2.93017
3.01908
3.19557
3.33948
3.48646
3.64973
3.73498
2.71514
2.93451
3.02491
3.20446
3.35133
3.50258
3.668
3.76042
2.71955
2.94776
3.04314
3.23295
3.38851
3.55893
3.73256
3.87036
2.72528
2.96461
3.06384
3.26796
3.42471
3.63122
3.76793
4.01673
2.73104
2.98801
3.09476
3.32617
3.48565
3.76909
3.8659
4.34526
2.73092
2.99995
3.10243
3.36913
3.47583
3.93159
3.70646
4.94656
2.25951
2.31555
2.33124
2.38991
2.40389
2.5146
2.44339
2.77641
2.25581
2.30637
2.3219
2.36806
2.39383
2.45051
2.46209
2.5664
2.25067
2.29772
2.31222
2.35246
2.37922
2.41797
2.44205
2.49324
2.24579
2.28984
2.30344
2.33922
2.3667
2.39188
2.43169
2.43593
2.24228
2.28413
2.29672
2.32944
2.35578
2.37303
2.41557
2.39459
2.24114
2.28214
2.29444
2.32608
2.35216
2.36658
2.41113
2.38064
2.24272
2.28378
2.29603
2.32775
2.35354
2.36845
2.41138
2.38337
2.24725
2.29024
2.30349
2.33774
2.36463
2.38576
2.42565
2.41734
2.25421
2.29888
2.31244
2.34932
2.37515
2.40523
2.43382
2.45917
2.26348
2.31406
2.33037
2.37579
2.40329
2.45727
2.46909
2.57408
2.27288
2.32382
2.33821
2.38665
2.40466
2.47645
2.44595
2.62305
2.28334
2.34489
2.36278
2.43063
2.44226
2.58514
2.47511
2.94153
2.15045
2.18512
2.20278
2.23899
2.26831
2.32312
2.34669
2.46398
2.14813
2.17878
2.19487
2.22469
2.25451
2.28762
2.33217
2.36177
2.14523
2.17379
2.18881
2.21624
2.24401
2.27342
2.31338
2.3403
2.14262
2.16933
2.18347
2.20882
2.23552
2.26102
2.30337
2.32038
2.14089
2.16634
2.17979
2.20369
2.22924
2.25217
2.29348
2.30446
2.14055
2.16546
2.17868
2.20204
2.22721
2.24935
2.29065
2.29996
2.14177
2.16657
2.17964
2.20293
2.22764
2.25014
2.28965
2.30137
2.1447
2.17055
2.1842
2.20887
2.23418
2.26007
2.29773
2.32028
2.14898
2.17532
2.18885
2.21432
2.23852
2.26769
2.29827
2.33476
2.15472
2.18475
2.20037
2.23074
2.25738
2.29847
2.32488
2.39848
2.16037
2.18951
2.20356
2.23348
2.2548
2.29878
2.30431
2.39561
2.16718
2.20374
2.22182
2.2628
2.28824
2.36513
2.35598
2.575
2.07342
2.08345
2.08796
2.09805
2.10754
2.12087
2.13522
2.15924
2.07236
2.08054
2.08419
2.09158
2.1004
2.10529
2.12487
2.11583
2.07109
2.07845
2.08161
2.08825
2.09564
2.10043
2.11477
2.11125
2.07004
2.0768
2.07964
2.08569
2.0925
2.09666
2.11066
2.10684
2.06947
2.07584
2.07845
2.08409
2.09039
2.09406
2.10685
2.10267
2.0696
2.07592
2.07851
2.08413
2.09035
2.09415
2.10665
2.10325
2.0705
2.07685
2.07942
2.0851
2.09114
2.09535
2.10672
2.1054
2.07223
2.07918
2.0821
2.08855
2.09497
2.10104
2.11149
2.11621
2.07459
2.08164
2.08438
2.09104
2.09672
2.104
2.11063
2.12155
2.0777
2.08673
2.09068
2.09987
2.10724
2.12034
2.12634
2.1551
2.08066
2.08874
2.09159
2.09975
2.10412
2.1166
2.11227
2.1443
2.08439
2.09678
2.10225
2.11628
2.12472
2.15248
2.14835
2.23647
2.0376
2.04318
2.04624
2.05181
2.058
2.06472
2.07571
2.08456
2.0371
2.04176
2.04435
2.04864
2.05428
2.05726
2.06977
2.06411
2.03652
2.04077
2.04309
2.04704
2.05185
2.05504
2.06435
2.06261
2.03608
2.04006
2.04222
2.04594
2.0504
2.05352
2.06229
2.0614
2.03588
2.03969
2.04174
2.04529
2.04948
2.0525
2.06046
2.06
2.03603
2.03983
2.04187
2.04544
2.04958
2.05276
2.06044
2.06075
2.03656
2.04037
2.0424
2.04601
2.05004
2.05346
2.06051
2.06203
2.03749
2.04159
2.04378
2.04775
2.05196
2.05627
2.06285
2.06736
2.03871
2.04282
2.04492
2.04893
2.05277
2.05756
2.06228
2.06957
2.04031
2.04537
2.04807
2.05329
2.05803
2.06551
2.07022
2.08578
2.04181
2.04634
2.04846
2.05305
2.05633
2.06311
2.063
2.07897
2.04371
2.0504
2.05392
2.06139
2.06704
2.08095
2.08246
2.12425
2.01728
2.01953
2.02068
2.02286
2.0254
2.0278
2.03283
2.03524
2.01706
2.01889
2.01982
2.02143
2.02368
2.02442
2.03002
2.02597
2.01681
2.01844
2.01924
2.02069
2.02252
2.0234
2.02735
2.02535
2.01663
2.01815
2.01888
2.02023
2.0219
2.02281
2.02642
2.02507
2.01657
2.01802
2.0187
2.01999
2.02153
2.02242
2.0256
2.02462
2.01668
2.01813
2.01881
2.02013
2.02164
2.02265
2.02567
2.02517
2.01696
2.01843
2.01911
2.02045
2.02192
2.02306
2.02577
2.02593
2.01743
2.01903
2.01979
2.02131
2.02287
2.02443
2.02693
2.02852
2.01803
2.01964
2.02036
2.0219
2.0233
2.02507
2.02672
2.0296
2.01879
2.02086
2.02187
2.02397
2.02581
2.02883
2.03054
2.03724
2.01951
2.02132
2.02207
2.02385
2.02503
2.02765
2.02716
2.03386
2.02042
2.02326
2.02469
2.02782
2.03019
2.03608
2.03667
2.05515
2.00768
2.0087
2.00925
2.01024
2.01142
2.0125
2.01487
2.0158
2.00759
2.00842
2.00888
2.00963
2.01068
2.01105
2.01366
2.01182
2.00749
2.00823
2.00863
2.0093
2.01017
2.0106
2.01245
2.01155
2.00741
2.00811
2.00848
2.00912
2.00991
2.01037
2.01206
2.0115
2.0074
2.00807
2.00841
2.00903
2.00976
2.01022
2.01171
2.01135
2.00746
2.00813
2.00848
2.0091
2.00983
2.01034
2.01175
2.01163
2.00759
2.00827
2.00862
2.00926
2.00997
2.01054
2.01182
2.012
2.00781
2.00855
2.00893
2.00964
2.01039
2.01115
2.01233
2.01315
2.00808
2.00883
2.00919
2.00991
2.01059
2.01145
2.01225
2.01365
2.00843
2.00937
2.00986
2.01082
2.0117
2.01308
2.01392
2.01699
2.00875
2.00958
2.00995
2.01077
2.01136
2.01256
2.01244
2.01548
2.00916
2.01044
2.01111
2.01252
2.01365
2.01627
2.01668
2.02483
2.00317
2.00359
2.00381
2.00421
2.0047
2.00513
2.00612
2.00645
2.00314
2.00348
2.00366
2.00396
2.00439
2.00454
2.00561
2.00481
2.0031
2.0034
2.00356
2.00383
2.00418
2.00434
2.0051
2.00468
2.00307
2.00335
2.0035
2.00375
2.00407
2.00425
2.00494
2.00468
2.00306
2.00334
2.00347
2.00372
2.00401
2.00419
2.0048
2.00462
2.00309
2.00337
2.0035
2.00375
2.00405
2.00425
2.00482
2.00475
2.00315
2.00343
2.00357
2.00382
2.00411
2.00434
2.00485
2.00492
2.00324
2.00355
2.0037
2.00399
2.00429
2.0046
2.00507
2.0054
2.00336
2.00367
2.00381
2.00411
2.00438
2.00473
2.00505
2.00562
2.00351
2.00389
2.00409
2.00448
2.00484
2.00541
2.00575
2.00701
2.00364
2.00399
2.00414
2.00447
2.00471
2.0052
2.00515
2.0064
2.00381
2.00434
2.00462
2.0052
2.00567
2.00674
2.00692
2.01029
2.00118
2.00134
2.00143
2.00158
2.00176
2.00193
2.0023
2.00242
2.00117
2.0013
2.00137
2.00149
2.00165
2.00171
2.00211
2.00182
2.00116
2.00127
2.00133
2.00144
2.00157
2.00163
2.00192
2.00177
2.00115
2.00125
2.00131
2.00141
2.00153
2.0016
2.00186
2.00177
2.00115
2.00125
2.0013
2.0014
2.00151
2.00158
2.00181
2.00175
2.00116
2.00126
2.00132
2.00141
2.00152
2.00161
2.00182
2.0018
2.00118
2.00129
2.00134
2.00144
2.00155
2.00164
2.00184
2.00187
2.00121
2.00133
2.00139
2.0015
2.00162
2.00174
2.00192
2.00205
2.00126
2.00138
2.00143
2.00155
2.00165
2.00179
2.00191
2.00214
2.00131
2.00146
2.00154
2.00169
2.00182
2.00204
2.00217
2.00264
2.00137
2.0015
2.00156
2.00168
2.00178
2.00196
2.00195
2.00243
2.00143
2.00163
2.00174
2.00195
2.00213
2.00253
2.00261
2.00387
2.00025
2.00027
2.00029
2.00031
2.00034
2.00037
2.00044
2.00044
2.00024
2.00026
2.00028
2.00029
2.00032
2.00032
2.0004
2.00032
2.00024
2.00026
2.00027
2.00028
2.0003
2.00031
2.00036
2.00031
2.00024
2.00026
2.00026
2.00028
2.0003
2.0003
2.00035
2.00031
2.00024
2.00026
2.00026
2.00028
2.00029
2.0003
2.00034
2.00031
2.00024
2.00026
2.00027
2.00028
2.0003
2.0003
2.00034
2.00032
2.00025
2.00026
2.00027
2.00029
2.0003
2.00031
2.00034
2.00034
2.00026
2.00027
2.00028
2.0003
2.00032
2.00033
2.00036
2.00038
2.00027
2.00028
2.00029
2.00031
2.00033
2.00035
2.00036
2.0004
2.00028
2.0003
2.00032
2.00034
2.00036
2.0004
2.00042
2.00051
2.00029
2.00031
2.00032
2.00034
2.00035
2.00038
2.00037
2.00046
2.0003
2.00034
2.00036
2.0004
2.00043
2.0005
2.00051
2.00076
1.99964
1.99961
1.9996
1.99958
1.99954
1.99952
1.99944
1.99944
1.99965
1.99963
1.99962
1.9996
1.99958
1.99959
1.99949
1.99962
1.99965
1.99964
1.99963
1.99962
1.9996
1.99961
1.99955
1.99963
1.99966
1.99964
1.99964
1.99963
1.99961
1.99962
1.99957
1.99964
1.99966
1.99964
1.99964
1.99963
1.99962
1.99963
1.99959
1.99964
1.99965
1.99964
1.99964
1.99963
1.99962
1.99962
1.99958
1.99963
1.99965
1.99963
1.99963
1.99962
1.99961
1.99961
1.99958
1.99961
1.99964
1.99962
1.99962
1.9996
1.99959
1.99958
1.99956
1.99955
1.99962
1.99961
1.9996
1.99959
1.99958
1.99957
1.99956
1.99953
1.99961
1.99958
1.99957
1.99954
1.99953
1.99948
1.99948
1.99936
1.99959
1.99957
1.99957
1.99955
1.99955
1.99952
1.99956
1.99944
1.99957
1.99953
1.99951
1.99946
1.99943
1.99933
1.99936
1.99898
1.99806
1.99768
1.99748
1.99711
1.9967
1.99627
1.99554
1.99501
1.99808
1.99775
1.99758
1.99727
1.9969
1.99665
1.99586
1.99608
1.99811
1.9978
1.99764
1.99736
1.99703
1.99677
1.99615
1.99616
1.99813
1.99784
1.99769
1.99741
1.9971
1.99684
1.99626
1.9962
1.99813
1.99785
1.99771
1.99744
1.99714
1.99689
1.99635
1.99626
1.99812
1.99784
1.9977
1.99743
1.99713
1.99687
1.99635
1.9962
1.9981
1.99781
1.99767
1.99739
1.9971
1.99682
1.99634
1.99612
1.99805
1.99775
1.9976
1.9973
1.997
1.99668
1.99621
1.99585
1.99799
1.99768
1.99753
1.99724
1.99696
1.99661
1.99623
1.99574
1.99791
1.99755
1.99737
1.99702
1.99669
1.99621
1.99582
1.99493
1.99783
1.9975
1.99735
1.99702
1.99676
1.99632
1.99615
1.99527
1.99773
1.9973
1.99707
1.9966
1.99621
1.99541
1.99514
1.99294
1.99558
1.99525
1.99509
1.99476
1.99436
1.99402
1.99313
1.99281
1.99563
1.99541
1.99529
1.99512
1.99476
1.99486
1.99375
1.99512
1.9957
1.99552
1.99544
1.9953
1.99505
1.99512
1.99444
1.99529
1.99574
1.9956
1.99552
1.99541
1.9952
1.99526
1.99464
1.99536
1.99576
1.99563
1.99557
1.99548
1.9953
1.99537
1.99486
1.9955
1.99573
1.9956
1.99554
1.99544
1.99526
1.9953
1.99483
1.99536
1.99565
1.99552
1.99546
1.99535
1.9952
1.9952
1.99482
1.99516
1.99552
1.99535
1.99527
1.99512
1.99494
1.99482
1.99451
1.99443
1.99536
1.99519
1.99513
1.99497
1.99485
1.99467
1.99463
1.99415
1.99515
1.99486
1.99472
1.99441
1.99418
1.99363
1.99361
1.99199
1.99496
1.99476
1.9947
1.99449
1.99447
1.99402
1.9947
1.993
1.99471
1.99423
1.99401
1.99342
1.9931
1.99176
1.99219
1.9873
1.97651
1.96924
1.96598
1.95892
1.95293
1.94401
1.93673
1.92129
1.97682
1.97012
1.9671
1.96093
1.955
1.94905
1.93931
1.93602
1.97718
1.97074
1.96788
1.96198
1.95641
1.95074
1.94217
1.93826
1.97748
1.97125
1.96849
1.96282
1.95743
1.95211
1.94351
1.9403
1.97763
1.97153
1.96885
1.96332
1.9581
1.95298
1.94472
1.94182
1.97759
1.97151
1.96885
1.96334
1.95815
1.95302
1.94487
1.94181
1.97732
1.97125
1.96859
1.96306
1.95794
1.95269
1.94489
1.94121
1.97682
1.97056
1.9678
1.96203
1.95679
1.95096
1.94343
1.93787
1.97614
1.96984
1.96713
1.96129
1.95628
1.95003
1.9437
1.93609
1.97523
1.96832
1.96524
1.95859
1.95308
1.94492
1.93894
1.92537
1.97435
1.96771
1.96497
1.95858
1.95405
1.94579
1.94335
1.92768
1.97323
1.96529
1.96178
1.95355
1.94799
1.93464
1.93323
1.89818
1.97948
1.97358
1.97103
1.96536
1.96083
1.95359
1.94877
1.93545
1.97975
1.97435
1.972
1.96713
1.96257
1.95805
1.95073
1.94852
1.98008
1.97493
1.97272
1.96812
1.96388
1.95969
1.95334
1.95086
1.98035
1.97539
1.97328
1.96889
1.96481
1.96097
1.95452
1.95285
1.98049
1.97567
1.97363
1.96939
1.96546
1.96185
1.95568
1.95442
1.98044
1.97565
1.97363
1.96942
1.96553
1.96193
1.95585
1.9545
1.98019
1.9754
1.9734
1.96918
1.96535
1.96165
1.9559
1.954
1.97971
1.97476
1.97266
1.96822
1.9643
1.96005
1.95458
1.9509
1.97906
1.97409
1.97204
1.96754
1.96384
1.95919
1.95487
1.94921
1.97821
1.97269
1.97031
1.96507
1.96094
1.95451
1.95059
1.93931
1.9774
1.97214
1.97009
1.96509
1.9619
1.95535
1.95481
1.94141
1.97637
1.96997
1.96724
1.9606
1.95653
1.94537
1.94591
1.91496
2.7624
3.05285
3.16418
3.45469
3.56878
4.07683
3.8112
5.23701
2.75481
3.02473
3.13591
3.38092
3.54184
3.85365
3.91431
4.49246
2.74434
2.99712
3.10266
3.32078
3.48612
3.71725
3.84972
4.16681
2.73425
2.971
3.07
3.26797
3.4284
3.61083
3.7811
3.94836
2.7267
2.95342
3.04735
3.23395
3.38643
3.54702
3.71614
3.82664
2.72273
2.94422
3.03549
3.21667
3.3645
3.51674
3.68362
3.7761
2.72273
2.94422
3.03549
3.21667
3.3645
3.51674
3.68362
3.77609
2.7267
2.95342
3.04735
3.23395
3.38644
3.54702
3.71615
3.82663
2.73425
2.971
3.07
3.26797
3.4284
3.61081
3.7811
3.94833
2.74434
2.99712
3.10266
3.32079
3.48613
3.71725
3.84974
4.16683
2.75481
3.02474
3.13591
3.38093
3.54184
3.85362
3.9143
4.49238
2.7624
3.05276
3.16415
3.45468
3.5688
4.07694
3.81119
5.23728
2.25924
2.31555
2.33131
2.39053
2.4042
2.5171
2.44282
2.78583
2.25485
2.30533
2.32064
2.36692
2.39179
2.44987
2.45711
2.56913
2.24903
2.29629
2.31081
2.35145
2.37797
2.41829
2.44034
2.49803
2.24327
2.28729
2.30076
2.33661
2.36366
2.38956
2.4275
2.43542
2.23873
2.28055
2.29303
2.32583
2.35191
2.36964
2.41127
2.39261
2.23628
2.27701
2.28904
2.32042
2.34607
2.36021
2.40423
2.37374
2.23628
2.27701
2.28904
2.32042
2.34607
2.36021
2.40423
2.37374
2.23873
2.28055
2.29303
2.32583
2.35191
2.36964
2.41127
2.39262
2.24326
2.28729
2.30076
2.33661
2.36365
2.38956
2.42749
2.43543
2.24903
2.29628
2.3108
2.35145
2.37797
2.41829
2.44033
2.49804
2.25485
2.30533
2.32064
2.36691
2.39178
2.44986
2.4571
2.56916
2.25925
2.31559
2.33134
2.39054
2.4042
2.51707
2.4428
2.78571
2.1503
2.18526
2.20302
2.23981
2.26882
2.32591
2.34625
2.47354
2.14752
2.17832
2.19435
2.22455
2.25365
2.2887
2.32895
2.36721
2.14418
2.17328
2.18853
2.21673
2.24457
2.27614
2.3143
2.34865
2.14093
2.1681
2.18241
2.20835
2.23511
2.26211
2.30306
2.32501
2.13844
2.16448
2.17824
2.20286
2.22881
2.25316
2.29428
2.309
2.1371
2.16255
2.17603
2.19997
2.22558
2.2486
2.2904
2.30134
2.1371
2.16255
2.17603
2.19997
2.22558
2.24859
2.2904
2.30134
2.13844
2.16448
2.17824
2.20286
2.22881
2.25316
2.29428
2.309
2.14093
2.1681
2.18241
2.20835
2.23511
2.26211
2.30307
2.325
2.14418
2.17328
2.18853
2.21673
2.24457
2.27615
2.31431
2.34866
2.14752
2.17832
2.19435
2.22456
2.25365
2.2887
2.32895
2.36719
2.1503
2.18523
2.203
2.2398
2.26883
2.32596
2.34625
2.47368
2.0733
2.08357
2.08817
2.09875
2.10801
2.12333
2.13484
2.16825
2.07184
2.07999
2.08349
2.09103
2.09905
2.10543
2.12067
2.11971
2.07022
2.07786
2.08112
2.08823
2.09552
2.10201
2.11438
2.11779
2.06865
2.0755
2.07833
2.08459
2.09116
2.09627
2.10853
2.10894
2.06747
2.07397
2.07663
2.0825
2.08877
2.0932
2.10523
2.10395
2.06684
2.07313
2.07569
2.08133
2.08747
2.09146
2.10367
2.10117
2.06684
2.07313
2.07569
2.08133
2.08747
2.09146
2.10367
2.10117
2.06747
2.07397
2.07663
2.0825
2.08877
2.0932
2.10522
2.10395
2.06865
2.0755
2.07833
2.08459
2.09116
2.09627
2.10853
2.10894
2.07022
2.07786
2.08112
2.08823
2.09551
2.10201
2.11438
2.1178
2.07184
2.07999
2.08349
2.09102
2.09905
2.10543
2.12066
2.11971
2.0733
2.08358
2.08818
2.09876
2.10801
2.12334
2.13483
2.16825
2.03752
2.04327
2.04639
2.05228
2.05833
2.06635
2.07549
2.09048
2.03677
2.04142
2.04393
2.04833
2.05347
2.05743
2.06712
2.0668
2.03597
2.04042
2.04283
2.04711
2.05189
2.0562
2.06427
2.0671
2.0352
2.03927
2.04145
2.04534
2.04969
2.05345
2.06115
2.06304
2.03463
2.03856
2.04067
2.04441
2.04863
2.05218
2.0597
2.06115
2.03433
2.03817
2.04023
2.04386
2.04801
2.05139
2.05894
2.05993
2.03433
2.03817
2.04023
2.04386
2.04801
2.05139
2.05894
2.05993
2.03463
2.03856
2.04067
2.04441
2.04863
2.05218
2.0597
2.06115
2.0352
2.03927
2.04145
2.04534
2.04969
2.05345
2.06115
2.06304
2.03597
2.04043
2.04283
2.04711
2.05189
2.0562
2.06427
2.06711
2.03677
2.04142
2.04393
2.04833
2.05347
2.05743
2.06712
2.0668
2.03752
2.04326
2.04639
2.05228
2.05833
2.06636
2.07549
2.09052
2.01724
2.01958
2.02077
2.02313
2.02559
2.02873
2.03271
2.03869
2.01687
2.01868
2.01956
2.02122
2.02318
2.02447
2.02843
2.02748
2.01649
2.01823
2.01907
2.0207
2.0225
2.024
2.02724
2.02788
2.01613
2.01768
2.01841
2.01984
2.02143
2.02268
2.02566
2.02588
2.01586
2.01735
2.01806
2.01943
2.02096
2.02212
2.02503
2.02509
2.01572
2.01717
2.01785
2.01917
2.02067
2.02175
2.02466
2.02452
2.01572
2.01717
2.01785
2.01917
2.02067
2.02175
2.02466
2.02452
2.01586
2.01735
2.01806
2.01943
2.02096
2.02212
2.02503
2.02509
2.01613
2.01768
2.01841
2.01984
2.02143
2.02268
2.02566
2.02588
2.01649
2.01823
2.01907
2.0207
2.0225
2.024
2.02723
2.02788
2.01687
2.01868
2.01956
2.02122
2.02318
2.02446
2.02842
2.02747
2.01724
2.01958
2.02077
2.02313
2.02559
2.02873
2.03271
2.0387
2.00766
2.00872
2.00929
2.01037
2.01152
2.01296
2.01482
2.01754
2.00749
2.00832
2.00875
2.00952
2.01043
2.01107
2.01286
2.01258
2.00732
2.00812
2.00854
2.0093
2.01016
2.0109
2.0124
2.01282
2.00716
2.00788
2.00825
2.00892
2.00968
2.01031
2.01169
2.01191
2.00704
2.00774
2.00809
2.00875
2.00948
2.01007
2.01143
2.01158
2.00698
2.00765
2.008
2.00863
2.00935
2.00991
2.01126
2.01132
2.00698
2.00765
2.008
2.00863
2.00935
2.00991
2.01126
2.01132
2.00704
2.00774
2.00809
2.00875
2.00948
2.01007
2.01143
2.01158
2.00716
2.00788
2.00825
2.00892
2.00968
2.01031
2.01169
2.01191
2.00732
2.00812
2.00854
2.0093
2.01016
2.0109
2.0124
2.01282
2.00749
2.00832
2.00875
2.00952
2.01043
2.01107
2.01286
2.01258
2.00766
2.00872
2.00929
2.01037
2.01152
2.01297
2.01482
2.01755
2.00316
2.0036
2.00383
2.00427
2.00474
2.00533
2.00609
2.00723
2.00309
2.00343
2.0036
2.00392
2.00428
2.00454
2.00526
2.00515
2.00302
2.00335
2.00352
2.00383
2.00417
2.00447
2.00508
2.00525
2.00295
2.00325
2.00339
2.00366
2.00397
2.00422
2.00477
2.00486
2.0029
2.00319
2.00333
2.00359
2.00388
2.00412
2.00466
2.00472
2.00288
2.00315
2.00329
2.00354
2.00383
2.00405
2.00459
2.0046
2.00288
2.00315
2.00329
2.00354
2.00383
2.00405
2.00459
2.0046
2.0029
2.00319
2.00333
2.00359
2.00388
2.00412
2.00466
2.00472
2.00295
2.00325
2.00339
2.00366
2.00397
2.00422
2.00477
2.00486
2.00302
2.00335
2.00352
2.00383
2.00417
2.00447
2.00508
2.00525
2.00309
2.00343
2.0036
2.00392
2.00428
2.00454
2.00526
2.00515
2.00316
2.0036
2.00383
2.00427
2.00474
2.00534
2.00609
2.00723
2.00118
2.00134
2.00143
2.0016
2.00178
2.002
2.00229
2.00273
2.00115
2.00128
2.00135
2.00147
2.00161
2.00171
2.00198
2.00195
2.00113
2.00125
2.00132
2.00143
2.00157
2.00168
2.00191
2.00199
2.0011
2.00121
2.00127
2.00137
2.00149
2.00159
2.0018
2.00184
2.00108
2.00119
2.00125
2.00135
2.00146
2.00155
2.00176
2.00179
2.00107
2.00118
2.00123
2.00133
2.00144
2.00153
2.00173
2.00174
2.00107
2.00118
2.00123
2.00133
2.00144
2.00153
2.00173
2.00174
2.00108
2.00119
2.00125
2.00135
2.00146
2.00155
2.00176
2.00179
2.0011
2.00121
2.00127
2.00137
2.00149
2.00159
2.0018
2.00184
2.00113
2.00125
2.00132
2.00143
2.00157
2.00168
2.00191
2.00199
2.00115
2.00128
2.00135
2.00147
2.00161
2.00171
2.00198
2.00195
2.00118
2.00134
2.00143
2.0016
2.00178
2.00201
2.00229
2.00273
2.00025
2.00027
2.00029
2.00032
2.00035
2.00039
2.00043
2.00052
2.00024
2.00026
2.00027
2.00029
2.00031
2.00032
2.00037
2.00035
2.00023
2.00025
2.00026
2.00028
2.0003
2.00032
2.00036
2.00036
2.00023
2.00025
2.00025
2.00027
2.00029
2.0003
2.00033
2.00033
2.00022
2.00024
2.00025
2.00026
2.00028
2.00029
2.00032
2.00032
2.00022
2.00024
2.00024
2.00026
2.00027
2.00028
2.00032
2.00031
2.00022
2.00024
2.00024
2.00026
2.00027
2.00028
2.00032
2.00031
2.00022
2.00024
2.00025
2.00026
2.00028
2.00029
2.00032
2.00032
2.00023
2.00025
2.00025
2.00027
2.00029
2.0003
2.00033
2.00033
2.00023
2.00025
2.00026
2.00028
2.0003
2.00032
2.00036
2.00036
2.00024
2.00026
2.00027
2.00029
2.00031
2.00032
2.00037
2.00035
2.00025
2.00027
2.00029
2.00032
2.00035
2.00039
2.00043
2.00052
1.99964
1.99961
1.9996
1.99957
1.99954
1.9995
1.99944
1.99935
1.99965
1.99963
1.99963
1.99961
1.99959
1.99959
1.99953
1.99958
1.99966
1.99964
1.99964
1.99962
1.9996
1.99959
1.99955
1.99957
1.99967
1.99965
1.99965
1.99964
1.99962
1.99962
1.99959
1.99961
1.99967
1.99966
1.99966
1.99965
1.99963
1.99963
1.9996
1.99963
1.99968
1.99967
1.99966
1.99965
1.99964
1.99964
1.99961
1.99964
1.99968
1.99967
1.99966
1.99965
1.99964
1.99964
1.99961
1.99964
1.99967
1.99966
1.99966
1.99965
1.99963
1.99963
1.9996
1.99963
1.99967
1.99965
1.99965
1.99964
1.99962
1.99962
1.99959
1.99961
1.99966
1.99964
1.99964
1.99962
1.9996
1.99959
1.99955
1.99957
1.99965
1.99963
1.99963
1.99961
1.99959
1.99959
1.99953
1.99958
1.99964
1.99961
1.9996
1.99957
1.99954
1.9995
1.99944
1.99935
1.99806
1.99768
1.99747
1.99708
1.99668
1.99617
1.99555
1.99465
1.9981
1.99777
1.99761
1.9973
1.99695
1.99665
1.99603
1.99593
1.99814
1.99782
1.99766
1.99736
1.99703
1.99671
1.99616
1.99589
1.99818
1.99788
1.99774
1.99745
1.99715
1.99686
1.99634
1.99612
1.99821
1.99792
1.99777
1.9975
1.9972
1.99692
1.99641
1.99621
1.99822
1.99794
1.9978
1.99753
1.99724
1.99696
1.99645
1.99627
1.99822
1.99794
1.9978
1.99753
1.99724
1.99696
1.99645
1.99627
1.99821
1.99792
1.99777
1.9975
1.9972
1.99692
1.99641
1.99621
1.99818
1.99788
1.99774
1.99745
1.99715
1.99686
1.99634
1.99612
1.99814
1.99782
1.99766
1.99736
1.99703
1.99671
1.99616
1.99589
1.9981
1.99777
1.99761
1.9973
1.99695
1.99665
1.99603
1.99593
1.99806
1.99768
1.99747
1.99708
1.99668
1.99617
1.99555
1.99465
1.99559
1.99524
1.99506
1.99469
1.99431
1.99376
1.99317
1.99186
1.99568
1.99546
1.99536
1.99517
1.99489
1.99484
1.99418
1.9947
1.99578
1.99558
1.99548
1.99529
1.99505
1.99494
1.99446
1.99458
1.99588
1.99572
1.99565
1.99551
1.99532
1.99528
1.99483
1.99511
1.99595
1.99581
1.99574
1.99562
1.99544
1.99543
1.99499
1.99534
1.99599
1.99586
1.99579
1.99568
1.99551
1.99552
1.99508
1.9955
1.99599
1.99586
1.99579
1.99568
1.99551
1.99552
1.99508
1.9955
1.99595
1.99581
1.99574
1.99562
1.99544
1.99543
1.99499
1.99534
1.99588
1.99572
1.99565
1.99551
1.99532
1.99528
1.99483
1.99511
1.99578
1.99558
1.99548
1.99529
1.99505
1.99494
1.99446
1.99458
1.99568
1.99546
1.99536
1.99517
1.99489
1.99484
1.99418
1.9947
1.99559
1.99524
1.99506
1.99469
1.99431
1.99376
1.99317
1.99186
1.97655
1.9692
1.96591
1.95871
1.95279
1.94327
1.93686
1.91857
1.97698
1.97029
1.96733
1.96112
1.95544
1.94904
1.94066
1.93492
1.97744
1.97092
1.96802
1.96198
1.95645
1.95025
1.94229
1.93626
1.97789
1.97163
1.96888
1.96314
1.95783
1.95221
1.94416
1.93964
1.97823
1.97208
1.96938
1.96377
1.95855
1.95319
1.94516
1.94135
1.97841
1.97233
1.96967
1.96414
1.95897
1.95376
1.9457
1.94233
1.97841
1.97233
1.96967
1.96414
1.95897
1.95376
1.9457
1.94233
1.97823
1.97208
1.96938
1.96377
1.95855
1.95319
1.94516
1.94135
1.97789
1.97163
1.96888
1.96314
1.95783
1.95221
1.94416
1.93964
1.97744
1.97092
1.96802
1.96198
1.95645
1.95025
1.94229
1.93626
1.97698
1.97029
1.96733
1.96112
1.95544
1.94904
1.94066
1.93492
1.97655
1.9692
1.96591
1.95871
1.95279
1.94326
1.93686
1.91856
1.97952
1.97354
1.97097
1.96515
1.96069
1.95285
1.94888
1.93281
1.97991
1.9745
1.97219
1.96726
1.96292
1.95795
1.95187
1.9473
1.98034
1.97509
1.97284
1.96808
1.96386
1.95915
1.95334
1.94885
1.98076
1.97575
1.97363
1.96915
1.96511
1.96097
1.95498
1.95207
1.98107
1.97618
1.97411
1.96977
1.96581
1.96194
1.95595
1.95383
1.98124
1.97642
1.97438
1.97012
1.96621
1.9625
1.95645
1.9548
1.98124
1.97642
1.97438
1.97012
1.96621
1.9625
1.95645
1.9548
1.98107
1.97618
1.97411
1.96977
1.96581
1.96194
1.95595
1.95383
1.98076
1.97575
1.97363
1.96915
1.96511
1.96097
1.95498
1.95207
1.98034
1.97509
1.97284
1.96808
1.96386
1.95915
1.95334
1.94885
1.97991
1.9745
1.97219
1.96726
1.96292
1.95795
1.95187
1.9473
1.97952
1.97354
1.97097
1.96515
1.96069
1.95285
1.94888
1.93281
2.73092
2.99999
3.10244
3.36912
3.47581
3.93154
3.70642
4.94642
2.73104
2.988
3.09476
3.32616
3.48563
3.76909
3.86586
4.34526
2.72528
2.96461
3.06383
3.26794
3.42468
3.63119
3.76788
4.01666
2.71955
2.94775
3.04314
3.23294
3.38851
3.55893
3.73255
3.87035
2.71513
2.9345
3.0249
3.20446
3.35131
3.50257
3.66798
3.76039
2.71383
2.93017
3.01908
3.19557
3.33947
3.48645
3.64973
3.73498
2.7159
2.93339
3.02273
3.2003
3.34472
3.49337
3.6555
3.74565
2.72159
2.94549
3.03809
3.22227
3.37221
3.53113
3.69547
3.80863
2.73051
2.96506
3.0629
3.25901
3.41697
3.59863
3.76263
3.93586
2.74184
2.99348
3.09848
3.31593
3.47975
3.71236
3.83909
4.16881
2.75324
3.02183
3.13206
3.37602
3.53422
3.84697
3.89686
4.48892
2.76198
3.05253
3.16403
3.45516
3.56889
4.0802
3.80966
5.25308
2.28334
2.34487
2.36277
2.43063
2.44227
2.58516
2.47514
2.94158
2.27289
2.32383
2.33821
2.38666
2.40467
2.47647
2.44597
2.62304
2.26348
2.31406
2.33038
2.3758
2.4033
2.45728
2.46911
2.5741
2.25421
2.29888
2.31244
2.34933
2.37515
2.40524
2.43383
2.45918
2.24725
2.29024
2.3035
2.33775
2.36464
2.38577
2.42566
2.41735
2.24272
2.28378
2.29603
2.32775
2.35354
2.36846
2.41139
2.38338
2.24114
2.28214
2.29445
2.32608
2.35216
2.36658
2.41113
2.38064
2.24229
2.28413
2.29672
2.32944
2.35578
2.37303
2.41557
2.39459
2.24579
2.28984
2.30344
2.33921
2.3667
2.39187
2.43168
2.43593
2.25067
2.29772
2.31221
2.35245
2.37922
2.41797
2.44204
2.49323
2.25581
2.30637
2.32189
2.36805
2.39383
2.4505
2.46209
2.56642
2.25952
2.3156
2.33127
2.38992
2.40388
2.51457
2.44336
2.7763
2.16718
2.20376
2.22183
2.26281
2.28823
2.36511
2.35596
2.57494
2.16037
2.18951
2.20356
2.23347
2.2548
2.29879
2.3043
2.39563
2.15472
2.18475
2.20037
2.23074
2.25738
2.29847
2.32486
2.39846
2.14898
2.17531
2.18885
2.21432
2.23851
2.26768
2.29826
2.33476
2.1447
2.17055
2.1842
2.20887
2.23418
2.26007
2.29773
2.32028
2.14177
2.16657
2.17964
2.20293
2.22764
2.25013
2.28965
2.30136
2.14055
2.16546
2.17868
2.20204
2.2272
2.24935
2.29065
2.29996
2.14089
2.16634
2.17979
2.20369
2.22924
2.25217
2.29348
2.30446
2.14262
2.16933
2.18347
2.20882
2.23552
2.26101
2.30337
2.32038
2.14523
2.17379
2.18881
2.21624
2.24402
2.27342
2.31339
2.34031
2.14813
2.17878
2.19488
2.22469
2.25451
2.28762
2.33217
2.36173
2.15045
2.18508
2.20276
2.23898
2.26832
2.32315
2.3467
2.46409
2.08439
2.09678
2.10225
2.11627
2.12471
2.15248
2.14835
2.23646
2.08066
2.08874
2.09159
2.09975
2.10412
2.1166
2.11227
2.1443
2.0777
2.08673
2.09068
2.09987
2.10724
2.12035
2.12634
2.1551
2.07459
2.08164
2.08438
2.09104
2.09672
2.104
2.11063
2.12156
2.07223
2.07918
2.0821
2.08856
2.09497
2.10104
2.1115
2.11622
2.0705
2.07685
2.07942
2.0851
2.09114
2.09535
2.10672
2.10541
2.0696
2.07592
2.07851
2.08413
2.09035
2.09415
2.10665
2.10325
2.06947
2.07584
2.07845
2.08409
2.09039
2.09406
2.10685
2.10267
2.07004
2.0768
2.07964
2.08569
2.0925
2.09666
2.11066
2.10684
2.07109
2.07846
2.08161
2.08825
2.09564
2.10044
2.11477
2.11126
2.07236
2.08054
2.08419
2.09157
2.1004
2.10529
2.12486
2.11583
2.07343
2.08346
2.08797
2.09806
2.10755
2.12087
2.13522
2.15924
2.04371
2.05041
2.05393
2.06139
2.06704
2.08095
2.08246
2.12424
2.04181
2.04634
2.04846
2.05305
2.05633
2.06312
2.063
2.07898
2.04031
2.04537
2.04807
2.05329
2.05803
2.06551
2.07021
2.08578
2.03871
2.04282
2.04492
2.04893
2.05277
2.05756
2.06228
2.06957
2.03749
2.04158
2.04378
2.04775
2.05196
2.05627
2.06285
2.06736
2.03656
2.04037
2.0424
2.04601
2.05004
2.05346
2.06051
2.06203
2.03603
2.03983
2.04187
2.04544
2.04958
2.05276
2.06044
2.06075
2.03588
2.03969
2.04174
2.04529
2.04948
2.0525
2.06046
2.06
2.03608
2.04006
2.04222
2.04594
2.0504
2.05352
2.06229
2.06139
2.03652
2.04077
2.04309
2.04704
2.05185
2.05504
2.06435
2.06261
2.0371
2.04176
2.04435
2.04864
2.05428
2.05726
2.06977
2.0641
2.0376
2.04317
2.04624
2.05181
2.058
2.06473
2.07571
2.08458
2.02042
2.02326
2.02468
2.02782
2.03019
2.03608
2.03667
2.05515
2.01951
2.02132
2.02207
2.02385
2.02503
2.02765
2.02716
2.03387
2.01879
2.02086
2.02187
2.02397
2.02581
2.02883
2.03054
2.03723
2.01803
2.01964
2.02036
2.0219
2.0233
2.02507
2.02672
2.0296
2.01743
2.01903
2.01979
2.02131
2.02287
2.02443
2.02693
2.02852
2.01696
2.01843
2.01911
2.02045
2.02192
2.02306
2.02577
2.02593
2.01668
2.01813
2.01881
2.02013
2.02164
2.02265
2.02567
2.02517
2.01657
2.01802
2.0187
2.01999
2.02153
2.02243
2.0256
2.02462
2.01663
2.01815
2.01888
2.02023
2.0219
2.02281
2.02642
2.02507
2.01681
2.01844
2.01924
2.02069
2.02252
2.0234
2.02735
2.02536
2.01706
2.01889
2.01982
2.02143
2.02368
2.02442
2.03002
2.02597
2.01728
2.01953
2.02068
2.02286
2.0254
2.0278
2.03283
2.03525
2.00916
2.01044
2.01111
2.01252
2.01365
2.01627
2.01668
2.02483
2.00875
2.00958
2.00995
2.01078
2.01136
2.01256
2.01244
2.01548
2.00843
2.00937
2.00986
2.01082
2.0117
2.01309
2.01392
2.01698
2.00808
2.00883
2.00919
2.00991
2.01059
2.01145
2.01225
2.01365
2.00781
2.00855
2.00893
2.00964
2.01039
2.01115
2.01233
2.01315
2.00759
2.00827
2.00862
2.00926
2.00997
2.01054
2.01182
2.012
2.00746
2.00813
2.00848
2.0091
2.00983
2.01034
2.01175
2.01163
2.0074
2.00807
2.00841
2.00903
2.00976
2.01022
2.01171
2.01135
2.00741
2.00811
2.00848
2.00912
2.00991
2.01037
2.01206
2.0115
2.00749
2.00823
2.00863
2.0093
2.01017
2.0106
2.01245
2.01155
2.00759
2.00842
2.00888
2.00963
2.01068
2.01105
2.01366
2.01182
2.00768
2.0087
2.00925
2.01024
2.01142
2.0125
2.01487
2.01581
2.00381
2.00434
2.00462
2.0052
2.00567
2.00674
2.00692
2.01028
2.00364
2.00399
2.00414
2.00447
2.00471
2.0052
2.00515
2.0064
2.00351
2.00389
2.00409
2.00448
2.00484
2.00541
2.00575
2.00701
2.00336
2.00367
2.00381
2.00411
2.00438
2.00473
2.00505
2.00562
2.00324
2.00355
2.0037
2.00399
2.00429
2.0046
2.00507
2.0054
2.00315
2.00343
2.00357
2.00382
2.00411
2.00434
2.00485
2.00492
2.00309
2.00337
2.0035
2.00375
2.00405
2.00425
2.00482
2.00475
2.00306
2.00334
2.00347
2.00372
2.00401
2.00419
2.0048
2.00462
2.00307
2.00335
2.0035
2.00375
2.00407
2.00425
2.00494
2.00468
2.0031
2.0034
2.00356
2.00383
2.00418
2.00434
2.0051
2.00468
2.00314
2.00348
2.00366
2.00396
2.00439
2.00454
2.00561
2.00481
2.00317
2.00359
2.00381
2.00422
2.0047
2.00513
2.00612
2.00645
2.00143
2.00163
2.00174
2.00195
2.00213
2.00253
2.00261
2.00387
2.00137
2.0015
2.00156
2.00168
2.00178
2.00197
2.00195
2.00243
2.00131
2.00146
2.00154
2.00169
2.00182
2.00204
2.00217
2.00264
2.00126
2.00138
2.00143
2.00155
2.00165
2.00179
2.00191
2.00214
2.00121
2.00133
2.00139
2.0015
2.00162
2.00174
2.00192
2.00205
2.00118
2.00129
2.00134
2.00144
2.00155
2.00164
2.00184
2.00187
2.00116
2.00126
2.00132
2.00141
2.00152
2.00161
2.00182
2.0018
2.00115
2.00125
2.0013
2.0014
2.00151
2.00158
2.00181
2.00175
2.00115
2.00125
2.00131
2.00141
2.00153
2.0016
2.00186
2.00177
2.00116
2.00127
2.00133
2.00144
2.00157
2.00163
2.00192
2.00177
2.00117
2.0013
2.00137
2.00149
2.00165
2.00171
2.00211
2.00182
2.00118
2.00134
2.00143
2.00158
2.00176
2.00193
2.0023
2.00242
2.0003
2.00034
2.00036
2.0004
2.00043
2.0005
2.00051
2.00076
2.00029
2.00031
2.00032
2.00034
2.00035
2.00038
2.00037
2.00046
2.00028
2.0003
2.00032
2.00034
2.00036
2.0004
2.00042
2.00051
2.00027
2.00028
2.00029
2.00031
2.00033
2.00035
2.00036
2.0004
2.00026
2.00027
2.00028
2.0003
2.00032
2.00033
2.00036
2.00038
2.00025
2.00026
2.00027
2.00029
2.0003
2.00031
2.00034
2.00034
2.00024
2.00026
2.00027
2.00028
2.0003
2.0003
2.00034
2.00032
2.00024
2.00026
2.00026
2.00028
2.00029
2.0003
2.00034
2.00031
2.00024
2.00026
2.00026
2.00028
2.0003
2.0003
2.00035
2.00031
2.00024
2.00026
2.00027
2.00028
2.0003
2.00031
2.00036
2.00031
2.00024
2.00026
2.00028
2.00029
2.00032
2.00032
2.0004
2.00032
2.00025
2.00027
2.00029
2.00031
2.00034
2.00037
2.00044
2.00044
1.99957
1.99953
1.99951
1.99946
1.99943
1.99933
1.99936
1.99898
1.99959
1.99957
1.99957
1.99955
1.99955
1.99952
1.99956
1.99944
1.99961
1.99958
1.99957
1.99954
1.99953
1.99948
1.99948
1.99936
1.99962
1.99961
1.9996
1.99959
1.99958
1.99957
1.99956
1.99953
1.99964
1.99962
1.99962
1.9996
1.99959
1.99958
1.99956
1.99955
1.99965
1.99963
1.99963
1.99962
1.99961
1.99961
1.99958
1.99961
1.99965
1.99964
1.99964
1.99963
1.99962
1.99962
1.99958
1.99963
1.99966
1.99964
1.99964
1.99963
1.99962
1.99963
1.99959
1.99964
1.99966
1.99964
1.99964
1.99963
1.99961
1.99962
1.99957
1.99964
1.99965
1.99964
1.99963
1.99962
1.9996
1.99961
1.99955
1.99963
1.99965
1.99963
1.99962
1.9996
1.99958
1.99959
1.99949
1.99962
1.99964
1.99961
1.9996
1.99958
1.99954
1.99952
1.99944
1.99944
1.99773
1.9973
1.99707
1.9966
1.99621
1.99541
1.99514
1.99294
1.99783
1.9975
1.99735
1.99702
1.99676
1.99632
1.99615
1.99527
1.99791
1.99755
1.99737
1.99702
1.99669
1.99621
1.99582
1.99493
1.99799
1.99768
1.99754
1.99724
1.99696
1.99661
1.99623
1.99574
1.99805
1.99775
1.9976
1.9973
1.997
1.99668
1.99621
1.99585
1.9981
1.99781
1.99767
1.99739
1.9971
1.99682
1.99634
1.99612
1.99812
1.99784
1.9977
1.99743
1.99713
1.99687
1.99635
1.9962
1.99813
1.99785
1.99771
1.99744
1.99714
1.99689
1.99635
1.99625
1.99813
1.99784
1.99769
1.99741
1.9971
1.99684
1.99626
1.9962
1.99811
1.9978
1.99764
1.99736
1.99703
1.99677
1.99615
1.99616
1.99808
1.99775
1.99758
1.99727
1.9969
1.99665
1.99586
1.99608
1.99806
1.99768
1.99748
1.99711
1.9967
1.99627
1.99554
1.99501
1.99471
1.99423
1.99401
1.99342
1.9931
1.99176
1.99219
1.9873
1.99496
1.99476
1.9947
1.99449
1.99447
1.99402
1.9947
1.993
1.99515
1.99486
1.99472
1.99441
1.99418
1.99363
1.99361
1.99199
1.99536
1.99519
1.99513
1.99497
1.99485
1.99467
1.99463
1.99415
1.99552
1.99535
1.99527
1.99512
1.99494
1.99482
1.99451
1.99443
1.99565
1.99552
1.99546
1.99535
1.9952
1.9952
1.99482
1.99516
1.99573
1.9956
1.99554
1.99544
1.99526
1.9953
1.99483
1.99536
1.99576
1.99563
1.99557
1.99548
1.9953
1.99537
1.99486
1.9955
1.99574
1.9956
1.99552
1.99541
1.9952
1.99526
1.99464
1.99536
1.9957
1.99552
1.99544
1.9953
1.99505
1.99512
1.99444
1.99529
1.99563
1.99541
1.99529
1.99512
1.99476
1.99486
1.99375
1.99512
1.99558
1.99525
1.99508
1.99476
1.99436
1.99402
1.99313
1.99281
1.97323
1.96529
1.96178
1.95355
1.94799
1.93464
1.93323
1.89819
1.97435
1.96771
1.96497
1.95858
1.95405
1.94579
1.94335
1.92768
1.97523
1.96832
1.96524
1.95859
1.95308
1.94492
1.93894
1.92537
1.97614
1.96984
1.96713
1.96129
1.95628
1.95003
1.9437
1.93609
1.97682
1.97056
1.9678
1.96203
1.95679
1.95096
1.94343
1.93787
1.97732
1.97125
1.96859
1.96306
1.95794
1.95269
1.94489
1.94121
1.97759
1.97151
1.96885
1.96334
1.95815
1.95302
1.94488
1.94181
1.97763
1.97153
1.96885
1.96332
1.9581
1.95298
1.94472
1.94182
1.97748
1.97125
1.96849
1.96282
1.95743
1.95211
1.94352
1.9403
1.97718
1.97074
1.96788
1.96198
1.95641
1.95074
1.94217
1.93826
1.97682
1.97012
1.9671
1.96093
1.955
1.94906
1.93931
1.93602
1.97651
1.96924
1.96598
1.95892
1.95293
1.94401
1.93673
1.92128
1.97637
1.96997
1.96724
1.9606
1.95653
1.94537
1.94591
1.91497
1.9774
1.97214
1.97009
1.96509
1.9619
1.95535
1.95481
1.94141
1.97821
1.97269
1.97031
1.96507
1.96094
1.95451
1.95059
1.93931
1.97906
1.97409
1.97204
1.96754
1.96384
1.95919
1.95487
1.94921
1.97971
1.97476
1.97266
1.96822
1.9643
1.96005
1.95458
1.9509
1.98019
1.9754
1.9734
1.96918
1.96535
1.96165
1.9559
1.954
1.98044
1.97565
1.97363
1.96942
1.96553
1.96193
1.95585
1.9545
1.98049
1.97567
1.97363
1.96939
1.96546
1.96185
1.95568
1.95442
1.98035
1.97539
1.97328
1.96889
1.96481
1.96097
1.95452
1.95285
1.98008
1.97493
1.97272
1.96812
1.96388
1.95969
1.95334
1.95086
1.97975
1.97435
1.972
1.96713
1.96257
1.95805
1.95073
1.94852
1.97948
1.97358
1.97103
1.96536
1.96083
1.95359
1.94877
1.93544
3.46749
3.47835
3.58849
3.65353
3.69397
3.71416
3.71416
3.69399
3.65355
3.58855
3.47843
3.46753
3.82322
4.04803
4.05503
4.15545
4.1574
4.17466
4.17467
4.15741
4.15547
4.05506
4.048
3.82321
3.70564
4.05949
4.15841
4.27721
4.32505
4.35151
4.35151
4.32507
4.27723
4.15844
4.05953
3.70568
3.88997
4.25019
4.34815
4.48894
4.52864
4.56024
4.56024
4.52865
4.48896
4.34817
4.25019
3.88996
3.87954
4.30204
4.42598
4.57582
4.6287
4.66297
4.66297
4.62871
4.57583
4.42598
4.30205
3.87955
3.92135
4.35897
4.48894
4.64843
4.70324
4.7402
4.7402
4.70324
4.64843
4.48894
4.35897
3.92135
3.92044
4.37397
4.50623
4.67297
4.73146
4.7709
4.7709
4.73146
4.67296
4.50623
4.37397
3.92045
3.8981
4.35059
4.48278
4.65017
4.71274
4.75358
4.75358
4.71273
4.65016
4.48277
4.35058
3.8981
3.87923
4.32597
4.43168
4.60838
4.66558
4.70925
4.70924
4.66557
4.60837
4.43167
4.32597
3.87926
3.7641
4.18172
4.28675
4.44577
4.5086
4.54897
4.54897
4.50858
4.44575
4.28672
4.18168
3.76408
3.7404
4.15543
4.18367
4.3429
4.37922
4.41751
4.41751
4.37921
4.34289
4.18365
4.15546
3.74044
3.56684
3.7822
3.78343
3.91463
3.93085
3.96
3.96
3.93084
3.91462
3.78338
3.78213
3.56681
2.42235
2.57795
2.4671
2.54403
2.51499
2.52702
2.52702
2.51499
2.54403
2.46708
2.57792
2.42232
2.33057
2.58389
2.56531
2.62919
2.6419
2.65746
2.65746
2.6419
2.62919
2.5653
2.58389
2.33056
2.43051
2.59655
2.62559
2.68695
2.70438
2.72042
2.72042
2.70438
2.68694
2.62557
2.59654
2.4305
2.43505
2.61733
2.6586
2.72858
2.75368
2.7721
2.77209
2.75368
2.72857
2.65859
2.61732
2.43505
2.47418
2.61924
2.68279
2.74624
2.77598
2.79394
2.79394
2.77598
2.74623
2.68278
2.61924
2.47417
2.48228
2.62238
2.68991
2.75395
2.7849
2.80308
2.80308
2.78489
2.75394
2.6899
2.62237
2.48227
2.48786
2.61932
2.68774
2.7489
2.77911
2.79653
2.79653
2.7791
2.74889
2.68773
2.61931
2.48786
2.47114
2.60583
2.67046
2.72912
2.75788
2.77437
2.77437
2.75788
2.72912
2.67046
2.60582
2.47113
2.46608
2.59995
2.64765
2.70369
2.72587
2.7409
2.7409
2.72587
2.70369
2.64765
2.59994
2.46607
2.41113
2.55426
2.59473
2.64444
2.66542
2.67903
2.67903
2.66543
2.64444
2.59473
2.55426
2.41112
2.43235
2.57219
2.555
2.59677
2.60014
2.60968
2.60968
2.60014
2.59676
2.555
2.57218
2.43234
2.39011
2.41911
2.40705
2.45726
2.4651
2.48046
2.48046
2.46511
2.45726
2.40706
2.41913
2.39012
2.41272
2.50446
2.39999
2.436
2.40238
2.40504
2.40504
2.40238
2.436
2.40001
2.50449
2.41274
2.29586
2.48023
2.46754
2.51059
2.51913
2.52964
2.52964
2.51913
2.51059
2.46755
2.48021
2.29586
2.37709
2.50233
2.5339
2.58611
2.60365
2.61828
2.61828
2.60366
2.58612
2.53391
2.50235
2.3771
2.35623
2.51599
2.56838
2.63935
2.6712
2.69163
2.69163
2.6712
2.63935
2.56838
2.51599
2.35623
2.38372
2.52279
2.59928
2.67377
2.71422
2.73735
2.73735
2.71423
2.67378
2.59929
2.5228
2.38372
2.386
2.52801
2.61238
2.69211
2.73702
2.76207
2.76207
2.73702
2.69212
2.61238
2.52802
2.386
2.39274
2.52831
2.61465
2.69305
2.73826
2.76317
2.76317
2.73826
2.69306
2.61465
2.52832
2.39275
2.38792
2.51988
2.60074
2.67396
2.7161
2.73929
2.73929
2.7161
2.67396
2.60075
2.51989
2.38792
2.39308
2.51483
2.57804
2.64175
2.67505
2.69469
2.6947
2.67505
2.64175
2.57805
2.51484
2.3931
2.37568
2.48389
2.53104
2.57779
2.60246
2.61708
2.61708
2.60246
2.57778
2.53105
2.48389
2.37568
2.40032
2.4904
2.4868
2.51657
2.52219
2.53009
2.53009
2.52219
2.51658
2.4868
2.49043
2.40034
2.40334
2.39013
2.37533
2.38979
2.38912
2.39471
2.39471
2.38912
2.38979
2.37532
2.39011
2.40334
2.17436
2.22635
2.1603
2.17816
2.15625
2.15679
2.15679
2.15625
2.17816
2.16031
2.22635
2.17436
2.09262
2.19225
2.17929
2.19889
2.20076
2.20514
2.20514
2.20076
2.19889
2.17929
2.19225
2.09261
2.13992
2.1983
2.20653
2.22887
2.23389
2.23985
2.23985
2.23389
2.22887
2.20653
2.1983
2.13992
2.1195
2.19571
2.21374
2.24533
2.25814
2.26707
2.26707
2.25814
2.24533
2.21373
2.19571
2.1195
2.13349
2.1937
2.22351
2.25582
2.27283
2.28303
2.28303
2.27283
2.25582
2.22351
2.1937
2.13349
2.13254
2.19229
2.22557
2.25985
2.27903
2.29008
2.29008
2.27903
2.25985
2.22557
2.19229
2.13253
2.13639
2.19094
2.2251
2.25787
2.27682
2.28752
2.28752
2.27682
2.25787
2.2251
2.19094
2.13639
2.13525
2.18736
2.219
2.24849
2.26541
2.27491
2.27491
2.26541
2.24849
2.21899
2.18736
2.13524
2.14075
2.18752
2.21115
2.23523
2.24733
2.25467
2.25467
2.24733
2.23522
2.21115
2.18752
2.14075
2.13616
2.17691
2.19376
2.20914
2.21685
2.22156
2.22156
2.21685
2.20914
2.19375
2.17691
2.13615
2.15376
2.18559
2.17868
2.18661
2.18547
2.18716
2.18716
2.18547
2.1866
2.17868
2.18558
2.15377
2.16004
2.14123
2.13334
2.134
2.13189
2.13302
2.13302
2.13189
2.134
2.13334
2.14123
2.16004
2.10065
2.12677
2.09282
2.10149
2.09025
2.0904
2.0904
2.09025
2.10149
2.09283
2.12678
2.10065
2.05786
2.11015
2.10452
2.11516
2.11658
2.11903
2.11903
2.11658
2.11516
2.10451
2.11014
2.05786
2.08226
2.11448
2.12066
2.13363
2.1373
2.14089
2.14089
2.1373
2.13363
2.12067
2.11448
2.08226
2.07155
2.11384
2.12601
2.14459
2.15294
2.15841
2.15841
2.15294
2.14459
2.12601
2.11383
2.07155
2.07874
2.11348
2.13228
2.15197
2.16298
2.16941
2.16941
2.16298
2.15197
2.13228
2.11348
2.07874
2.07838
2.11307
2.13409
2.15514
2.16758
2.17461
2.17461
2.16758
2.15514
2.13409
2.11307
2.07839
2.08052
2.11241
2.13398
2.15426
2.16663
2.1735
2.1735
2.16663
2.15426
2.13398
2.11241
2.08053
2.08024
2.11033
2.13037
2.14862
2.1597
2.16581
2.16581
2.15971
2.14862
2.13038
2.11033
2.08024
2.08329
2.10969
2.12525
2.13998
2.14817
2.1529
2.1529
2.14817
2.13998
2.12525
2.10969
2.0833
2.08134
2.10356
2.11477
2.12413
2.12941
2.13242
2.13243
2.12942
2.12413
2.11478
2.10356
2.08134
2.09057
2.10641
2.10485
2.10942
2.10963
2.11077
2.11077
2.10963
2.10942
2.10485
2.10642
2.09057
2.09351
2.08249
2.07973
2.07923
2.07845
2.07887
2.07887
2.07845
2.07923
2.07973
2.08249
2.09351
2.04449
2.05684
2.04039
2.04426
2.03881
2.03879
2.03879
2.03881
2.04426
2.04039
2.05684
2.04449
2.02349
2.04813
2.04501
2.0497
2.05012
2.05114
2.05114
2.05012
2.0497
2.04501
2.04813
2.02349
2.03488
2.04958
2.05186
2.0575
2.05889
2.06039
2.06039
2.05889
2.0575
2.05187
2.04958
2.03488
2.02946
2.04868
2.05364
2.06183
2.06537
2.06775
2.06775
2.06537
2.06183
2.05364
2.04868
2.02946
2.03265
2.04805
2.056
2.06463
2.0694
2.07221
2.07221
2.0694
2.06463
2.056
2.04805
2.03265
2.03239
2.04755
2.05647
2.06566
2.07107
2.07415
2.07415
2.07107
2.06566
2.05647
2.04755
2.03239
2.0334
2.0471
2.05627
2.06503
2.07038
2.07336
2.07336
2.07038
2.06503
2.05627
2.0471
2.0334
2.03338
2.04618
2.05468
2.06244
2.06716
2.06976
2.06976
2.06716
2.06244
2.05468
2.04618
2.03338
2.03505
2.04607
2.0526
2.05871
2.06206
2.06401
2.06401
2.06206
2.0587
2.0526
2.04607
2.03505
2.03435
2.04355
2.04822
2.05186
2.0539
2.05505
2.05505
2.0539
2.05186
2.04822
2.04355
2.03435
2.03917
2.04528
2.04423
2.04576
2.04554
2.04587
2.04587
2.04554
2.04576
2.04423
2.04528
2.03917
2.04042
2.0343
2.03326
2.0325
2.03208
2.03213
2.03213
2.03207
2.0325
2.03326
2.0343
2.04042
2.02035
2.02589
2.01859
2.02029
2.0179
2.01789
2.01789
2.0179
2.02029
2.01859
2.02589
2.02035
2.01099
2.02207
2.02076
2.0229
2.02313
2.0236
2.0236
2.02313
2.0229
2.02076
2.02207
2.01099
2.01605
2.02276
2.02391
2.0265
2.0272
2.02791
2.02791
2.0272
2.0265
2.02391
2.02276
2.01605
2.01369
2.02241
2.0248
2.02856
2.03024
2.03135
2.03135
2.03024
2.02856
2.0248
2.02241
2.01369
2.0151
2.02217
2.02589
2.02989
2.03214
2.03345
2.03345
2.03214
2.02989
2.02589
2.02217
2.0151
2.01502
2.02196
2.02614
2.03039
2.03293
2.03438
2.03438
2.03293
2.03039
2.02614
2.02196
2.01502
2.01547
2.02174
2.02603
2.0301
2.03261
2.03401
2.03401
2.03261
2.0301
2.02603
2.02174
2.01547
2.01548
2.0213
2.02529
2.02889
2.03111
2.03233
2.03233
2.03111
2.02889
2.02529
2.0213
2.01548
2.01622
2.02118
2.02428
2.0271
2.02871
2.02962
2.02962
2.02871
2.02711
2.02428
2.02118
2.01622
2.01588
2.02
2.02223
2.02392
2.02491
2.02545
2.02545
2.02491
2.02392
2.02223
2.02
2.01588
2.01808
2.02066
2.02034
2.02104
2.021
2.02116
2.02116
2.021
2.02104
2.02034
2.02066
2.01808
2.01846
2.01562
2.01533
2.01495
2.01482
2.01484
2.01484
2.01482
2.01495
2.01533
2.01562
2.01846
2.00843
2.01073
2.00769
2.00837
2.00739
2.00737
2.00737
2.00739
2.00837
2.00769
2.01073
2.00843
2.00451
2.00913
2.00858
2.00945
2.00954
2.00973
2.00973
2.00954
2.00945
2.00858
2.00913
2.00451
2.00659
2.00938
2.00985
2.01092
2.01121
2.01149
2.01149
2.01121
2.01092
2.00985
2.00938
2.00659
2.00561
2.00922
2.0102
2.01175
2.01245
2.0129
2.0129
2.01245
2.01175
2.0102
2.00922
2.00561
2.00618
2.0091
2.01063
2.01228
2.01321
2.01376
2.01376
2.01321
2.01228
2.01063
2.0091
2.00618
2.00614
2.009
2.01072
2.01247
2.01352
2.01412
2.01412
2.01352
2.01247
2.01072
2.009
2.00614
2.00633
2.0089
2.01067
2.01233
2.01337
2.01395
2.01395
2.01337
2.01233
2.01067
2.0089
2.00633
2.00634
2.00871
2.01035
2.01182
2.01274
2.01324
2.01324
2.01274
2.01182
2.01035
2.00871
2.00634
2.00666
2.00866
2.00994
2.01108
2.01174
2.01211
2.01211
2.01174
2.01108
2.00994
2.00866
2.00666
2.00652
2.00818
2.0091
2.00977
2.01017
2.01039
2.01039
2.01017
2.00977
2.0091
2.00818
2.00652
2.00746
2.00846
2.00833
2.00859
2.00856
2.00862
2.00862
2.00856
2.00859
2.00833
2.00846
2.00747
2.00759
2.00635
2.00626
2.00607
2.00603
2.00603
2.00603
2.00602
2.00607
2.00626
2.00635
2.00759
2.00318
2.00404
2.00292
2.00316
2.00281
2.0028
2.0028
2.00281
2.00316
2.00292
2.00404
2.00318
2.00172
2.00345
2.00326
2.00359
2.00362
2.00369
2.00369
2.00362
2.00358
2.00326
2.00345
2.00172
2.0025
2.00355
2.00374
2.00414
2.00426
2.00436
2.00436
2.00426
2.00414
2.00374
2.00355
2.0025
2.00214
2.00349
2.00388
2.00446
2.00473
2.0049
2.0049
2.00473
2.00446
2.00388
2.00349
2.00214
2.00235
2.00345
2.00404
2.00466
2.00502
2.00522
2.00522
2.00502
2.00466
2.00404
2.00345
2.00235
2.00234
2.00341
2.00407
2.00473
2.00513
2.00536
2.00536
2.00513
2.00473
2.00407
2.00341
2.00234
2.0024
2.00337
2.00405
2.00468
2.00508
2.00529
2.00529
2.00508
2.00468
2.00405
2.00337
2.0024
2.00241
2.0033
2.00393
2.00448
2.00483
2.00502
2.00502
2.00483
2.00448
2.00393
2.0033
2.00241
2.00252
2.00328
2.00377
2.0042
2.00445
2.00459
2.00459
2.00445
2.0042
2.00377
2.00328
2.00253
2.00247
2.00309
2.00344
2.0037
2.00385
2.00394
2.00394
2.00385
2.0037
2.00344
2.00309
2.00247
2.00283
2.00319
2.00315
2.00325
2.00324
2.00326
2.00326
2.00324
2.00325
2.00315
2.00319
2.00283
2.00286
2.00239
2.00237
2.0023
2.00228
2.00228
2.00228
2.00228
2.0023
2.00237
2.00239
2.00286
2.00061
2.00079
2.00055
2.0006
2.00052
2.00052
2.00052
2.00052
2.0006
2.00055
2.00079
2.00061
2.00029
2.00066
2.00061
2.00067
2.00067
2.00069
2.00069
2.00067
2.00067
2.00061
2.00066
2.00029
2.00045
2.00067
2.00069
2.00077
2.00078
2.0008
2.0008
2.00078
2.00077
2.00069
2.00067
2.00045
2.00038
2.00065
2.00071
2.00082
2.00087
2.0009
2.0009
2.00087
2.00082
2.00071
2.00065
2.00038
2.00042
2.00063
2.00073
2.00085
2.00091
2.00095
2.00095
2.00091
2.00085
2.00073
2.00063
2.00042
2.00042
2.00062
2.00074
2.00086
2.00093
2.00097
2.00097
2.00093
2.00086
2.00074
2.00062
2.00042
2.00043
2.00061
2.00073
2.00084
2.00091
2.00095
2.00095
2.00091
2.00084
2.00073
2.00061
2.00043
2.00043
2.0006
2.00071
2.00081
2.00087
2.0009
2.0009
2.00087
2.00081
2.00071
2.0006
2.00043
2.00046
2.0006
2.00068
2.00076
2.0008
2.00082
2.00082
2.0008
2.00076
2.00068
2.0006
2.00046
2.00045
2.00056
2.00062
2.00067
2.00069
2.0007
2.0007
2.00069
2.00067
2.00062
2.00056
2.00045
2.00053
2.00059
2.00057
2.00059
2.00058
2.00058
2.00058
2.00058
2.00059
2.00057
2.00059
2.00053
2.00053
2.00043
2.00042
2.00041
2.0004
2.0004
2.0004
2.0004
2.00041
2.00042
2.00043
2.00053
1.99925
1.99896
1.99935
1.99926
1.99939
1.99939
1.99939
1.99939
1.99926
1.99935
1.99896
1.99925
1.99973
1.9992
1.9993
1.99921
1.99922
1.9992
1.9992
1.99922
1.99921
1.9993
1.9992
1.99973
1.99947
1.99919
1.99919
1.99909
1.99909
1.99907
1.99907
1.99909
1.99909
1.99919
1.99919
1.99947
1.9996
1.99923
1.99918
1.99905
1.999
1.99897
1.99897
1.999
1.99905
1.99918
1.99923
1.9996
1.99953
1.99926
1.99915
1.99902
1.99895
1.99891
1.99891
1.99895
1.99902
1.99915
1.99926
1.99953
1.99953
1.99928
1.99915
1.99901
1.99894
1.99889
1.99889
1.99894
1.99901
1.99915
1.99928
1.99953
1.99951
1.99929
1.99916
1.99903
1.99895
1.99891
1.99891
1.99895
1.99903
1.99916
1.99929
1.99951
1.99951
1.9993
1.99918
1.99907
1.999
1.99897
1.99897
1.999
1.99907
1.99918
1.9993
1.99951
1.99946
1.99929
1.9992
1.99911
1.99907
1.99905
1.99905
1.99907
1.99911
1.9992
1.99929
1.99946
1.99948
1.99933
1.99926
1.99922
1.9992
1.99919
1.99919
1.9992
1.99922
1.99926
1.99933
1.99948
1.99936
1.99927
1.99931
1.9993
1.99931
1.99931
1.99931
1.99931
1.9993
1.99931
1.99927
1.99936
1.99934
1.99948
1.9995
1.99953
1.99954
1.99954
1.99954
1.99954
1.99953
1.9995
1.99948
1.99934
1.99393
1.99265
1.9943
1.99386
1.9944
1.99439
1.99439
1.9944
1.99386
1.9943
1.99265
1.99393
1.99606
1.99332
1.9935
1.99289
1.99276
1.9926
1.99261
1.99276
1.99289
1.9935
1.99332
1.99606
1.99486
1.99303
1.99253
1.99173
1.99144
1.99121
1.99121
1.99144
1.99173
1.99253
1.99303
1.99486
1.99538
1.99299
1.99213
1.991
1.99043
1.99007
1.99007
1.99043
1.991
1.99213
1.99299
1.99538
1.99503
1.99297
1.99174
1.9905
1.98977
1.98935
1.98935
1.98977
1.9905
1.99174
1.99297
1.99503
1.99505
1.99298
1.99161
1.99029
1.98947
1.98901
1.98901
1.98947
1.99029
1.99161
1.99298
1.99505
1.99494
1.99303
1.99163
1.99036
1.98954
1.9891
1.9891
1.98954
1.99036
1.99163
1.99303
1.99494
1.99496
1.99317
1.99187
1.99073
1.99
1.98961
1.98961
1.99
1.99073
1.99187
1.99317
1.99496
1.99481
1.99326
1.99224
1.99132
1.99077
1.99047
1.99047
1.99077
1.99132
1.99224
1.99326
1.99481
1.99491
1.99365
1.9929
1.99232
1.99196
1.99176
1.99176
1.99196
1.99232
1.9929
1.99365
1.99491
1.99445
1.99361
1.99358
1.9933
1.99324
1.99316
1.99316
1.99324
1.9933
1.99358
1.99361
1.99445
1.99434
1.99496
1.99503
1.99508
1.9951
1.99508
1.99508
1.9951
1.99508
1.99503
1.99496
1.99434
1.99091
1.98727
1.99201
1.99086
1.99246
1.99246
1.99246
1.99246
1.99086
1.99201
1.98727
1.99091
1.99679
1.99027
1.99141
1.99031
1.99034
1.99013
1.99013
1.99034
1.99031
1.99141
1.99027
1.99679
1.99346
1.99002
1.98996
1.9888
1.98873
1.98846
1.98846
1.98873
1.9888
1.98996
1.99002
1.99346
1.99502
1.99049
1.98987
1.98819
1.98764
1.9872
1.9872
1.98764
1.98819
1.98987
1.99049
1.99502
1.99406
1.99077
1.98945
1.98779
1.987
1.98649
1.98649
1.987
1.98779
1.98945
1.99077
1.99406
1.99414
1.99097
1.98944
1.98769
1.98677
1.98622
1.98622
1.98677
1.98769
1.98944
1.99097
1.99414
1.99383
1.99107
1.98947
1.98783
1.98693
1.9864
1.9864
1.98693
1.98783
1.98947
1.99107
1.99383
1.99383
1.99125
1.98975
1.98832
1.98752
1.98707
1.98707
1.98752
1.98832
1.98975
1.99125
1.99383
1.99335
1.99114
1.99003
1.98892
1.9884
1.98807
1.98807
1.9884
1.98892
1.99003
1.99114
1.99335
1.99357
1.99163
1.99084
1.99022
1.98993
1.98975
1.98975
1.98993
1.99022
1.99084
1.99163
1.99357
1.99222
1.99091
1.99143
1.9912
1.99138
1.99136
1.99136
1.99138
1.9912
1.99143
1.99091
1.99222
1.99194
1.99353
1.99384
1.99403
1.99415
1.99413
1.99413
1.99415
1.99403
1.99384
1.99353
1.99194
1.91953
1.90239
1.92022
1.91382
1.91947
1.91897
1.91897
1.91947
1.91382
1.92021
1.90239
1.91953
1.94183
1.90927
1.90989
1.90177
1.89947
1.89734
1.89734
1.89947
1.90177
1.90989
1.90927
1.94183
1.92597
1.90417
1.89743
1.88767
1.8839
1.88103
1.88103
1.8839
1.88767
1.89743
1.90417
1.92597
1.93094
1.90255
1.89206
1.8789
1.87242
1.86846
1.86846
1.87242
1.8789
1.89206
1.90255
1.93094
1.92579
1.90134
1.88675
1.87301
1.86505
1.86059
1.86059
1.86505
1.87301
1.88675
1.90134
1.92579
1.9257
1.90087
1.88495
1.8704
1.86167
1.8569
1.8569
1.86167
1.8704
1.88495
1.90087
1.9257
1.92449
1.90121
1.88502
1.87091
1.86224
1.85757
1.85757
1.86224
1.87091
1.88502
1.90121
1.92449
1.92515
1.90307
1.88789
1.87496
1.867
1.86275
1.86275
1.867
1.87496
1.88789
1.90307
1.92515
1.92435
1.90472
1.89248
1.88155
1.87525
1.87175
1.87175
1.87525
1.88155
1.89248
1.90472
1.92435
1.92677
1.91016
1.90077
1.89308
1.88846
1.88595
1.88595
1.88846
1.89308
1.90077
1.91016
1.92677
1.92321
1.91078
1.90958
1.90495
1.90354
1.90222
1.90222
1.90354
1.90495
1.90958
1.91078
1.92321
1.92312
1.92711
1.9276
1.9264
1.92608
1.9254
1.9254
1.92608
1.9264
1.9276
1.92711
1.92312
1.93671
1.92094
1.93795
1.93235
1.93794
1.93763
1.93763
1.93794
1.93235
1.93795
1.92094
1.93671
1.95721
1.92875
1.93066
1.92435
1.92309
1.92159
1.9216
1.9231
1.92435
1.93066
1.92875
1.95721
1.94273
1.92501
1.92107
1.9139
1.9118
1.90987
1.90987
1.9118
1.9139
1.92107
1.92501
1.94273
1.94742
1.9244
1.91764
1.90795
1.90376
1.90104
1.90104
1.90376
1.90795
1.91764
1.9244
1.94742
1.94275
1.92385
1.91378
1.90395
1.89867
1.89564
1.89564
1.89867
1.90395
1.91378
1.92385
1.94275
1.94271
1.92367
1.91259
1.9022
1.89635
1.8931
1.8931
1.89635
1.9022
1.91259
1.92367
1.94271
1.94155
1.9239
1.91252
1.90249
1.89665
1.89348
1.89348
1.89665
1.90249
1.91252
1.9239
1.94155
1.94207
1.92518
1.91445
1.90522
1.89984
1.89694
1.89694
1.89984
1.90522
1.91445
1.92518
1.94207
1.94116
1.92597
1.91741
1.90956
1.90536
1.90297
1.90297
1.90536
1.90956
1.91741
1.92597
1.94116
1.94333
1.93003
1.92342
1.91786
1.91476
1.91304
1.91304
1.91476
1.91786
1.92342
1.93004
1.94333
1.93973
1.92946
1.92944
1.92603
1.92538
1.92449
1.92449
1.92538
1.92603
1.92944
1.92946
1.93973
1.93983
1.94317
1.94395
1.94283
1.9427
1.94212
1.94212
1.9427
1.94283
1.94395
1.94317
1.93983
)
;

boundaryField
{
    inlet
    {
        type            fixedValue;
        value           uniform 4;
    }
    wall
    {
        type            myTemperature;
        value           nonuniform List<scalar> 
720
(
2.72126
2.69753
2.66553
2.62557
2.58552
2.55847
2.55847
2.58552
2.62557
2.66553
2.69752
2.72125
2.29027
2.29697
2.30537
2.31891
2.33479
2.34661
2.34661
2.33479
2.31891
2.30537
2.29697
2.29027
2.17129
2.1754
2.18058
2.18925
2.1994
2.20698
2.20698
2.1994
2.18925
2.18058
2.1754
2.17129
2.08657
2.08879
2.09145
2.09593
2.10108
2.10492
2.10492
2.10108
2.09593
2.09145
2.08879
2.08657
2.0448
2.04592
2.04726
2.04951
2.05209
2.054
2.054
2.05209
2.04951
2.04726
2.04592
2.0448
2.02094
2.02146
2.02208
2.02312
2.02431
2.0252
2.0252
2.02431
2.02312
2.02208
2.02146
2.02094
2.00939
2.00963
2.00991
2.01038
2.01091
2.01131
2.01131
2.01091
2.01038
2.00991
2.00963
2.00939
2.00391
2.00401
2.00413
2.00432
2.00454
2.00471
2.00471
2.00454
2.00432
2.00413
2.00401
2.00391
2.00147
2.0015
2.00155
2.00162
2.00171
2.00177
2.00177
2.00171
2.00162
2.00155
2.0015
2.00147
2.00031
2.00032
2.00033
2.00035
2.00036
2.00038
2.00038
2.00036
2.00035
2.00033
2.00032
2.00031
1.99956
1.99955
1.99953
1.99951
1.99948
1.99947
1.99947
1.99948
1.99951
1.99953
1.99955
1.99956
1.99768
1.99763
1.99756
1.99745
1.99733
1.99724
1.99724
1.99733
1.99745
1.99756
1.99763
1.99768
1.99457
1.99441
1.99424
1.99394
1.99361
1.99336
1.99336
1.99361
1.99394
1.99424
1.99441
1.99457
1.97254
1.9718
1.97088
1.96937
1.96765
1.96637
1.96637
1.96765
1.96937
1.97088
1.9718
1.97254
1.97574
1.97506
1.97423
1.97289
1.97136
1.97023
1.97023
1.97136
1.97289
1.97423
1.97506
1.97574
2.76192
2.75317
2.74178
2.73045
2.72153
2.71584
2.71377
2.71508
2.71949
2.72522
2.73098
2.73087
2.25956
2.25585
2.25071
2.24583
2.24232
2.24117
2.24276
2.24729
2.25425
2.26352
2.27293
2.28339
2.15042
2.1481
2.1452
2.14259
2.14086
2.14051
2.14174
2.14467
2.14895
2.15469
2.16034
2.16715
2.07344
2.07237
2.0711
2.07005
2.06948
2.06961
2.07051
2.07225
2.0746
2.07771
2.08068
2.0844
2.03759
2.03709
2.03651
2.03607
2.03587
2.03602
2.03655
2.03748
2.03871
2.0403
2.0418
2.0437
2.01728
2.01706
2.01681
2.01663
2.01657
2.01668
2.01696
2.01743
2.01803
2.01879
2.01952
2.02042
2.00768
2.00759
2.00748
2.00741
2.0074
2.00745
2.00759
2.00781
2.00808
2.00842
2.00875
2.00916
2.00317
2.00314
2.0031
2.00307
2.00306
2.00309
2.00315
2.00324
2.00336
2.00351
2.00364
2.00381
2.00118
2.00117
2.00116
2.00115
2.00115
2.00116
2.00118
2.00121
2.00126
2.00131
2.00137
2.00143
2.00025
2.00024
2.00024
2.00024
2.00024
2.00024
2.00025
2.00026
2.00027
2.00028
2.00029
2.0003
1.99964
1.99965
1.99965
1.99966
1.99966
1.99965
1.99965
1.99964
1.99962
1.99961
1.99959
1.99957
1.99806
1.99808
1.99811
1.99813
1.99813
1.99812
1.9981
1.99805
1.99799
1.99791
1.99783
1.99773
1.99558
1.99563
1.9957
1.99574
1.99576
1.99573
1.99565
1.99552
1.99536
1.99515
1.99496
1.99471
1.97651
1.97682
1.97718
1.97748
1.97763
1.97759
1.97732
1.97682
1.97614
1.97523
1.97435
1.97323
1.97948
1.97975
1.98008
1.98035
1.98049
1.98044
1.98019
1.97971
1.97906
1.97821
1.9774
1.97637
2.76234
2.75475
2.74428
2.73418
2.72664
2.72268
2.72268
2.72664
2.73418
2.74428
2.75474
2.76234
2.25929
2.25489
2.24907
2.2433
2.23877
2.23632
2.23632
2.23877
2.2433
2.24907
2.25489
2.25929
2.15026
2.14749
2.14415
2.1409
2.1384
2.13705
2.13705
2.1384
2.1409
2.14415
2.14749
2.15026
2.07331
2.07185
2.07023
2.06866
2.06749
2.06685
2.06685
2.06749
2.06866
2.07023
2.07185
2.07331
2.03751
2.03676
2.03596
2.03519
2.03462
2.03431
2.03431
2.03462
2.03519
2.03596
2.03676
2.03751
2.01724
2.01687
2.01649
2.01613
2.01586
2.01572
2.01572
2.01586
2.01613
2.01649
2.01687
2.01724
2.00766
2.00749
2.00732
2.00716
2.00704
2.00698
2.00698
2.00704
2.00716
2.00732
2.00749
2.00766
2.00316
2.00309
2.00302
2.00295
2.0029
2.00288
2.00288
2.0029
2.00295
2.00302
2.00309
2.00316
2.00118
2.00115
2.00113
2.0011
2.00108
2.00107
2.00107
2.00108
2.0011
2.00113
2.00115
2.00118
2.00025
2.00024
2.00023
2.00023
2.00022
2.00022
2.00022
2.00022
2.00023
2.00023
2.00024
2.00025
1.99964
1.99965
1.99966
1.99967
1.99967
1.99968
1.99968
1.99967
1.99967
1.99966
1.99965
1.99964
1.99806
1.9981
1.99814
1.99818
1.99821
1.99822
1.99822
1.99821
1.99818
1.99814
1.9981
1.99806
1.99559
1.99568
1.99578
1.99588
1.99595
1.99599
1.99599
1.99595
1.99588
1.99578
1.99568
1.99559
1.97655
1.97698
1.97744
1.97789
1.97823
1.97841
1.97841
1.97823
1.97789
1.97744
1.97698
1.97655
1.97952
1.97991
1.98034
1.98076
1.98107
1.98124
1.98124
1.98107
1.98076
1.98034
1.97991
1.97952
2.73087
2.73098
2.72522
2.71949
2.71508
2.71377
2.71584
2.72153
2.73045
2.74178
2.75318
2.76192
2.28338
2.27293
2.26352
2.25425
2.24729
2.24276
2.24118
2.24232
2.24583
2.25071
2.25585
2.25956
2.16715
2.16034
2.15469
2.14895
2.14467
2.14174
2.14051
2.14086
2.14259
2.1452
2.14809
2.15042
2.0844
2.08068
2.07771
2.0746
2.07225
2.07051
2.06961
2.06948
2.07005
2.0711
2.07237
2.07344
2.0437
2.0418
2.0403
2.03871
2.03748
2.03655
2.03602
2.03587
2.03607
2.03651
2.03709
2.03759
2.02042
2.01952
2.01879
2.01803
2.01743
2.01696
2.01668
2.01657
2.01663
2.01681
2.01707
2.01728
2.00916
2.00875
2.00842
2.00808
2.00781
2.00759
2.00745
2.0074
2.00741
2.00748
2.00759
2.00768
2.00381
2.00364
2.00351
2.00336
2.00324
2.00315
2.00309
2.00306
2.00307
2.0031
2.00314
2.00317
2.00143
2.00137
2.00131
2.00126
2.00121
2.00118
2.00116
2.00115
2.00115
2.00116
2.00117
2.00118
2.0003
2.00029
2.00028
2.00027
2.00026
2.00025
2.00024
2.00024
2.00024
2.00024
2.00024
2.00025
1.99957
1.99959
1.99961
1.99962
1.99964
1.99965
1.99965
1.99966
1.99966
1.99965
1.99965
1.99964
1.99773
1.99783
1.99791
1.99799
1.99805
1.9981
1.99812
1.99813
1.99813
1.99811
1.99808
1.99806
1.99471
1.99496
1.99515
1.99536
1.99552
1.99565
1.99573
1.99576
1.99574
1.9957
1.99563
1.99558
1.97323
1.97435
1.97523
1.97614
1.97682
1.97732
1.97759
1.97763
1.97748
1.97718
1.97682
1.97651
1.97637
1.9774
1.97821
1.97906
1.97971
1.98019
1.98044
1.98049
1.98035
1.98008
1.97975
1.97948
)
;
    }
    outlet
    {
        type            fixedValue;
        value           uniform 1;
    }
}


// ************************************************************************* //
