/*--------------------------------*- C++ -*----------------------------------*\
| =========                 |                                                 |
| \\      /  F ield         | OpenFOAM: The Open Source CFD Toolbox           |
|  \\    /   O peration     | Version:  2.2.0                                 |
|   \\  /    A nd           | Web:      www.OpenFOAM.org                      |
|    \\/     M anipulation  |                                                 |
\*---------------------------------------------------------------------------*/
FoamFile
{
    version     2.0;
    format      ascii;
    class       volScalarField;
    location    "8";
    object      Theta;
}
// * * * * * * * * * * * * * * * * * * * * * * * * * * * * * * * * * * * * * //

dimensions      [0 2 -2 0 0 0 0];

internalField   nonuniform List<scalar> 
7920
(
2.70638
2.93788
3.06964
3.27458
3.44887
3.76002
3.72687
4.77284
2.68298
2.89122
3.00858
3.1849
3.34671
3.55822
3.64863
4.09829
2.65124
2.84331
2.95212
3.11279
3.26703
3.43909
3.57931
3.83032
2.61182
2.78493
2.88225
3.02527
3.16318
3.30447
3.44622
3.58261
2.57227
2.73426
2.82556
2.95996
3.08997
3.22
3.36149
3.45749
2.5456
2.70177
2.78978
2.91975
3.04535
3.17006
3.30908
3.38807
2.5456
2.70177
2.78978
2.91975
3.04534
3.17006
3.30908
3.38806
2.57227
2.73426
2.82556
2.95995
3.08996
3.21999
3.36149
3.45746
2.61182
2.78493
2.88225
3.02526
3.16317
3.30445
3.4462
3.58256
2.65124
2.84332
2.95212
3.1128
3.26703
3.43908
3.57931
3.83027
2.68298
2.89122
3.00859
3.18492
3.34672
3.55823
3.64863
4.09823
2.70638
2.93783
3.0696
3.27456
3.44887
3.76003
3.72688
4.7729
2.29804
2.36015
2.39145
2.44686
2.49573
2.57727
2.59469
2.83795
2.30421
2.36089
2.38919
2.43733
2.48452
2.5362
2.60011
2.65129
2.31273
2.363
2.38719
2.42803
2.46807
2.50415
2.562
2.56481
2.32598
2.37038
2.3914
2.42667
2.46123
2.48936
2.54308
2.52757
2.34191
2.38054
2.39856
2.42881
2.45812
2.4806
2.52589
2.5034
2.35368
2.38841
2.40463
2.43187
2.45824
2.47821
2.5189
2.49638
2.35368
2.38841
2.40463
2.43187
2.45824
2.47821
2.5189
2.49638
2.34191
2.38054
2.39856
2.42881
2.45812
2.4806
2.52589
2.50341
2.32598
2.37038
2.3914
2.42667
2.46123
2.48935
2.54308
2.52758
2.31273
2.36299
2.38719
2.42803
2.46806
2.50415
2.562
2.56483
2.30421
2.36089
2.38918
2.43733
2.48451
2.53619
2.60011
2.65131
2.29804
2.36016
2.39147
2.44687
2.49573
2.57727
2.59468
2.83795
2.16503
2.19089
2.20776
2.23329
2.2613
2.2946
2.33285
2.38276
2.169
2.1915
2.20628
2.22789
2.25332
2.27466
2.32595
2.30471
2.17448
2.19294
2.20486
2.22207
2.24196
2.257
2.29481
2.27063
2.18302
2.19836
2.20847
2.22289
2.23973
2.25276
2.28523
2.26811
2.19318
2.2053
2.21357
2.22523
2.23902
2.24983
2.27598
2.26328
2.20066
2.21064
2.21785
2.2279
2.24009
2.25001
2.27323
2.26443
2.20066
2.21064
2.21785
2.2279
2.24009
2.25001
2.27323
2.26443
2.19318
2.2053
2.21357
2.22523
2.23902
2.24984
2.27598
2.26327
2.18302
2.19836
2.20847
2.22289
2.23973
2.25275
2.28523
2.2681
2.17448
2.19294
2.20486
2.22207
2.24197
2.25701
2.29481
2.27062
2.169
2.19151
2.20629
2.22789
2.25333
2.27467
2.32596
2.30471
2.16503
2.19087
2.20775
2.23329
2.26131
2.29462
2.33287
2.38281
2.08762
2.09846
2.10547
2.11606
2.12856
2.14104
2.1645
2.16996
2.08974
2.09912
2.10517
2.11404
2.1251
2.13267
2.16003
2.13646
2.09261
2.10017
2.10483
2.11166
2.11984
2.12487
2.14332
2.12342
2.09706
2.10347
2.10745
2.11328
2.12022
2.12502
2.1403
2.12788
2.10228
2.10741
2.11064
2.11536
2.12099
2.12508
2.13697
2.12867
2.10611
2.11038
2.11319
2.11728
2.12227
2.12613
2.13658
2.13112
2.10611
2.11038
2.11319
2.11728
2.12227
2.12613
2.13658
2.13112
2.10228
2.10741
2.11064
2.11536
2.12099
2.12508
2.13697
2.12867
2.09706
2.10347
2.10745
2.11328
2.12022
2.12502
2.1403
2.12788
2.09261
2.10017
2.10483
2.11166
2.11984
2.12487
2.14332
2.12342
2.08974
2.09912
2.10517
2.11404
2.1251
2.13267
2.16003
2.13646
2.08762
2.09846
2.10547
2.11606
2.12856
2.14105
2.1645
2.16999
2.0436
2.04823
2.05134
2.05589
2.06146
2.06651
2.07819
2.07686
2.04465
2.04856
2.05119
2.05491
2.05969
2.06257
2.07548
2.06154
2.04606
2.04912
2.05108
2.05383
2.05721
2.05897
2.0673
2.05611
2.04825
2.05078
2.05243
2.05474
2.05755
2.0593
2.06601
2.05912
2.05079
2.05275
2.05405
2.05586
2.05808
2.05955
2.06463
2.06008
2.05265
2.05422
2.05532
2.05685
2.05879
2.06018
2.06457
2.06154
2.05265
2.05422
2.05532
2.05685
2.05879
2.06018
2.06457
2.06154
2.05079
2.05275
2.05405
2.05586
2.05808
2.05955
2.06463
2.06008
2.04825
2.05078
2.05243
2.05473
2.05755
2.0593
2.066
2.05912
2.04607
2.04912
2.05108
2.05383
2.05721
2.05897
2.0673
2.05611
2.04465
2.04856
2.05119
2.05491
2.05969
2.06257
2.07548
2.06154
2.0436
2.04823
2.05134
2.05589
2.06146
2.06652
2.0782
2.07688
2.0208
2.02299
2.0245
2.02666
2.02932
2.03173
2.03742
2.03647
2.0213
2.02315
2.02442
2.02619
2.02847
2.0299
2.03597
2.02944
2.02197
2.02343
2.0244
2.02573
2.02736
2.02829
2.03223
2.02712
2.023
2.02423
2.02505
2.02618
2.02756
2.02849
2.03167
2.02864
2.02419
2.02517
2.02583
2.02674
2.02785
2.02867
2.03111
2.02921
2.02506
2.02586
2.02644
2.02722
2.02821
2.02899
2.03112
2.02993
2.02506
2.02586
2.02644
2.02722
2.02821
2.02899
2.03112
2.02993
2.02419
2.02517
2.02583
2.02674
2.02785
2.02867
2.03111
2.02921
2.023
2.02423
2.02505
2.02618
2.02756
2.02849
2.03167
2.02864
2.02197
2.02343
2.0244
2.02573
2.02736
2.02829
2.03223
2.02712
2.0213
2.02315
2.02442
2.02619
2.02847
2.0299
2.03597
2.02944
2.0208
2.02299
2.02449
2.02666
2.02932
2.03173
2.03742
2.03648
2.0092
2.01012
2.01076
2.01167
2.0128
2.01381
2.01624
2.01571
2.00942
2.01019
2.01073
2.01146
2.01241
2.013
2.01555
2.01265
2.00972
2.01033
2.01073
2.01127
2.01194
2.01232
2.01395
2.01168
2.01018
2.01068
2.01102
2.01147
2.01203
2.0124
2.0137
2.01234
2.0107
2.0111
2.01136
2.01173
2.01217
2.01249
2.01348
2.01262
2.01109
2.0114
2.01163
2.01194
2.01233
2.01263
2.01349
2.01293
2.01109
2.0114
2.01163
2.01194
2.01233
2.01263
2.01349
2.01293
2.0107
2.0111
2.01136
2.01173
2.01217
2.01249
2.01348
2.01262
2.01018
2.01068
2.01102
2.01147
2.01203
2.0124
2.0137
2.01234
2.00972
2.01033
2.01073
2.01127
2.01194
2.01232
2.01395
2.01168
2.00942
2.01019
2.01073
2.01146
2.01241
2.013
2.01555
2.01265
2.0092
2.01012
2.01076
2.01167
2.0128
2.01381
2.01624
2.01572
2.00384
2.00422
2.0045
2.00488
2.00536
2.0058
2.00681
2.00662
2.00393
2.00426
2.00449
2.0048
2.00519
2.00546
2.0065
2.00537
2.00406
2.00431
2.00449
2.00473
2.00501
2.00519
2.00586
2.00498
2.00425
2.00446
2.00461
2.00481
2.00505
2.00522
2.00576
2.00525
2.00447
2.00464
2.00476
2.00492
2.00511
2.00527
2.00568
2.00536
2.00463
2.00477
2.00487
2.00501
2.00518
2.00532
2.00569
2.00549
2.00463
2.00477
2.00487
2.00501
2.00518
2.00532
2.00569
2.00549
2.00447
2.00464
2.00476
2.00492
2.00511
2.00527
2.00568
2.00536
2.00425
2.00446
2.00461
2.00481
2.00505
2.00522
2.00576
2.00525
2.00406
2.00431
2.00449
2.00473
2.00501
2.00519
2.00586
2.00498
2.00393
2.00426
2.00449
2.0048
2.00519
2.00546
2.0065
2.00537
2.00384
2.00422
2.0045
2.00488
2.00536
2.0058
2.00681
2.00662
2.00143
2.00157
2.00168
2.00182
2.002
2.00216
2.00253
2.00248
2.00147
2.00159
2.00167
2.00179
2.00193
2.00204
2.00241
2.00201
2.00151
2.00161
2.00168
2.00176
2.00187
2.00194
2.00219
2.00188
2.00158
2.00166
2.00172
2.0018
2.00189
2.00195
2.00215
2.00197
2.00167
2.00173
2.00178
2.00184
2.00191
2.00197
2.00212
2.00201
2.00172
2.00178
2.00182
2.00187
2.00193
2.00199
2.00213
2.00206
2.00172
2.00178
2.00182
2.00187
2.00193
2.00199
2.00213
2.00206
2.00167
2.00173
2.00178
2.00184
2.00191
2.00197
2.00212
2.00201
2.00158
2.00166
2.00172
2.0018
2.00189
2.00195
2.00215
2.00197
2.00151
2.00161
2.00168
2.00176
2.00187
2.00194
2.00219
2.00188
2.00147
2.00159
2.00167
2.00179
2.00193
2.00204
2.00241
2.00201
2.00143
2.00157
2.00168
2.00182
2.002
2.00216
2.00253
2.00248
2.0003
2.00033
2.00035
2.00037
2.0004
2.00043
2.0005
2.00049
2.00031
2.00033
2.00035
2.00037
2.00039
2.00041
2.00047
2.00039
2.00032
2.00034
2.00035
2.00036
2.00038
2.00039
2.00043
2.00037
2.00034
2.00035
2.00036
2.00037
2.00038
2.00039
2.00042
2.00038
2.00035
2.00036
2.00037
2.00038
2.00039
2.0004
2.00042
2.00039
2.00037
2.00037
2.00038
2.00039
2.00039
2.0004
2.00042
2.0004
2.00037
2.00037
2.00038
2.00039
2.00039
2.0004
2.00042
2.0004
2.00035
2.00036
2.00037
2.00038
2.00039
2.0004
2.00042
2.00039
2.00034
2.00035
2.00036
2.00037
2.00038
2.00039
2.00042
2.00038
2.00032
2.00034
2.00035
2.00036
2.00038
2.00039
2.00043
2.00037
2.00031
2.00033
2.00035
2.00037
2.00039
2.00041
2.00047
2.00039
2.0003
2.00033
2.00035
2.00037
2.0004
2.00043
2.0005
2.00049
1.99954
1.99951
1.99949
1.99946
1.99942
1.99939
1.99929
1.99935
1.99953
1.9995
1.99949
1.99947
1.99944
1.99943
1.99932
1.99952
1.99952
1.9995
1.99949
1.99948
1.99947
1.99947
1.99941
1.99957
1.99949
1.99948
1.99948
1.99947
1.99946
1.99947
1.99943
1.99954
1.99947
1.99946
1.99946
1.99946
1.99946
1.99947
1.99944
1.99952
1.99945
1.99945
1.99945
1.99945
1.99945
1.99946
1.99944
1.99951
1.99945
1.99945
1.99945
1.99945
1.99945
1.99946
1.99944
1.99951
1.99947
1.99946
1.99946
1.99946
1.99946
1.99947
1.99944
1.99952
1.99949
1.99948
1.99948
1.99947
1.99946
1.99947
1.99943
1.99954
1.99952
1.9995
1.99949
1.99948
1.99947
1.99947
1.99941
1.99957
1.99953
1.9995
1.99949
1.99947
1.99944
1.99943
1.99932
1.99952
1.99954
1.99951
1.99949
1.99946
1.99942
1.99939
1.99929
1.99935
1.99771
1.99737
1.99714
1.9968
1.99639
1.99599
1.99522
1.99508
1.99766
1.99736
1.99715
1.99685
1.99649
1.9962
1.9954
1.99588
1.99759
1.99733
1.99715
1.99691
1.99661
1.99637
1.99579
1.99614
1.99748
1.99725
1.99709
1.99686
1.9966
1.99636
1.99586
1.996
1.99735
1.99715
1.997
1.9968
1.99657
1.99635
1.99592
1.99595
1.99726
1.99707
1.99694
1.99675
1.99653
1.99631
1.99593
1.99588
1.99726
1.99707
1.99694
1.99675
1.99653
1.99631
1.99593
1.99588
1.99735
1.99715
1.997
1.9968
1.99657
1.99635
1.99593
1.99595
1.99748
1.99725
1.99709
1.99686
1.9966
1.99636
1.99586
1.996
1.99759
1.99733
1.99715
1.99691
1.99661
1.99637
1.99579
1.99614
1.99766
1.99736
1.99715
1.99685
1.99649
1.9962
1.9954
1.99588
1.99771
1.99737
1.99714
1.9968
1.99639
1.99599
1.99522
1.99508
1.99453
1.99421
1.99401
1.9937
1.99329
1.99302
1.99189
1.9927
1.99439
1.99415
1.99401
1.9938
1.99348
1.99349
1.99214
1.99459
1.9942
1.99408
1.99402
1.99394
1.9938
1.99396
1.99324
1.99528
1.99391
1.99386
1.99384
1.99381
1.99374
1.99388
1.99338
1.99481
1.99357
1.9936
1.99362
1.99366
1.99367
1.99384
1.99356
1.99465
1.99333
1.99341
1.99345
1.99353
1.99357
1.99375
1.99356
1.99444
1.99333
1.99341
1.99345
1.99353
1.99357
1.99375
1.99356
1.99444
1.99357
1.9936
1.99362
1.99366
1.99367
1.99384
1.99356
1.99465
1.99391
1.99386
1.99384
1.99381
1.99374
1.99388
1.99338
1.99481
1.9942
1.99408
1.99402
1.99394
1.9938
1.99396
1.99324
1.99528
1.99439
1.99415
1.99401
1.9938
1.99348
1.99349
1.99214
1.99459
1.99453
1.99421
1.994
1.9937
1.99329
1.99302
1.99189
1.9927
1.9726
1.96582
1.96182
1.95552
1.9488
1.94139
1.9314
1.9233
1.97189
1.96556
1.96185
1.95609
1.94977
1.94404
1.93236
1.93473
1.97091
1.96516
1.96189
1.95678
1.95135
1.94651
1.93734
1.9395
1.96941
1.96406
1.96101
1.95625
1.95124
1.94656
1.93837
1.93873
1.96767
1.96275
1.95995
1.95557
1.95099
1.94658
1.93948
1.93876
1.9664
1.96177
1.95912
1.95495
1.9506
1.94628
1.93966
1.93812
1.9664
1.96177
1.95912
1.95495
1.9506
1.94628
1.93966
1.93812
1.96767
1.96275
1.95995
1.95557
1.95099
1.94658
1.93948
1.93876
1.96941
1.96406
1.96101
1.95625
1.95124
1.94656
1.93837
1.93873
1.97091
1.96516
1.96189
1.95678
1.95135
1.94651
1.93734
1.9395
1.97189
1.96556
1.96185
1.95609
1.94977
1.94404
1.93236
1.93473
1.9726
1.96582
1.96182
1.95552
1.9488
1.94139
1.9314
1.92329
1.97571
1.97031
1.96721
1.9623
1.95714
1.95155
1.94395
1.93818
1.97506
1.9701
1.96728
1.96288
1.95808
1.95404
1.94475
1.9486
1.97419
1.9698
1.9674
1.96364
1.95967
1.95649
1.94952
1.95319
1.97286
1.96888
1.96671
1.96329
1.95973
1.9567
1.95063
1.95261
1.97131
1.96779
1.96586
1.96281
1.95967
1.95688
1.95182
1.95276
1.97019
1.96696
1.96518
1.96234
1.95941
1.9567
1.95208
1.95224
1.97019
1.96696
1.96518
1.96234
1.95941
1.9567
1.95208
1.95224
1.97131
1.96779
1.96586
1.96281
1.95967
1.95688
1.95182
1.95276
1.97286
1.96888
1.96671
1.96329
1.95973
1.9567
1.95063
1.95261
1.97419
1.9698
1.9674
1.96364
1.95967
1.95649
1.94952
1.95319
1.97506
1.9701
1.96728
1.96288
1.95808
1.95404
1.94475
1.9486
1.97571
1.97031
1.96721
1.9623
1.95714
1.95155
1.94395
1.93818
2.74613
2.99535
3.13744
3.35717
3.54588
3.87087
3.8526
4.90234
2.73725
2.96759
3.09799
3.29232
3.47301
3.6987
3.82125
4.25162
2.72628
2.94278
3.06484
3.24324
3.41407
3.59592
3.75721
3.9792
2.71516
2.91631
3.02814
3.18998
3.34396
3.49483
3.65139
3.76586
2.70661
2.89858
3.0045
3.15713
3.30083
3.43824
3.58512
3.66332
2.70116
2.88759
2.9898
3.13689
3.27409
3.40435
3.54288
3.60706
2.69917
2.88451
2.98605
3.13214
3.26838
3.39741
3.53539
3.59684
2.70049
2.88898
2.99269
3.14207
3.28254
3.41568
3.56046
3.62832
2.70458
2.89992
3.00819
3.16473
3.3137
3.45756
3.61288
3.70799
2.71044
2.91748
3.03348
3.20279
3.36477
3.53264
3.69057
3.86725
2.7155
2.93472
3.05868
3.24305
3.41599
3.626
3.7611
4.12436
2.71606
2.94793
3.0792
3.28228
3.45618
3.75134
3.73943
4.66217
2.26761
2.32938
2.36
2.41534
2.46278
2.5476
2.55449
2.8322
2.2636
2.32024
2.34742
2.39552
2.43968
2.49595
2.53764
2.6376
2.2583
2.3118
2.33702
2.38131
2.42285
2.46799
2.51673
2.56752
2.25317
2.30346
2.32654
2.36717
2.40524
2.44211
2.49273
2.50979
2.24958
2.29791
2.3197
2.35814
2.3939
2.42619
2.47598
2.47506
2.24834
2.29567
2.31681
2.35414
2.38868
2.41889
2.4678
2.45936
2.2499
2.29736
2.3186
2.35608
2.39073
2.42125
2.46975
2.46283
2.25438
2.30327
2.32554
2.36464
2.401
2.4348
2.48375
2.48937
2.26147
2.31248
2.33613
2.37756
2.41607
2.45518
2.50203
2.53159
2.27075
2.32617
2.35299
2.39971
2.44328
2.49515
2.53987
2.6234
2.28061
2.33806
2.36573
2.41486
2.45789
2.52021
2.54208
2.68943
2.29102
2.35612
2.38946
2.44926
2.49964
2.5998
2.59182
2.95861
2.1441
2.17127
2.18904
2.21626
2.24515
2.28383
2.31477
2.40073
2.1419
2.16583
2.18122
2.2044
2.22953
2.25672
2.29205
2.31537
2.13914
2.16132
2.17551
2.19683
2.2199
2.24401
2.2767
2.29445
2.13661
2.15716
2.17021
2.18981
2.21104
2.23252
2.26403
2.27568
2.13497
2.15453
2.1669
2.18545
2.20555
2.22539
2.25581
2.26332
2.13465
2.1537
2.16571
2.18374
2.20325
2.22233
2.25213
2.25802
2.13587
2.15494
2.16696
2.185
2.20448
2.22371
2.25295
2.26036
2.13873
2.15843
2.17091
2.18968
2.20986
2.23062
2.25956
2.27328
2.14301
2.16363
2.17667
2.19638
2.2173
2.2401
2.26723
2.29073
2.14854
2.17141
2.18617
2.20854
2.23218
2.26077
2.28819
2.3345
2.15436
2.17783
2.19264
2.21542
2.23827
2.26877
2.28579
2.34877
2.16079
2.18902
2.20768
2.23679
2.2664
2.31455
2.33283
2.48552
2.07456
2.08524
2.09214
2.10284
2.11499
2.12956
2.14808
2.17335
2.07352
2.08263
2.08832
2.09707
2.10703
2.11668
2.13432
2.13471
2.07227
2.08063
2.08578
2.09375
2.10264
2.1114
2.12621
2.12836
2.07122
2.07899
2.0837
2.09106
2.09922
2.10726
2.12099
2.12305
2.07065
2.0781
2.08257
2.0896
2.09735
2.10494
2.11799
2.11957
2.07075
2.0781
2.08249
2.0894
2.09701
2.10446
2.11723
2.1189
2.07163
2.07907
2.08351
2.09051
2.09819
2.10585
2.11835
2.12124
2.07332
2.08109
2.0858
2.09317
2.10123
2.10966
2.12202
2.12816
2.07571
2.08391
2.08889
2.0967
2.1051
2.11443
2.12595
2.13644
2.07872
2.08801
2.09385
2.10294
2.11273
2.12473
2.13695
2.15756
2.08187
2.09136
2.09717
2.1063
2.11566
2.12783
2.1356
2.16068
2.08536
2.09749
2.10551
2.11806
2.13159
2.1523
2.16502
2.22976
2.03647
2.04105
2.04413
2.04875
2.0542
2.06029
2.06966
2.07808
2.036
2.03982
2.04231
2.04601
2.05035
2.05423
2.06266
2.06034
2.03545
2.03892
2.04114
2.04447
2.04827
2.05183
2.0586
2.05795
2.03502
2.03823
2.04026
2.04333
2.0468
2.05011
2.05624
2.05621
2.03483
2.03791
2.03984
2.04278
2.04607
2.04924
2.05497
2.05511
2.03498
2.03802
2.03993
2.04282
2.04607
2.04921
2.05479
2.0552
2.0355
2.03859
2.04052
2.04347
2.04675
2.05001
2.05544
2.05655
2.0364
2.03964
2.04169
2.04481
2.04826
2.05187
2.05723
2.05986
2.03763
2.04106
2.04324
2.04654
2.05015
2.05414
2.05913
2.06367
2.03915
2.04307
2.04564
2.04953
2.05378
2.05894
2.06438
2.07332
2.04073
2.04473
2.04728
2.05115
2.05521
2.0603
2.06384
2.0741
2.04247
2.04775
2.05138
2.05689
2.06305
2.07208
2.07876
2.10677
2.01718
2.01931
2.02077
2.02292
2.02549
2.0283
2.03293
2.03631
2.01698
2.01876
2.01994
2.02167
2.02371
2.02554
2.02961
2.02826
2.01674
2.01836
2.01941
2.02097
2.02276
2.02444
2.02768
2.02723
2.01657
2.01807
2.01905
2.02049
2.02213
2.02372
2.02664
2.02661
2.01651
2.01797
2.0189
2.02029
2.02185
2.02339
2.02612
2.02626
2.01661
2.01806
2.01898
2.02036
2.02191
2.02345
2.02611
2.02644
2.01689
2.01836
2.0193
2.02071
2.02229
2.02389
2.02648
2.02717
2.01734
2.01888
2.01988
2.02137
2.02303
2.02479
2.02737
2.02876
2.01794
2.01957
2.02063
2.02222
2.02396
2.02589
2.02833
2.03057
2.01867
2.02053
2.02177
2.02361
2.02565
2.02811
2.03078
2.03496
2.01943
2.02133
2.02258
2.02442
2.02639
2.02881
2.03069
2.03536
2.02026
2.02275
2.0245
2.0271
2.03006
2.03427
2.03778
2.0504
2.00752
2.00841
2.00903
2.00992
2.011
2.01217
2.01416
2.01546
2.00744
2.00817
2.00867
2.00939
2.01024
2.01099
2.01271
2.012
2.00734
2.00801
2.00844
2.00908
2.00982
2.0105
2.01186
2.01155
2.00727
2.00789
2.00829
2.00888
2.00956
2.0102
2.01141
2.01132
2.00726
2.00785
2.00824
2.00881
2.00945
2.01007
2.0112
2.0112
2.00731
2.00791
2.00829
2.00885
2.00949
2.01012
2.01121
2.0113
2.00744
2.00805
2.00844
2.00902
2.00967
2.01033
2.0114
2.01165
2.00765
2.00829
2.0087
2.00932
2.01001
2.01073
2.0118
2.01235
2.00792
2.0086
2.00905
2.0097
2.01043
2.01123
2.01224
2.01317
2.00825
2.00903
2.00955
2.01032
2.01117
2.01219
2.01331
2.01505
2.00859
2.00939
2.00992
2.01069
2.01152
2.01253
2.01334
2.01527
2.00896
2.01001
2.01076
2.01186
2.01312
2.01489
2.01644
2.02176
2.00312
2.00349
2.00375
2.00413
2.00458
2.00507
2.00591
2.00644
2.00308
2.00339
2.00361
2.00391
2.00427
2.00459
2.00531
2.00504
2.00304
2.00332
2.00351
2.00379
2.0041
2.00439
2.00496
2.00486
2.00302
2.00328
2.00346
2.00371
2.004
2.00428
2.00479
2.00477
2.00302
2.00327
2.00344
2.00368
2.00396
2.00423
2.0047
2.00473
2.00304
2.00329
2.00346
2.0037
2.00398
2.00425
2.00472
2.00478
2.0031
2.00336
2.00353
2.00378
2.00406
2.00434
2.0048
2.00493
2.00319
2.00346
2.00364
2.0039
2.0042
2.00451
2.00497
2.00522
2.0033
2.00359
2.00378
2.00407
2.00438
2.00473
2.00516
2.00556
2.00344
2.00377
2.00399
2.00432
2.00468
2.00512
2.0056
2.00632
2.00358
2.00392
2.00415
2.00448
2.00484
2.00527
2.00564
2.00644
2.00374
2.00417
2.00449
2.00495
2.00549
2.00622
2.0069
2.00907
2.00116
2.00129
2.00139
2.00153
2.0017
2.00188
2.00219
2.00238
2.00114
2.00126
2.00134
2.00145
2.00158
2.00171
2.00197
2.00188
2.00113
2.00123
2.00131
2.00141
2.00152
2.00163
2.00184
2.00181
2.00112
2.00122
2.00128
2.00138
2.00149
2.00159
2.00178
2.00178
2.00112
2.00121
2.00128
2.00137
2.00147
2.00158
2.00175
2.00176
2.00113
2.00122
2.00129
2.00138
2.00148
2.00159
2.00176
2.00179
2.00115
2.00125
2.00131
2.00141
2.00151
2.00162
2.00179
2.00184
2.00119
2.00129
2.00136
2.00145
2.00157
2.00168
2.00185
2.00195
2.00123
2.00134
2.00141
2.00152
2.00163
2.00176
2.00193
2.00208
2.00128
2.0014
2.00149
2.00161
2.00175
2.00191
2.00209
2.00235
2.00134
2.00146
2.00155
2.00167
2.00181
2.00197
2.00211
2.00241
2.00139
2.00155
2.00167
2.00184
2.00204
2.00231
2.00257
2.00336
2.00024
2.00026
2.00028
2.00031
2.00034
2.00037
2.00043
2.00046
2.00024
2.00026
2.00027
2.00029
2.00031
2.00033
2.00038
2.00036
2.00024
2.00025
2.00027
2.00028
2.0003
2.00032
2.00035
2.00034
2.00023
2.00025
2.00026
2.00028
2.00029
2.00031
2.00034
2.00034
2.00023
2.00025
2.00026
2.00028
2.00029
2.00031
2.00034
2.00033
2.00024
2.00025
2.00026
2.00028
2.00029
2.00031
2.00034
2.00034
2.00024
2.00026
2.00027
2.00028
2.0003
2.00032
2.00035
2.00035
2.00025
2.00027
2.00028
2.00029
2.00031
2.00033
2.00036
2.00037
2.00026
2.00028
2.00029
2.00031
2.00033
2.00035
2.00038
2.0004
2.00027
2.00029
2.00031
2.00033
2.00035
2.00038
2.00041
2.00046
2.00028
2.0003
2.00032
2.00034
2.00037
2.00039
2.00042
2.00047
2.00029
2.00032
2.00035
2.00038
2.00041
2.00046
2.00051
2.00066
1.99963
1.99959
1.99957
1.99954
1.99951
1.99947
1.99939
1.99935
1.99963
1.99961
1.99959
1.99957
1.99955
1.99953
1.99947
1.99954
1.99964
1.99962
1.99961
1.99959
1.99957
1.99956
1.99951
1.99957
1.99964
1.99962
1.99961
1.9996
1.99958
1.99958
1.99954
1.99958
1.99964
1.99962
1.99962
1.9996
1.99959
1.99958
1.99955
1.99959
1.99964
1.99962
1.99962
1.9996
1.99959
1.99958
1.99955
1.99958
1.99963
1.99961
1.99961
1.99959
1.99958
1.99957
1.99954
1.99956
1.99962
1.9996
1.99959
1.99958
1.99956
1.99955
1.99952
1.99953
1.99961
1.99959
1.99958
1.99956
1.99954
1.99952
1.9995
1.99948
1.99959
1.99956
1.99955
1.99953
1.9995
1.99947
1.99944
1.99938
1.99957
1.99954
1.99953
1.99951
1.99948
1.99946
1.99944
1.99937
1.99955
1.99951
1.99949
1.99944
1.9994
1.99933
1.99928
1.99901
1.99809
1.99776
1.99753
1.99719
1.9968
1.99636
1.9957
1.99513
1.99811
1.99782
1.99762
1.99733
1.997
1.99666
1.99607
1.99603
1.99813
1.99786
1.99768
1.99741
1.9971
1.99679
1.99628
1.99615
1.99815
1.99789
1.99772
1.99746
1.99717
1.99687
1.9964
1.99623
1.99816
1.9979
1.99774
1.99749
1.9972
1.99691
1.99646
1.99627
1.99815
1.99789
1.99773
1.99748
1.9972
1.9969
1.99646
1.99625
1.99812
1.99786
1.99769
1.99744
1.99716
1.99686
1.99642
1.99618
1.99807
1.99781
1.99763
1.99737
1.99708
1.99676
1.99633
1.99601
1.99801
1.99774
1.99755
1.99728
1.99698
1.99664
1.99622
1.99582
1.99794
1.99764
1.99743
1.99713
1.9968
1.9964
1.99595
1.99535
1.99786
1.99755
1.99734
1.99704
1.99671
1.99632
1.99595
1.99529
1.99777
1.9974
1.99714
1.99675
1.99632
1.99573
1.99518
1.99365
1.99554
1.99522
1.99502
1.99469
1.99429
1.99387
1.99307
1.99249
1.9956
1.99537
1.99524
1.99503
1.99476
1.99462
1.99391
1.99472
1.99566
1.99547
1.99538
1.99521
1.99501
1.99491
1.99442
1.995
1.99571
1.99555
1.99548
1.99534
1.99518
1.99511
1.9947
1.99519
1.99573
1.99558
1.99552
1.9954
1.99526
1.9952
1.99484
1.9953
1.9957
1.99556
1.9955
1.99538
1.99525
1.99519
1.99485
1.99526
1.99562
1.99548
1.99541
1.99528
1.99515
1.99507
1.99475
1.99506
1.9955
1.99533
1.99525
1.9951
1.99494
1.99482
1.99451
1.9946
1.99533
1.99514
1.99504
1.99488
1.9947
1.99452
1.99428
1.99409
1.99512
1.99487
1.99473
1.99448
1.99422
1.99389
1.9936
1.99278
1.99491
1.99466
1.99453
1.9943
1.99408
1.99377
1.99377
1.99277
1.99468
1.99426
1.99399
1.99354
1.99305
1.99222
1.99182
1.98848
1.97657
1.96984
1.96585
1.95952
1.95289
1.94487
1.93629
1.92256
1.97687
1.97061
1.967
1.96127
1.95529
1.94892
1.94021
1.93549
1.97723
1.9712
1.96777
1.96229
1.95663
1.95062
1.94258
1.93808
1.97752
1.97169
1.9684
1.96313
1.95772
1.952
1.94427
1.94021
1.97768
1.97195
1.96874
1.96358
1.95831
1.95276
1.94526
1.94148
1.97764
1.97195
1.96877
1.96365
1.95844
1.95294
1.94555
1.94179
1.97738
1.97167
1.96847
1.96333
1.95809
1.95254
1.94523
1.9411
1.97688
1.97107
1.96779
1.96253
1.95717
1.95137
1.94409
1.93893
1.97619
1.97024
1.96687
1.96148
1.95601
1.94991
1.94289
1.93627
1.9753
1.96901
1.96537
1.95956
1.95364
1.94664
1.93944
1.92927
1.97437
1.96802
1.96439
1.95856
1.9528
1.94564
1.94006
1.9277
1.97332
1.96615
1.96184
1.95494
1.94793
1.93797
1.93138
1.90522
1.97946
1.97395
1.9708
1.96572
1.96054
1.95419
1.94793
1.93632
1.97973
1.97466
1.97183
1.9673
1.96268
1.95785
1.95127
1.94806
1.98006
1.9752
1.97254
1.96825
1.96392
1.95945
1.95343
1.95061
1.98033
1.97567
1.97314
1.96905
1.96496
1.96078
1.95503
1.95273
1.98047
1.97592
1.97347
1.9695
1.96554
1.96154
1.95599
1.95403
1.98042
1.97592
1.9735
1.96958
1.96569
1.96175
1.95631
1.95439
1.98017
1.97565
1.97323
1.96929
1.96539
1.9614
1.95605
1.9538
1.9797
1.97509
1.97259
1.96855
1.96454
1.96032
1.95501
1.95178
1.97904
1.97431
1.97174
1.96757
1.96347
1.95898
1.95393
1.94929
1.97821
1.97317
1.97035
1.96581
1.96129
1.95597
1.95079
1.94278
1.97734
1.97226
1.96947
1.96493
1.96058
1.95511
1.95152
1.94136
1.97637
1.97056
1.96717
1.96168
1.95624
1.94822
1.94385
1.92104
2.74655
2.99581
3.1379
3.35756
3.54628
3.87037
3.85344
4.89494
2.73867
2.96985
3.10086
3.296
3.47785
3.70405
3.83094
4.2554
2.72866
2.94626
3.069
3.24834
3.42025
3.60256
3.76654
3.98337
2.71869
2.92158
3.03451
3.19792
3.3536
3.50592
3.66564
3.77816
2.71148
2.90584
3.01326
3.16802
3.31396
3.45355
3.60366
3.68183
2.70765
2.89734
3.00161
3.15163
3.29186
3.42533
3.56762
3.63413
2.70765
2.89734
3.00161
3.15163
3.29187
3.42533
3.56762
3.63412
2.71148
2.90584
3.01326
3.16802
3.31396
3.45354
3.60366
3.68181
2.71869
2.92158
3.03452
3.19792
3.3536
3.50592
3.66563
3.77811
2.72866
2.94627
3.06901
3.24835
3.42026
3.60257
3.76655
3.98334
2.73867
2.96986
3.10088
3.29603
3.47789
3.70408
3.83097
4.25536
2.74654
2.99571
3.1378
3.35751
3.54629
3.87042
3.8535
4.89511
2.26734
2.32928
2.36
2.41557
2.4631
2.54886
2.55456
2.83836
2.2627
2.31941
2.34658
2.39478
2.43878
2.49568
2.5355
2.64036
2.25672
2.31042
2.33571
2.38024
2.42187
2.46774
2.51575
2.57051
2.25074
2.30117
2.32425
2.36501
2.40308
2.44036
2.49035
2.50982
2.24615
2.29459
2.31634
2.35487
2.39063
2.4232
2.47266
2.47338
2.24366
2.291
2.312
2.34932
2.38375
2.41398
2.46272
2.45486
2.24366
2.291
2.312
2.34932
2.38375
2.41398
2.46272
2.45486
2.24615
2.29459
2.31634
2.35487
2.39062
2.42319
2.47266
2.47338
2.25074
2.30117
2.32425
2.365
2.40307
2.44035
2.49034
2.50983
2.25671
2.31041
2.33571
2.38023
2.42186
2.46773
2.51575
2.57052
2.2627
2.31941
2.34657
2.39477
2.43877
2.49566
2.53549
2.64037
2.26734
2.32931
2.36003
2.41558
2.46309
2.54885
2.55453
2.83835
2.14394
2.17129
2.1892
2.21668
2.2457
2.28539
2.31509
2.40767
2.14129
2.16538
2.18086
2.20423
2.22933
2.25734
2.29072
2.31999
2.13805
2.16059
2.17504
2.19678
2.22021
2.24538
2.2775
2.30032
2.13489
2.15581
2.16911
2.18912
2.21071
2.23304
2.26423
2.27937
2.13247
2.15246
2.16512
2.18414
2.20469
2.22538
2.25598
2.26623
2.13116
2.15065
2.16295
2.18145
2.20144
2.22125
2.25157
2.25915
2.13116
2.15065
2.16295
2.18145
2.20144
2.22125
2.25157
2.25914
2.13247
2.15246
2.16512
2.18414
2.20469
2.22539
2.25598
2.26623
2.13489
2.15581
2.16911
2.18912
2.21071
2.23304
2.26423
2.27937
2.13805
2.16059
2.17504
2.19679
2.22021
2.24539
2.27751
2.30032
2.14129
2.16538
2.18086
2.20424
2.22934
2.25735
2.29072
2.31998
2.14393
2.17126
2.18917
2.21667
2.24571
2.28543
2.31512
2.40777
2.07443
2.08524
2.09225
2.10314
2.11542
2.13077
2.14835
2.17914
2.07303
2.08221
2.08791
2.09675
2.10662
2.1168
2.13275
2.13803
2.0714
2.07994
2.08521
2.09341
2.10248
2.11194
2.12614
2.13239
2.06985
2.07776
2.08254
2.09006
2.09832
2.10682
2.12007
2.12476
2.06868
2.07625
2.08078
2.08794
2.09581
2.10375
2.11662
2.12003
2.06805
2.07544
2.07985
2.08682
2.09448
2.10211
2.11485
2.1174
2.06805
2.07544
2.07985
2.08682
2.09448
2.10211
2.11485
2.1174
2.06868
2.07625
2.08078
2.08794
2.09581
2.10375
2.11662
2.12003
2.06985
2.07776
2.08254
2.09006
2.09832
2.10681
2.12007
2.12475
2.0714
2.07994
2.08521
2.09341
2.10247
2.11194
2.12614
2.13239
2.07303
2.08221
2.08792
2.09675
2.10662
2.1168
2.13275
2.13803
2.07443
2.08523
2.09225
2.10314
2.11542
2.13078
2.14835
2.17918
2.03639
2.04105
2.04421
2.04895
2.05449
2.06106
2.06987
2.08183
2.03569
2.03955
2.04206
2.04582
2.05011
2.05433
2.06171
2.06255
2.0349
2.03848
2.04079
2.04428
2.0482
2.0522
2.05861
2.06061
2.03415
2.03745
2.03954
2.04272
2.04627
2.04988
2.05574
2.05737
2.03359
2.03675
2.03873
2.04176
2.04515
2.04854
2.05419
2.05547
2.03329
2.03638
2.03831
2.04126
2.04455
2.04783
2.05341
2.05437
2.03329
2.03638
2.03831
2.04126
2.04455
2.04783
2.05341
2.05437
2.03359
2.03675
2.03873
2.04176
2.04515
2.04854
2.05419
2.05546
2.03415
2.03745
2.03954
2.04272
2.04627
2.04988
2.05574
2.05737
2.0349
2.03848
2.0408
2.04428
2.0482
2.0522
2.05862
2.06062
2.03569
2.03956
2.04207
2.04582
2.05011
2.05433
2.06171
2.06255
2.03639
2.04104
2.0442
2.04895
2.05449
2.06107
2.06988
2.08187
2.01714
2.01931
2.02081
2.02303
2.02565
2.02873
2.03306
2.03841
2.0168
2.0186
2.01979
2.02155
2.02358
2.02557
2.02908
2.02948
2.01642
2.0181
2.0192
2.02084
2.02269
2.0246
2.02765
2.02866
2.01607
2.01762
2.01862
2.02012
2.0218
2.02353
2.0263
2.02718
2.01581
2.0173
2.01825
2.01968
2.02128
2.02292
2.0256
2.02633
2.01567
2.01712
2.01805
2.01945
2.02101
2.0226
2.02524
2.02584
2.01567
2.01712
2.01805
2.01945
2.02101
2.0226
2.02524
2.02584
2.01581
2.0173
2.01825
2.01968
2.02128
2.02292
2.0256
2.02633
2.01607
2.01762
2.01862
2.02012
2.0218
2.02353
2.0263
2.02718
2.01642
2.0181
2.0192
2.02084
2.02269
2.0246
2.02765
2.02866
2.0168
2.0186
2.0198
2.02155
2.02358
2.02557
2.02908
2.02948
2.01713
2.0193
2.02081
2.02303
2.02565
2.02873
2.03306
2.03843
2.0075
2.00841
2.00904
2.00998
2.01108
2.01238
2.01423
2.01649
2.00735
2.0081
2.0086
2.00933
2.01017
2.011
2.01246
2.01261
2.00718
2.00787
2.00833
2.00901
2.00978
2.01057
2.01184
2.01224
2.00702
2.00766
2.00808
2.0087
2.00939
2.0101
2.01125
2.01158
2.00691
2.00752
2.00791
2.0085
2.00916
2.00983
2.01094
2.01121
2.00684
2.00744
2.00783
2.0084
2.00904
2.00969
2.01078
2.01099
2.00684
2.00744
2.00783
2.0084
2.00904
2.00969
2.01078
2.01099
2.00691
2.00752
2.00791
2.0085
2.00916
2.00983
2.01093
2.01121
2.00702
2.00766
2.00808
2.0087
2.00939
2.0101
2.01125
2.01158
2.00718
2.00787
2.00834
2.00901
2.00978
2.01057
2.01184
2.01224
2.00735
2.0081
2.0086
2.00933
2.01017
2.011
2.01246
2.01261
2.0075
2.00841
2.00904
2.00998
2.01108
2.01238
2.01423
2.0165
2.0031
2.00348
2.00376
2.00415
2.00461
2.00516
2.00594
2.00689
2.00304
2.00336
2.00357
2.00388
2.00424
2.0046
2.00521
2.00531
2.00297
2.00326
2.00346
2.00375
2.00408
2.00442
2.00496
2.00515
2.00291
2.00318
2.00336
2.00362
2.00392
2.00423
2.00471
2.00488
2.00286
2.00312
2.00329
2.00354
2.00382
2.00412
2.00458
2.00472
2.00283
2.00309
2.00325
2.0035
2.00377
2.00406
2.00451
2.00463
2.00283
2.00309
2.00325
2.0035
2.00377
2.00406
2.00451
2.00463
2.00286
2.00312
2.00329
2.00354
2.00382
2.00412
2.00458
2.00472
2.00291
2.00318
2.00336
2.00362
2.00392
2.00423
2.00471
2.00488
2.00297
2.00326
2.00346
2.00375
2.00408
2.00442
2.00496
2.00515
2.00304
2.00336
2.00357
2.00388
2.00424
2.0046
2.00521
2.00531
2.0031
2.00348
2.00376
2.00415
2.00461
2.00516
2.00594
2.00689
2.00115
2.00129
2.00139
2.00154
2.00171
2.00191
2.00221
2.00255
2.00113
2.00124
2.00133
2.00144
2.00157
2.00171
2.00194
2.00198
2.0011
2.00121
2.00128
2.00139
2.00151
2.00164
2.00184
2.00192
2.00108
2.00118
2.00125
2.00134
2.00145
2.00157
2.00175
2.00182
2.00106
2.00116
2.00122
2.00131
2.00142
2.00153
2.0017
2.00176
2.00105
2.00114
2.00121
2.0013
2.0014
2.00151
2.00168
2.00172
2.00105
2.00114
2.00121
2.0013
2.0014
2.00151
2.00168
2.00172
2.00106
2.00116
2.00122
2.00131
2.00142
2.00153
2.0017
2.00176
2.00108
2.00118
2.00125
2.00134
2.00145
2.00157
2.00175
2.00182
2.0011
2.00121
2.00128
2.00139
2.00151
2.00164
2.00184
2.00192
2.00113
2.00124
2.00133
2.00144
2.00157
2.00171
2.00194
2.00198
2.00115
2.00129
2.00139
2.00154
2.00171
2.00192
2.00221
2.00256
2.00024
2.00026
2.00028
2.00031
2.00034
2.00038
2.00043
2.00049
2.00023
2.00025
2.00027
2.00029
2.00031
2.00034
2.00037
2.00038
2.00023
2.00025
2.00026
2.00028
2.0003
2.00032
2.00035
2.00036
2.00022
2.00024
2.00025
2.00027
2.00029
2.00031
2.00034
2.00034
2.00022
2.00024
2.00025
2.00026
2.00028
2.0003
2.00032
2.00033
2.00022
2.00023
2.00024
2.00026
2.00027
2.00029
2.00032
2.00032
2.00022
2.00023
2.00024
2.00026
2.00027
2.00029
2.00032
2.00032
2.00022
2.00024
2.00025
2.00026
2.00028
2.0003
2.00032
2.00033
2.00022
2.00024
2.00025
2.00027
2.00029
2.00031
2.00034
2.00034
2.00023
2.00025
2.00026
2.00028
2.0003
2.00032
2.00035
2.00036
2.00023
2.00025
2.00027
2.00029
2.00031
2.00034
2.00037
2.00038
2.00024
2.00026
2.00028
2.00031
2.00034
2.00038
2.00043
2.00049
1.99963
1.99959
1.99957
1.99954
1.9995
1.99946
1.99939
1.99929
1.99964
1.99961
1.9996
1.99958
1.99955
1.99953
1.99948
1.99951
1.99964
1.99962
1.99961
1.99959
1.99957
1.99955
1.99951
1.99953
1.99965
1.99963
1.99963
1.99961
1.99959
1.99958
1.99955
1.99956
1.99966
1.99964
1.99963
1.99962
1.99961
1.99959
1.99956
1.99958
1.99966
1.99965
1.99964
1.99963
1.99961
1.9996
1.99957
1.9996
1.99966
1.99965
1.99964
1.99963
1.99961
1.9996
1.99957
1.9996
1.99966
1.99964
1.99963
1.99962
1.99961
1.99959
1.99956
1.99958
1.99965
1.99963
1.99963
1.99961
1.99959
1.99958
1.99955
1.99956
1.99964
1.99962
1.99961
1.99959
1.99957
1.99955
1.99951
1.99953
1.99964
1.99961
1.9996
1.99958
1.99955
1.99953
1.99948
1.99951
1.99963
1.99959
1.99957
1.99954
1.9995
1.99946
1.99939
1.99929
1.99809
1.99776
1.99752
1.99718
1.99678
1.99631
1.99568
1.99491
1.99813
1.99783
1.99764
1.99734
1.99701
1.99666
1.99613
1.99591
1.99817
1.99789
1.9977
1.99742
1.99711
1.99677
1.99629
1.99601
1.9982
1.99794
1.99776
1.9975
1.99721
1.99689
1.99644
1.99617
1.99823
1.99797
1.9978
1.99755
1.99727
1.99696
1.99652
1.99627
1.99825
1.99799
1.99783
1.99758
1.9973
1.99699
1.99655
1.99632
1.99825
1.99799
1.99783
1.99758
1.9973
1.99699
1.99655
1.99632
1.99823
1.99797
1.9978
1.99755
1.99727
1.99696
1.99652
1.99627
1.9982
1.99794
1.99776
1.9975
1.99721
1.99689
1.99644
1.99617
1.99817
1.99789
1.9977
1.99742
1.99711
1.99677
1.99629
1.99601
1.99813
1.99783
1.99764
1.99734
1.99701
1.99666
1.99613
1.99591
1.99809
1.99776
1.99752
1.99718
1.99678
1.99631
1.99568
1.99491
1.99555
1.99522
1.995
1.99466
1.99425
1.99375
1.99304
1.99189
1.99565
1.99541
1.99528
1.99506
1.9948
1.99461
1.99406
1.99437
1.99575
1.99554
1.99543
1.99524
1.99502
1.99485
1.99442
1.99458
1.99585
1.99568
1.99559
1.99544
1.99527
1.99515
1.99478
1.995
1.99592
1.99577
1.99569
1.99556
1.99541
1.99531
1.99497
1.99525
1.99596
1.99581
1.99575
1.99562
1.99548
1.9954
1.99507
1.99539
1.99596
1.99581
1.99575
1.99562
1.99548
1.9954
1.99507
1.99539
1.99592
1.99577
1.99569
1.99556
1.99541
1.99531
1.99497
1.99525
1.99585
1.99568
1.99559
1.99544
1.99527
1.99515
1.99478
1.995
1.99575
1.99554
1.99543
1.99524
1.99502
1.99485
1.99442
1.99457
1.99565
1.99541
1.99528
1.99506
1.9948
1.99461
1.99406
1.99437
1.99555
1.99522
1.995
1.99466
1.99425
1.99375
1.99304
1.99189
1.97662
1.96984
1.96582
1.95943
1.95277
1.94451
1.93622
1.92081
1.97703
1.97076
1.96715
1.9614
1.95545
1.94893
1.94077
1.93456
1.9775
1.97142
1.96795
1.9624
1.9567
1.95048
1.94265
1.93688
1.97794
1.97207
1.96876
1.96344
1.95801
1.95216
1.94459
1.93972
1.97827
1.97252
1.96929
1.96409
1.95878
1.95313
1.94569
1.94134
1.97845
1.97275
1.96957
1.96443
1.9592
1.95365
1.94627
1.94223
1.97845
1.97275
1.96957
1.96443
1.9592
1.95365
1.94627
1.94223
1.97827
1.97252
1.96929
1.96409
1.95878
1.95313
1.94569
1.94134
1.97794
1.97207
1.96876
1.96344
1.95801
1.95216
1.94459
1.93972
1.9775
1.97142
1.96795
1.9624
1.9567
1.95048
1.94265
1.93688
1.97703
1.97076
1.96715
1.9614
1.95546
1.94893
1.94077
1.93457
1.97662
1.96984
1.96582
1.95943
1.95277
1.94451
1.93622
1.9208
1.9795
1.97395
1.97076
1.96563
1.96041
1.95382
1.94784
1.93458
1.97988
1.97478
1.97194
1.96738
1.96277
1.95778
1.95169
1.94701
1.98032
1.9754
1.97269
1.96832
1.96393
1.95924
1.95338
1.94933
1.98074
1.97602
1.97346
1.9693
1.96516
1.96083
1.95519
1.9521
1.98105
1.97644
1.97396
1.96993
1.96591
1.96178
1.95625
1.95373
1.98122
1.97667
1.97423
1.97026
1.96632
1.96229
1.95682
1.95461
1.98122
1.97667
1.97423
1.97026
1.96632
1.96229
1.95682
1.95461
1.98105
1.97644
1.97396
1.96993
1.96591
1.96178
1.95625
1.95373
1.98074
1.97602
1.97346
1.9693
1.96516
1.96083
1.9552
1.9521
1.98032
1.9754
1.97269
1.96832
1.96393
1.95924
1.95338
1.94933
1.97988
1.97478
1.97194
1.96738
1.96277
1.95778
1.95169
1.94701
1.9795
1.97395
1.97076
1.96563
1.9604
1.95382
1.94784
1.93457
2.71606
2.94798
3.07924
3.28229
3.45616
3.75128
3.73935
4.66206
2.7155
2.93471
3.05867
3.24302
3.41595
3.62595
3.76102
4.12431
2.71044
2.91747
3.03346
3.20277
3.36474
3.5326
3.6905
3.86719
2.70457
2.89991
3.00817
3.16472
3.31369
3.45754
3.61284
3.70796
2.70049
2.88897
2.99268
3.14206
3.28252
3.41566
3.56043
3.62829
2.69917
2.8845
2.98605
3.13214
3.26837
3.3974
3.53538
3.59683
2.70116
2.88759
2.9898
3.13689
3.27409
3.40435
3.54288
3.60706
2.70661
2.89859
3.00451
3.15713
3.30083
3.43825
3.58513
3.66333
2.71516
2.91632
3.02815
3.18999
3.34397
3.49485
3.65141
3.76587
2.72628
2.9428
3.06486
3.24327
3.4141
3.59596
3.75726
3.97924
2.73726
2.9676
3.09802
3.29236
3.47306
3.69875
3.82132
4.25165
2.74612
2.99525
3.13735
3.35714
3.54591
3.87095
3.8527
4.90255
2.29102
2.3561
2.38944
2.44925
2.49964
2.59979
2.59182
2.95861
2.28061
2.33806
2.36573
2.41486
2.4579
2.52022
2.54208
2.68944
2.27076
2.32617
2.353
2.39972
2.44329
2.49516
2.53987
2.6234
2.26147
2.31248
2.33613
2.37756
2.41607
2.45519
2.50203
2.53161
2.25438
2.30327
2.32555
2.36464
2.40101
2.43481
2.48375
2.48938
2.2499
2.29736
2.3186
2.35608
2.39073
2.42125
2.46976
2.46284
2.24834
2.29567
2.31681
2.35415
2.38869
2.41889
2.46781
2.45937
2.24958
2.29792
2.3197
2.35814
2.3939
2.42619
2.47598
2.47507
2.25317
2.30346
2.32654
2.36717
2.40524
2.44211
2.49273
2.50979
2.2583
2.3118
2.33702
2.38131
2.42285
2.46799
2.51673
2.56754
2.26361
2.32024
2.34742
2.39552
2.43968
2.49595
2.53764
2.6376
2.26761
2.32942
2.36003
2.41536
2.46279
2.5476
2.55448
2.83219
2.16079
2.18904
2.2077
2.2368
2.2664
2.31454
2.33281
2.4855
2.15436
2.17783
2.19264
2.21542
2.23826
2.26877
2.28578
2.34878
2.14854
2.17141
2.18616
2.20853
2.23217
2.26076
2.28818
2.33449
2.14301
2.16363
2.17667
2.19638
2.2173
2.2401
2.26722
2.29073
2.13873
2.15843
2.17091
2.18968
2.20986
2.23062
2.25955
2.27327
2.13587
2.15494
2.16696
2.185
2.20447
2.22371
2.25294
2.26036
2.13465
2.1537
2.16571
2.18374
2.20325
2.22232
2.25213
2.25802
2.13497
2.15453
2.1669
2.18545
2.20555
2.22539
2.25581
2.26333
2.13661
2.15716
2.17022
2.18981
2.21105
2.23252
2.26403
2.27568
2.13914
2.16132
2.17552
2.19684
2.21991
2.24402
2.27671
2.29446
2.1419
2.16583
2.18123
2.20441
2.22953
2.25672
2.29205
2.31536
2.1441
2.17124
2.18902
2.21625
2.24516
2.28386
2.3148
2.40081
2.08537
2.09749
2.10551
2.11806
2.13158
2.15229
2.165
2.22974
2.08187
2.09136
2.09717
2.10629
2.11565
2.12783
2.13559
2.16068
2.07872
2.088
2.09385
2.10294
2.11273
2.12473
2.13695
2.15756
2.07571
2.08391
2.08889
2.0967
2.1051
2.11443
2.12595
2.13644
2.07332
2.08109
2.0858
2.09317
2.10123
2.10966
2.12202
2.12815
2.07163
2.07907
2.08351
2.09051
2.09819
2.10585
2.11835
2.12124
2.07075
2.0781
2.08249
2.0894
2.09701
2.10446
2.11723
2.1189
2.07065
2.0781
2.08257
2.0896
2.09735
2.10494
2.11799
2.11957
2.07122
2.07899
2.0837
2.09106
2.09922
2.10726
2.12099
2.12305
2.07227
2.08063
2.08578
2.09375
2.10264
2.11141
2.12622
2.12836
2.07352
2.08263
2.08832
2.09708
2.10704
2.11668
2.13433
2.13471
2.07456
2.08523
2.09214
2.10284
2.115
2.12957
2.14809
2.17339
2.04247
2.04775
2.05138
2.0569
2.06305
2.07208
2.07875
2.10676
2.04073
2.04473
2.04728
2.05115
2.05521
2.0603
2.06383
2.07411
2.03915
2.04307
2.04564
2.04952
2.05378
2.05894
2.06437
2.07332
2.03763
2.04106
2.04324
2.04654
2.05015
2.05414
2.05913
2.06367
2.0364
2.03964
2.04169
2.04481
2.04826
2.05187
2.05723
2.05986
2.0355
2.03859
2.04052
2.04347
2.04675
2.05001
2.05544
2.05655
2.03498
2.03802
2.03993
2.04282
2.04607
2.04921
2.05479
2.0552
2.03483
2.03791
2.03984
2.04278
2.04607
2.04924
2.05497
2.05511
2.03502
2.03823
2.04026
2.04333
2.0468
2.05011
2.05624
2.05621
2.03545
2.03892
2.04114
2.04447
2.04827
2.05183
2.0586
2.05796
2.036
2.03982
2.04232
2.04601
2.05035
2.05422
2.06266
2.06033
2.03647
2.04104
2.04413
2.04875
2.05421
2.0603
2.06967
2.0781
2.02026
2.02275
2.0245
2.0271
2.03006
2.03427
2.03777
2.05039
2.01943
2.02133
2.02258
2.02442
2.02639
2.02881
2.03069
2.03536
2.01867
2.02053
2.02177
2.02361
2.02565
2.02811
2.03077
2.03496
2.01794
2.01957
2.02063
2.02222
2.02396
2.02589
2.02833
2.03057
2.01734
2.01888
2.01988
2.02137
2.02303
2.02479
2.02737
2.02876
2.01689
2.01836
2.0193
2.02071
2.02229
2.02389
2.02648
2.02717
2.01661
2.01806
2.01898
2.02036
2.02191
2.02345
2.02611
2.02644
2.01651
2.01797
2.0189
2.02029
2.02185
2.02339
2.02612
2.02626
2.01657
2.01807
2.01905
2.02049
2.02213
2.02372
2.02664
2.02661
2.01674
2.01836
2.01941
2.02097
2.02276
2.02444
2.02768
2.02724
2.01698
2.01876
2.01994
2.02167
2.02371
2.02554
2.02961
2.02826
2.01718
2.0193
2.02077
2.02292
2.0255
2.02831
2.03293
2.03632
2.00896
2.01001
2.01076
2.01186
2.01312
2.01489
2.01643
2.02176
2.00859
2.00939
2.00992
2.01069
2.01152
2.01253
2.01334
2.01528
2.00825
2.00903
2.00955
2.01032
2.01117
2.01219
2.01331
2.01505
2.00792
2.0086
2.00905
2.0097
2.01043
2.01123
2.01224
2.01317
2.00765
2.00829
2.0087
2.00932
2.01001
2.01073
2.0118
2.01235
2.00744
2.00805
2.00844
2.00902
2.00967
2.01033
2.0114
2.01165
2.00731
2.00791
2.00829
2.00885
2.00949
2.01012
2.01121
2.0113
2.00726
2.00785
2.00824
2.00881
2.00945
2.01007
2.0112
2.0112
2.00727
2.00789
2.00829
2.00888
2.00956
2.0102
2.01141
2.01132
2.00734
2.00801
2.00844
2.00908
2.00982
2.0105
2.01186
2.01155
2.00744
2.00818
2.00867
2.00939
2.01024
2.01098
2.01271
2.012
2.00752
2.00841
2.00902
2.00992
2.01101
2.01218
2.01416
2.01546
2.00374
2.00418
2.00449
2.00495
2.00549
2.00622
2.0069
2.00907
2.00358
2.00392
2.00415
2.00448
2.00484
2.00527
2.00564
2.00644
2.00344
2.00377
2.00399
2.00432
2.00468
2.00512
2.0056
2.00632
2.0033
2.00359
2.00378
2.00407
2.00438
2.00473
2.00516
2.00557
2.00319
2.00346
2.00364
2.0039
2.0042
2.00451
2.00497
2.00522
2.0031
2.00336
2.00353
2.00378
2.00406
2.00434
2.0048
2.00493
2.00304
2.00329
2.00346
2.0037
2.00398
2.00425
2.00472
2.00478
2.00302
2.00327
2.00344
2.00368
2.00396
2.00423
2.00471
2.00473
2.00302
2.00328
2.00346
2.00371
2.004
2.00428
2.00479
2.00477
2.00304
2.00332
2.00351
2.00379
2.0041
2.0044
2.00496
2.00486
2.00308
2.00339
2.00361
2.00391
2.00427
2.00459
2.00531
2.00504
2.00312
2.00348
2.00375
2.00413
2.00458
2.00507
2.00591
2.00644
2.00139
2.00155
2.00167
2.00184
2.00204
2.00231
2.00257
2.00336
2.00134
2.00146
2.00155
2.00167
2.00181
2.00197
2.00211
2.00241
2.00128
2.0014
2.00149
2.00161
2.00175
2.00191
2.00209
2.00235
2.00123
2.00134
2.00141
2.00152
2.00163
2.00176
2.00193
2.00208
2.00119
2.00129
2.00136
2.00145
2.00157
2.00168
2.00185
2.00195
2.00115
2.00125
2.00131
2.00141
2.00151
2.00162
2.00179
2.00184
2.00113
2.00122
2.00129
2.00138
2.00148
2.00159
2.00176
2.00179
2.00112
2.00121
2.00128
2.00137
2.00147
2.00158
2.00175
2.00176
2.00112
2.00122
2.00128
2.00138
2.00149
2.00159
2.00178
2.00178
2.00113
2.00123
2.00131
2.00141
2.00152
2.00164
2.00184
2.00181
2.00114
2.00126
2.00134
2.00145
2.00159
2.00171
2.00197
2.00188
2.00116
2.00129
2.00139
2.00153
2.0017
2.00188
2.00219
2.00239
2.00029
2.00032
2.00035
2.00038
2.00041
2.00046
2.00051
2.00066
2.00028
2.0003
2.00032
2.00034
2.00037
2.00039
2.00042
2.00047
2.00027
2.00029
2.00031
2.00033
2.00035
2.00038
2.00041
2.00046
2.00026
2.00028
2.00029
2.00031
2.00033
2.00035
2.00038
2.0004
2.00025
2.00027
2.00028
2.00029
2.00031
2.00033
2.00036
2.00037
2.00024
2.00026
2.00027
2.00028
2.0003
2.00032
2.00035
2.00035
2.00024
2.00025
2.00026
2.00028
2.00029
2.00031
2.00034
2.00034
2.00023
2.00025
2.00026
2.00028
2.00029
2.00031
2.00034
2.00033
2.00023
2.00025
2.00026
2.00028
2.00029
2.00031
2.00034
2.00034
2.00024
2.00025
2.00027
2.00028
2.0003
2.00032
2.00035
2.00034
2.00024
2.00026
2.00027
2.00029
2.00031
2.00033
2.00038
2.00036
2.00024
2.00026
2.00028
2.00031
2.00034
2.00037
2.00043
2.00046
1.99955
1.99951
1.99949
1.99944
1.9994
1.99933
1.99928
1.99901
1.99957
1.99954
1.99953
1.99951
1.99948
1.99946
1.99944
1.99937
1.99959
1.99956
1.99955
1.99953
1.9995
1.99947
1.99944
1.99938
1.99961
1.99959
1.99958
1.99956
1.99954
1.99952
1.9995
1.99948
1.99962
1.9996
1.99959
1.99958
1.99956
1.99955
1.99952
1.99953
1.99963
1.99961
1.99961
1.99959
1.99958
1.99957
1.99954
1.99956
1.99964
1.99962
1.99962
1.9996
1.99959
1.99958
1.99955
1.99958
1.99964
1.99962
1.99962
1.9996
1.99959
1.99958
1.99955
1.99959
1.99964
1.99962
1.99961
1.9996
1.99958
1.99958
1.99954
1.99958
1.99964
1.99962
1.99961
1.99959
1.99957
1.99956
1.99951
1.99957
1.99963
1.99961
1.99959
1.99957
1.99955
1.99953
1.99947
1.99954
1.99963
1.99959
1.99957
1.99954
1.99951
1.99947
1.99939
1.99935
1.99777
1.9974
1.99714
1.99675
1.99632
1.99573
1.99518
1.99365
1.99786
1.99755
1.99734
1.99704
1.99671
1.99632
1.99595
1.99529
1.99794
1.99764
1.99743
1.99713
1.9968
1.9964
1.99595
1.99535
1.99801
1.99774
1.99755
1.99728
1.99698
1.99664
1.99622
1.99582
1.99807
1.99781
1.99763
1.99737
1.99708
1.99676
1.99633
1.99601
1.99812
1.99786
1.99769
1.99744
1.99716
1.99686
1.99642
1.99618
1.99815
1.99789
1.99773
1.99748
1.9972
1.9969
1.99646
1.99625
1.99816
1.9979
1.99774
1.99749
1.9972
1.99691
1.99646
1.99627
1.99815
1.99789
1.99772
1.99746
1.99717
1.99687
1.9964
1.99623
1.99813
1.99786
1.99768
1.99741
1.9971
1.99679
1.99628
1.99615
1.99811
1.99782
1.99762
1.99733
1.997
1.99666
1.99607
1.99603
1.99809
1.99776
1.99753
1.99719
1.9968
1.99635
1.9957
1.99513
1.99468
1.99426
1.99399
1.99355
1.99305
1.99222
1.99182
1.98848
1.99491
1.99466
1.99453
1.9943
1.99408
1.99377
1.99377
1.99277
1.99512
1.99487
1.99473
1.99448
1.99422
1.99389
1.9936
1.99278
1.99533
1.99514
1.99504
1.99488
1.9947
1.99452
1.99428
1.99409
1.9955
1.99533
1.99525
1.9951
1.99494
1.99482
1.99451
1.9946
1.99562
1.99548
1.99541
1.99528
1.99515
1.99507
1.99475
1.99506
1.9957
1.99556
1.9955
1.99538
1.99525
1.99519
1.99485
1.99526
1.99573
1.99558
1.99552
1.9954
1.99526
1.9952
1.99484
1.9953
1.99571
1.99555
1.99548
1.99534
1.99518
1.99511
1.9947
1.99519
1.99566
1.99547
1.99538
1.99521
1.99501
1.99491
1.99442
1.995
1.9956
1.99537
1.99524
1.99503
1.99476
1.99462
1.99391
1.99472
1.99554
1.99522
1.99501
1.99469
1.99429
1.99387
1.99307
1.99249
1.97332
1.96614
1.96184
1.95494
1.94793
1.93797
1.93138
1.90523
1.97437
1.96802
1.96439
1.95856
1.9528
1.94564
1.94006
1.9277
1.9753
1.96901
1.96537
1.95956
1.95364
1.94664
1.93944
1.92927
1.97619
1.97024
1.96687
1.96148
1.95601
1.94991
1.94289
1.93627
1.97688
1.97107
1.96779
1.96253
1.95717
1.95137
1.94409
1.93893
1.97738
1.97167
1.96847
1.96333
1.95809
1.95254
1.94523
1.9411
1.97764
1.97195
1.96877
1.96365
1.95844
1.95294
1.94555
1.94179
1.97768
1.97195
1.96874
1.96358
1.95831
1.95276
1.94526
1.94148
1.97752
1.97169
1.9684
1.96313
1.95772
1.952
1.94428
1.94021
1.97723
1.9712
1.96777
1.96229
1.95663
1.95062
1.94258
1.93808
1.97687
1.97061
1.967
1.96127
1.95529
1.94892
1.94021
1.93549
1.97657
1.96984
1.96585
1.95952
1.95289
1.94486
1.93629
1.92256
1.97637
1.97056
1.96717
1.96168
1.95624
1.94822
1.94385
1.92104
1.97734
1.97226
1.96947
1.96492
1.96058
1.95511
1.95152
1.94136
1.97821
1.97317
1.97035
1.96581
1.96129
1.95597
1.95079
1.94278
1.97904
1.97431
1.97174
1.96757
1.96347
1.95898
1.95393
1.94929
1.9797
1.97509
1.97259
1.96855
1.96454
1.96032
1.95501
1.95178
1.98017
1.97565
1.97323
1.96929
1.96538
1.9614
1.95605
1.9538
1.98042
1.97592
1.9735
1.96958
1.96569
1.96175
1.95631
1.95439
1.98047
1.97592
1.97347
1.9695
1.96554
1.96154
1.95599
1.95403
1.98033
1.97567
1.97314
1.96905
1.96496
1.96078
1.95503
1.95273
1.98006
1.9752
1.97254
1.96825
1.96392
1.95945
1.95343
1.95061
1.97973
1.97466
1.97183
1.9673
1.96268
1.95785
1.95127
1.94806
1.97946
1.97395
1.9708
1.96572
1.96054
1.95419
1.94793
1.93631
3.36691
3.35626
3.49419
3.52058
3.56407
3.5748
3.57481
3.56409
3.52063
3.49427
3.35637
3.36703
3.59626
3.78341
3.83042
3.90625
3.92555
3.93731
3.93731
3.92556
3.90627
3.83045
3.78341
3.59631
3.61469
3.85637
3.96491
4.04033
4.08042
4.09625
4.09625
4.08044
4.04036
3.96495
3.8564
3.61471
3.70289
4.00004
4.09531
4.18688
4.22171
4.23852
4.23852
4.22172
4.1869
4.09534
4.00006
3.7029
3.73898
4.06422
4.17361
4.2661
4.3025
4.31921
4.31921
4.3025
4.26611
4.17363
4.06423
3.73898
3.76229
4.1089
4.22096
4.31819
4.35529
4.37266
4.37266
4.35529
4.31819
4.22096
4.1089
3.76229
3.76681
4.12239
4.23821
4.34025
4.3806
4.3998
4.3998
4.3806
4.34024
4.2382
4.12239
3.76681
3.75653
4.10535
4.22571
4.33205
4.37796
4.40006
4.40005
4.37795
4.33204
4.22569
4.10535
3.75654
3.71675
4.06595
4.17808
4.29455
4.34576
4.37195
4.37194
4.34575
4.29453
4.17806
4.06594
3.71677
3.66474
3.95531
4.08331
4.18876
4.24826
4.27571
4.2757
4.24825
4.18874
4.08328
3.95529
3.66474
3.56492
3.88235
3.96012
4.08144
4.13125
4.16055
4.16054
4.13124
4.08143
3.96011
3.88238
3.56491
3.46358
3.59083
3.68212
3.74256
3.78534
3.80118
3.80118
3.78533
3.74253
3.68207
3.59076
3.4635
2.53119
2.63463
2.58296
2.61875
2.61414
2.61769
2.61769
2.61414
2.61875
2.58297
2.63461
2.53116
2.45881
2.67638
2.69109
2.74784
2.77047
2.78525
2.78525
2.77048
2.74785
2.6911
2.67638
2.4588
2.54092
2.70255
2.76549
2.82765
2.86131
2.8793
2.8793
2.86131
2.82765
2.76549
2.70256
2.54092
2.54929
2.73328
2.81235
2.88951
2.93231
2.95495
2.95495
2.93231
2.8895
2.81234
2.73328
2.54929
2.5783
2.74704
2.84371
2.92466
2.97312
2.99797
2.99797
2.97312
2.92466
2.84371
2.74704
2.57829
2.58688
2.75426
2.8568
2.94056
2.99148
3.01747
3.01747
2.99148
2.94055
2.85679
2.75425
2.58687
2.58824
2.7517
2.85408
2.93661
2.987
3.01265
3.01265
2.987
2.93661
2.85407
2.75168
2.58823
2.57825
2.73835
2.83466
2.91252
2.95967
2.98365
2.98364
2.95966
2.91251
2.83465
2.73833
2.57823
2.56323
2.72034
2.79977
2.87002
2.91027
2.93121
2.93121
2.91027
2.87001
2.79976
2.72032
2.56321
2.53186
2.6758
2.74168
2.79791
2.83108
2.84802
2.84802
2.83107
2.7979
2.74166
2.67578
2.53184
2.52722
2.66417
2.67587
2.71823
2.73443
2.74537
2.74537
2.73441
2.71822
2.67585
2.66415
2.52721
2.50274
2.51931
2.52879
2.55801
2.57366
2.58336
2.58335
2.57365
2.558
2.52877
2.51931
2.50275
2.3591
2.4184
2.35456
2.36436
2.34896
2.34635
2.34635
2.34897
2.36437
2.35459
2.41843
2.35913
2.27063
2.4113
2.41184
2.44
2.44945
2.45625
2.45625
2.44945
2.44
2.41185
2.41129
2.27063
2.32325
2.42621
2.46175
2.49921
2.51794
2.5283
2.5283
2.51794
2.49922
2.46176
2.42623
2.32327
2.31476
2.43771
2.49103
2.5426
2.57114
2.58606
2.58606
2.57115
2.5426
2.49103
2.43772
2.31476
2.3298
2.44478
2.5127
2.57019
2.60457
2.62203
2.62204
2.60457
2.57019
2.51271
2.44478
2.32981
2.33391
2.44907
2.52314
2.58412
2.62146
2.6403
2.6403
2.62146
2.58412
2.52314
2.44907
2.33391
2.33682
2.44899
2.52365
2.58419
2.62156
2.64037
2.64037
2.62156
2.58419
2.52365
2.44899
2.33682
2.33548
2.44359
2.51331
2.56976
2.60442
2.62189
2.62189
2.60442
2.56976
2.51331
2.44359
2.33548
2.33509
2.43637
2.49322
2.54156
2.57017
2.58485
2.58485
2.57017
2.54156
2.49322
2.43638
2.3351
2.32864
2.41599
2.45797
2.49308
2.51387
2.52466
2.52466
2.51387
2.49308
2.45796
2.41599
2.32865
2.34235
2.4139
2.41745
2.43718
2.4446
2.44993
2.44993
2.4446
2.43718
2.41745
2.41392
2.34236
2.34844
2.3344
2.32719
2.33256
2.33516
2.3379
2.3379
2.33516
2.33256
2.32718
2.33437
2.34842
2.18981
2.22183
2.182
2.1853
2.17516
2.17308
2.17308
2.17516
2.1853
2.18201
2.22184
2.18982
2.13135
2.20944
2.20854
2.2228
2.22748
2.23097
2.23097
2.22748
2.2228
2.20854
2.20944
2.13136
2.15786
2.21429
2.23332
2.2542
2.26489
2.27095
2.27095
2.26489
2.25421
2.23333
2.2143
2.15788
2.14909
2.21609
2.24641
2.27636
2.2939
2.30321
2.30321
2.2939
2.27636
2.24641
2.2161
2.1491
2.15488
2.21704
2.2559
2.29027
2.31203
2.32335
2.32335
2.31203
2.29027
2.25591
2.21705
2.15488
2.15583
2.21727
2.25975
2.29638
2.32021
2.33254
2.33254
2.32021
2.29638
2.25975
2.21727
2.15583
2.15716
2.21611
2.25859
2.29454
2.31809
2.33024
2.33024
2.31809
2.29454
2.25859
2.21611
2.15715
2.15724
2.21309
2.25203
2.28456
2.30563
2.31648
2.31648
2.30563
2.28456
2.25203
2.21308
2.15724
2.15908
2.20992
2.24088
2.26715
2.28348
2.29196
2.29196
2.28348
2.26715
2.24088
2.20991
2.15908
2.15853
2.20109
2.22237
2.23971
2.25015
2.25564
2.25564
2.25014
2.2397
2.22237
2.20108
2.15853
2.16983
2.20148
2.20155
2.2089
2.21124
2.21317
2.21317
2.21123
2.2089
2.20154
2.20148
2.16983
2.17644
2.1617
2.15568
2.1548
2.15417
2.15457
2.15457
2.15417
2.15479
2.15567
2.16168
2.17643
2.09195
2.10728
2.08686
2.08774
2.0824
2.08115
2.08115
2.0824
2.08774
2.08687
2.10729
2.09196
2.06186
2.10022
2.09925
2.10558
2.10742
2.10886
2.10886
2.10742
2.10558
2.09925
2.10021
2.06186
2.07419
2.10188
2.11073
2.12048
2.12532
2.12807
2.12807
2.12532
2.12048
2.11073
2.10189
2.0742
2.06942
2.102
2.11651
2.13083
2.13918
2.1436
2.1436
2.13918
2.13083
2.11651
2.102
2.06942
2.07184
2.10195
2.12063
2.13726
2.14782
2.15331
2.15331
2.14782
2.13726
2.12063
2.10195
2.07184
2.07223
2.10176
2.12222
2.14001
2.15165
2.15768
2.15768
2.15165
2.14001
2.12223
2.10176
2.07223
2.07297
2.10114
2.1216
2.13903
2.15052
2.15645
2.15645
2.15052
2.13903
2.1216
2.10114
2.07297
2.07332
2.09984
2.11857
2.13421
2.14439
2.14964
2.14964
2.14439
2.13421
2.11857
2.09984
2.07332
2.07471
2.09862
2.11348
2.12588
2.13361
2.1376
2.1376
2.13361
2.12588
2.11348
2.09862
2.07471
2.07506
2.09486
2.10491
2.11278
2.11748
2.11994
2.11994
2.11748
2.11278
2.10491
2.09486
2.07506
2.08145
2.09534
2.09516
2.09801
2.09877
2.09948
2.09948
2.09877
2.09801
2.09516
2.09535
2.08145
2.08482
2.07614
2.0732
2.07201
2.07142
2.07141
2.07141
2.07142
2.07201
2.0732
2.07613
2.08481
2.04463
2.05172
2.04221
2.04247
2.04
2.0394
2.0394
2.04
2.04247
2.04221
2.05173
2.04464
2.03036
2.04852
2.04826
2.05126
2.0522
2.0529
2.0529
2.0522
2.05126
2.04826
2.04851
2.03037
2.03585
2.04926
2.05374
2.05855
2.06103
2.06241
2.06241
2.06103
2.05855
2.05374
2.04926
2.03586
2.03358
2.04925
2.05654
2.06363
2.06787
2.07011
2.07011
2.06787
2.06363
2.05654
2.04925
2.03358
2.03456
2.04916
2.05847
2.06676
2.07213
2.07493
2.07493
2.07213
2.06676
2.05847
2.04916
2.03456
2.0347
2.04899
2.05916
2.06804
2.07395
2.07703
2.07703
2.07395
2.06804
2.05916
2.04899
2.0347
2.03502
2.04861
2.05875
2.06743
2.07325
2.07627
2.07627
2.07325
2.06743
2.05875
2.04861
2.03502
2.03521
2.04792
2.05716
2.0649
2.07003
2.07268
2.07268
2.07003
2.0649
2.05716
2.04792
2.03521
2.03592
2.04723
2.05457
2.06063
2.06449
2.06649
2.06649
2.06449
2.06063
2.05457
2.04723
2.03592
2.03616
2.04541
2.05034
2.05413
2.05643
2.05763
2.05763
2.05643
2.05412
2.05034
2.04541
2.03616
2.03931
2.04545
2.04552
2.04679
2.04717
2.04749
2.04749
2.04717
2.04679
2.04552
2.04546
2.03931
2.04073
2.03626
2.03501
2.0343
2.03399
2.03395
2.03395
2.03399
2.0343
2.03501
2.03626
2.04072
2.01937
2.02241
2.01828
2.01832
2.01725
2.01697
2.01697
2.01725
2.01832
2.01829
2.02241
2.01937
2.01311
2.02099
2.02087
2.02213
2.02251
2.0228
2.0228
2.02251
2.02213
2.02087
2.02099
2.01311
2.0154
2.02124
2.02318
2.02523
2.02629
2.02687
2.02687
2.02629
2.02523
2.02318
2.02124
2.0154
2.01441
2.02118
2.02434
2.02737
2.0292
2.03016
2.03016
2.0292
2.02737
2.02434
2.02118
2.01441
2.01478
2.02109
2.02511
2.02868
2.03099
2.0322
2.0322
2.031
2.02868
2.02511
2.02109
2.01479
2.01483
2.02098
2.02537
2.02919
2.03174
2.03307
2.03307
2.03174
2.02919
2.02537
2.02098
2.01483
2.01497
2.0208
2.02516
2.02889
2.0314
2.0327
2.0327
2.0314
2.02889
2.02516
2.0208
2.01497
2.01507
2.0205
2.02447
2.02778
2.02998
2.03112
2.03112
2.02998
2.02778
2.02447
2.0205
2.01507
2.0154
2.02021
2.02336
2.02594
2.02758
2.02843
2.02842
2.02758
2.02594
2.02336
2.02021
2.0154
2.01554
2.01946
2.02156
2.02314
2.0241
2.0246
2.0246
2.0241
2.02314
2.02156
2.01946
2.01554
2.01697
2.01948
2.01949
2.01998
2.02011
2.02023
2.02023
2.02011
2.01998
2.01949
2.01948
2.01697
2.01753
2.01547
2.01496
2.0146
2.01445
2.01442
2.01442
2.01445
2.0146
2.01496
2.01546
2.01753
2.00815
2.00938
2.00773
2.00773
2.00731
2.00719
2.00719
2.00731
2.00773
2.00773
2.00939
2.00815
2.00561
2.00884
2.00883
2.00935
2.00953
2.00965
2.00965
2.00953
2.00935
2.00883
2.00884
2.00561
2.00651
2.00895
2.0098
2.01067
2.01113
2.01138
2.01138
2.01113
2.01067
2.0098
2.00896
2.00651
2.00612
2.00894
2.0103
2.01158
2.01236
2.01277
2.01277
2.01236
2.01158
2.0103
2.00894
2.00612
2.00626
2.00891
2.01062
2.01213
2.01312
2.01364
2.01364
2.01312
2.01213
2.01062
2.00891
2.00626
2.00628
2.00886
2.01073
2.01234
2.01343
2.014
2.014
2.01343
2.01234
2.01073
2.00886
2.00628
2.00633
2.00878
2.01063
2.01221
2.01328
2.01383
2.01383
2.01328
2.01221
2.01063
2.00878
2.00633
2.00637
2.00865
2.01033
2.01173
2.01267
2.01315
2.01315
2.01267
2.01173
2.01033
2.00865
2.00637
2.0065
2.00851
2.00985
2.01094
2.01164
2.012
2.012
2.01164
2.01093
2.00985
2.00851
2.0065
2.00656
2.00818
2.00908
2.00975
2.01016
2.01037
2.01037
2.01016
2.00975
2.00908
2.00818
2.00656
2.00715
2.00816
2.00819
2.0084
2.00846
2.00852
2.00852
2.00846
2.0084
2.00819
2.00816
2.00715
2.00734
2.00648
2.0063
2.00614
2.00609
2.00608
2.00608
2.00609
2.00614
2.00629
2.00648
2.00734
2.00304
2.00348
2.00289
2.00288
2.00273
2.00269
2.00269
2.00273
2.00288
2.00289
2.00348
2.00304
2.00211
2.00329
2.0033
2.00349
2.00356
2.0036
2.0036
2.00356
2.00349
2.0033
2.00329
2.00211
2.00243
2.00334
2.00366
2.00398
2.00416
2.00425
2.00425
2.00416
2.00398
2.00366
2.00334
2.00243
2.00229
2.00333
2.00384
2.00432
2.00461
2.00477
2.00477
2.00461
2.00432
2.00384
2.00333
2.00229
2.00234
2.00332
2.00396
2.00453
2.0049
2.00509
2.00509
2.0049
2.00453
2.00396
2.00332
2.00234
2.00235
2.0033
2.004
2.0046
2.00501
2.00522
2.00522
2.00501
2.0046
2.004
2.0033
2.00235
2.00237
2.00327
2.00396
2.00455
2.00495
2.00516
2.00516
2.00495
2.00455
2.00396
2.00327
2.00237
2.00238
2.00322
2.00385
2.00437
2.00472
2.0049
2.0049
2.00472
2.00437
2.00385
2.00322
2.00238
2.00243
2.00317
2.00367
2.00407
2.00433
2.00447
2.00447
2.00433
2.00407
2.00367
2.00317
2.00243
2.00245
2.00305
2.00338
2.00363
2.00378
2.00386
2.00386
2.00378
2.00363
2.00338
2.00304
2.00245
2.00266
2.00303
2.00305
2.00312
2.00315
2.00317
2.00317
2.00315
2.00312
2.00305
2.00303
2.00266
2.00273
2.00241
2.00234
2.00229
2.00227
2.00226
2.00226
2.00227
2.00229
2.00234
2.00241
2.00273
2.00059
2.00068
2.00056
2.00056
2.00053
2.00052
2.00052
2.00053
2.00056
2.00056
2.00068
2.00059
2.00041
2.00064
2.00064
2.00067
2.00069
2.00069
2.00069
2.00069
2.00067
2.00064
2.00064
2.00041
2.00047
2.00064
2.0007
2.00076
2.0008
2.00081
2.00081
2.0008
2.00076
2.0007
2.00064
2.00047
2.00044
2.00064
2.00074
2.00082
2.00088
2.00091
2.00091
2.00088
2.00082
2.00074
2.00064
2.00044
2.00044
2.00063
2.00075
2.00086
2.00093
2.00096
2.00096
2.00093
2.00086
2.00075
2.00063
2.00044
2.00044
2.00063
2.00076
2.00087
2.00095
2.00099
2.00099
2.00095
2.00087
2.00076
2.00063
2.00044
2.00045
2.00062
2.00075
2.00086
2.00093
2.00097
2.00097
2.00093
2.00086
2.00075
2.00062
2.00045
2.00045
2.00061
2.00073
2.00082
2.00089
2.00092
2.00092
2.00089
2.00082
2.00073
2.00061
2.00045
2.00046
2.0006
2.00069
2.00077
2.00081
2.00084
2.00084
2.00081
2.00077
2.00069
2.0006
2.00046
2.00047
2.00058
2.00064
2.00068
2.00071
2.00072
2.00072
2.00071
2.00068
2.00064
2.00058
2.00047
2.00051
2.00058
2.00058
2.00059
2.00059
2.00059
2.00059
2.00059
2.00059
2.00058
2.00058
2.00051
2.00052
2.00046
2.00044
2.00043
2.00042
2.00042
2.00042
2.00042
2.00043
2.00044
2.00046
2.00052
1.99918
1.99902
1.99926
1.99927
1.99933
1.99935
1.99935
1.99933
1.99927
1.99926
1.99902
1.99919
1.99953
1.99913
1.99917
1.99912
1.99912
1.99911
1.99911
1.99912
1.99912
1.99917
1.99913
1.99953
1.99941
1.99914
1.99909
1.99901
1.99898
1.99896
1.99896
1.99898
1.99901
1.99909
1.99914
1.99941
1.99947
1.99917
1.99906
1.99894
1.99888
1.99885
1.99885
1.99888
1.99894
1.99906
1.99917
1.99947
1.99946
1.99919
1.99904
1.9989
1.99882
1.99878
1.99878
1.99882
1.9989
1.99904
1.99919
1.99946
1.99946
1.9992
1.99904
1.99889
1.9988
1.99875
1.99875
1.9988
1.99889
1.99904
1.9992
1.99946
1.99945
1.99921
1.99905
1.99891
1.99882
1.99877
1.99877
1.99882
1.99891
1.99905
1.99921
1.99945
1.99944
1.99922
1.99907
1.99895
1.99887
1.99883
1.99883
1.99887
1.99895
1.99907
1.99922
1.99944
1.99942
1.99922
1.9991
1.99901
1.99896
1.99893
1.99893
1.99896
1.99901
1.9991
1.99922
1.99942
1.9994
1.99924
1.99917
1.99912
1.99909
1.99908
1.99908
1.99909
1.99912
1.99917
1.99924
1.9994
1.99931
1.99921
1.99923
1.99923
1.99924
1.99924
1.99924
1.99924
1.99923
1.99923
1.99921
1.99931
1.99928
1.9994
1.99943
1.99946
1.99947
1.99947
1.99947
1.99947
1.99946
1.99943
1.9994
1.99928
1.99414
1.99339
1.99434
1.99428
1.99451
1.99457
1.99457
1.99451
1.99428
1.99434
1.99339
1.99414
1.9956
1.99355
1.99345
1.99303
1.99286
1.99275
1.99275
1.99286
1.99303
1.99345
1.99355
1.9956
1.995
1.99335
1.99266
1.99199
1.9916
1.99139
1.99139
1.9916
1.99199
1.99266
1.99335
1.995
1.99521
1.99325
1.9922
1.99122
1.99061
1.99029
1.99029
1.99061
1.99122
1.9922
1.99325
1.9952
1.99508
1.99318
1.99187
1.99073
1.98998
1.98958
1.98958
1.98998
1.99073
1.99187
1.99318
1.99508
1.99506
1.99316
1.99174
1.99052
1.98969
1.98926
1.98926
1.98969
1.99052
1.99174
1.99316
1.99506
1.99503
1.9932
1.99178
1.99058
1.98977
1.98934
1.98934
1.98977
1.99058
1.99178
1.9932
1.99503
1.99502
1.99332
1.99202
1.99093
1.99021
1.98983
1.98983
1.99021
1.99093
1.99202
1.99332
1.99502
1.99497
1.99346
1.99241
1.99155
1.99098
1.99069
1.99069
1.99098
1.99155
1.99241
1.99346
1.99497
1.99497
1.99376
1.99303
1.99246
1.9921
1.99191
1.99191
1.9921
1.99246
1.99303
1.99376
1.99497
1.99467
1.99388
1.99375
1.99351
1.9934
1.99333
1.99333
1.9934
1.99351
1.99375
1.99388
1.99467
1.99455
1.995
1.99509
1.99514
1.99515
1.99515
1.99515
1.99515
1.99514
1.99509
1.995
1.99455
1.99089
1.98873
1.99168
1.9916
1.9924
1.99259
1.99259
1.9924
1.9916
1.99168
1.98873
1.99089
1.99513
1.99024
1.99072
1.99011
1.99004
1.98994
1.98994
1.99004
1.99011
1.99072
1.99024
1.99513
1.99344
1.99032
1.98971
1.98884
1.9885
1.9883
1.9883
1.9885
1.98884
1.98971
1.99032
1.99344
1.99416
1.99058
1.98939
1.98806
1.98736
1.98698
1.98698
1.98736
1.98806
1.98939
1.99058
1.99416
1.99385
1.99078
1.98916
1.98763
1.98671
1.98623
1.98623
1.98671
1.98763
1.98916
1.99078
1.99385
1.99382
1.99091
1.98912
1.9875
1.98648
1.98594
1.98594
1.98648
1.9875
1.98912
1.99091
1.99382
1.99371
1.99101
1.98921
1.98764
1.98665
1.98613
1.98613
1.98665
1.98764
1.98921
1.99101
1.99371
1.99363
1.9911
1.98947
1.98809
1.98723
1.98678
1.98678
1.98723
1.98809
1.98947
1.9911
1.99363
1.99339
1.99109
1.98984
1.98879
1.98819
1.98787
1.98787
1.98819
1.98879
1.98984
1.99109
1.99339
1.9933
1.99135
1.99056
1.98996
1.98964
1.98948
1.98948
1.98964
1.98996
1.99056
1.99135
1.9933
1.99233
1.99098
1.99131
1.99119
1.99127
1.99128
1.99128
1.99127
1.99119
1.99131
1.99098
1.99233
1.99191
1.99319
1.9936
1.99383
1.99394
1.99397
1.99397
1.99394
1.99383
1.9936
1.99319
1.99191
1.92005
1.90891
1.91938
1.91742
1.91981
1.92013
1.92013
1.91981
1.91742
1.91938
1.90891
1.92005
1.93632
1.91039
1.90815
1.90196
1.89921
1.8975
1.8975
1.89921
1.90196
1.90815
1.91039
1.93632
1.92647
1.90632
1.89747
1.88891
1.88411
1.88149
1.88149
1.88411
1.88891
1.89747
1.90632
1.92647
1.92829
1.90392
1.89125
1.87964
1.87261
1.86894
1.86894
1.87261
1.87964
1.89125
1.90392
1.92829
1.92572
1.90229
1.88675
1.87368
1.86532
1.86102
1.86102
1.86532
1.87368
1.88675
1.90228
1.92572
1.9251
1.90155
1.88479
1.87096
1.86196
1.85736
1.85736
1.86196
1.87096
1.88479
1.90155
1.9251
1.92466
1.90187
1.88511
1.87151
1.86259
1.85805
1.85805
1.86259
1.87151
1.88511
1.90187
1.92466
1.92492
1.90341
1.88785
1.87536
1.86723
1.86309
1.86309
1.86723
1.87536
1.88785
1.90341
1.92492
1.92506
1.90565
1.89278
1.88234
1.8757
1.8723
1.8723
1.8757
1.88234
1.89278
1.90565
1.92506
1.92611
1.91015
1.90061
1.89316
1.88845
1.88603
1.88603
1.88845
1.89317
1.90061
1.91015
1.92611
1.92425
1.91248
1.91001
1.90599
1.904
1.90278
1.90278
1.904
1.90599
1.91001
1.91248
1.92425
1.92364
1.92688
1.92704
1.92644
1.92589
1.92545
1.92545
1.92589
1.92644
1.92704
1.92689
1.92364
1.93679
1.92669
1.93694
1.9355
1.93806
1.93855
1.93855
1.93806
1.9355
1.93694
1.92669
1.93679
1.95188
1.9294
1.92874
1.92419
1.92255
1.92144
1.92144
1.92255
1.92419
1.92874
1.9294
1.95188
1.94295
1.92671
1.92077
1.91472
1.91165
1.90996
1.90996
1.91165
1.91472
1.92077
1.92671
1.94295
1.94479
1.92535
1.91655
1.90824
1.90352
1.90106
1.90106
1.90352
1.90824
1.91655
1.92535
1.94479
1.94251
1.92444
1.91344
1.90417
1.89848
1.89559
1.89559
1.89848
1.90417
1.91344
1.92444
1.94251
1.94199
1.92403
1.9121
1.90231
1.89616
1.89304
1.89304
1.89616
1.90231
1.9121
1.92403
1.94199
1.94154
1.92424
1.91227
1.90263
1.89652
1.89344
1.89344
1.89652
1.90263
1.91227
1.92424
1.94154
1.94166
1.92523
1.91407
1.90519
1.89961
1.8968
1.8968
1.89961
1.90519
1.91407
1.92523
1.94166
1.94161
1.92655
1.91736
1.90991
1.90538
1.90307
1.90307
1.90538
1.90991
1.91736
1.92655
1.94161
1.94241
1.92974
1.9229
1.91761
1.9144
1.91277
1.91277
1.9144
1.91761
1.9229
1.92974
1.94241
1.94041
1.93073
1.92955
1.92671
1.92553
1.92475
1.92475
1.92553
1.92671
1.92955
1.93073
1.94041
1.93986
1.94272
1.94312
1.94268
1.94232
1.942
1.942
1.94232
1.94268
1.94312
1.94272
1.93986
)
;

boundaryField
{
    inlet
    {
        type            fixedValue;
        value           uniform 4;
    }
    wall
    {
        type            myTemperature;
        value           nonuniform List<scalar> 
720
(
2.70615
2.68275
2.65102
2.61161
2.57207
2.54541
2.54541
2.57207
2.61161
2.65102
2.68275
2.70614
2.29811
2.30428
2.31281
2.32605
2.34199
2.35376
2.35376
2.34199
2.32605
2.31281
2.30428
2.29812
2.16496
2.16892
2.1744
2.18294
2.1931
2.20057
2.20057
2.1931
2.18294
2.1744
2.16892
2.16496
2.08761
2.08973
2.0926
2.09705
2.10228
2.1061
2.1061
2.10228
2.09705
2.0926
2.08973
2.08761
2.04358
2.04463
2.04605
2.04823
2.05078
2.05263
2.05263
2.05078
2.04823
2.04605
2.04464
2.04358
2.02079
2.02129
2.02196
2.02299
2.02419
2.02506
2.02506
2.02419
2.02299
2.02196
2.02129
2.02079
2.0092
2.00942
2.00972
2.01017
2.0107
2.01108
2.01108
2.0107
2.01017
2.00972
2.00942
2.0092
2.00384
2.00393
2.00405
2.00424
2.00446
2.00462
2.00462
2.00446
2.00424
2.00405
2.00393
2.00384
2.00143
2.00146
2.00151
2.00158
2.00166
2.00172
2.00172
2.00166
2.00158
2.00151
2.00146
2.00143
2.0003
2.00031
2.00032
2.00034
2.00035
2.00037
2.00037
2.00035
2.00034
2.00032
2.00031
2.0003
1.99954
1.99953
1.99951
1.99949
1.99947
1.99945
1.99945
1.99947
1.99949
1.99951
1.99953
1.99954
1.99771
1.99766
1.99759
1.99748
1.99735
1.99726
1.99726
1.99735
1.99748
1.99759
1.99766
1.99771
1.99453
1.99439
1.9942
1.99391
1.99357
1.99333
1.99333
1.99357
1.99391
1.9942
1.99439
1.99453
1.9726
1.97189
1.97091
1.96942
1.96767
1.9664
1.9664
1.96767
1.96942
1.97091
1.97189
1.9726
1.97571
1.97506
1.97419
1.97286
1.97131
1.97019
1.97019
1.97131
1.97286
1.97419
1.97506
1.97571
2.74587
2.737
2.72603
2.71492
2.70637
2.70093
2.69894
2.70026
2.70434
2.7102
2.71526
2.71582
2.26769
2.26368
2.25838
2.25324
2.24966
2.24842
2.24998
2.25446
2.26154
2.27083
2.28069
2.29109
2.14403
2.14183
2.13907
2.13654
2.1349
2.13458
2.13581
2.13866
2.14294
2.14847
2.15429
2.16071
2.07455
2.07351
2.07227
2.07121
2.07064
2.07075
2.07163
2.07332
2.07571
2.07872
2.08186
2.08536
2.03646
2.03599
2.03544
2.03501
2.03482
2.03497
2.03549
2.03638
2.03761
2.03913
2.04071
2.04246
2.01718
2.01697
2.01674
2.01656
2.01651
2.01661
2.01688
2.01733
2.01793
2.01866
2.01942
2.02026
2.00752
2.00744
2.00734
2.00727
2.00725
2.00731
2.00744
2.00765
2.00792
2.00825
2.00859
2.00896
2.00311
2.00308
2.00304
2.00302
2.00301
2.00304
2.0031
2.00318
2.0033
2.00344
2.00358
2.00374
2.00115
2.00114
2.00113
2.00112
2.00112
2.00113
2.00115
2.00119
2.00123
2.00128
2.00133
2.00139
2.00024
2.00024
2.00024
2.00023
2.00023
2.00024
2.00024
2.00025
2.00026
2.00027
2.00028
2.00029
1.99963
1.99963
1.99964
1.99964
1.99964
1.99964
1.99963
1.99962
1.99961
1.99959
1.99957
1.99955
1.99809
1.99811
1.99813
1.99815
1.99816
1.99815
1.99812
1.99807
1.99801
1.99794
1.99786
1.99777
1.99554
1.99559
1.99566
1.99571
1.99572
1.9957
1.99562
1.99549
1.99533
1.99512
1.99491
1.99468
1.97658
1.97688
1.97723
1.97753
1.97768
1.97764
1.97738
1.97688
1.97619
1.9753
1.97438
1.97332
1.97946
1.97973
1.98005
1.98033
1.98047
1.98042
1.98017
1.9797
1.97904
1.97821
1.97734
1.97637
2.74629
2.73841
2.72841
2.71844
2.71124
2.70741
2.70741
2.71124
2.71845
2.72841
2.73841
2.74628
2.26742
2.26279
2.2568
2.25082
2.24623
2.24374
2.24374
2.24623
2.25082
2.25679
2.26278
2.26742
2.14386
2.14121
2.13798
2.13481
2.1324
2.13109
2.13109
2.1324
2.13481
2.13798
2.14121
2.14386
2.07442
2.07303
2.0714
2.06985
2.06868
2.06805
2.06805
2.06868
2.06985
2.0714
2.07303
2.07442
2.03638
2.03568
2.03489
2.03414
2.03358
2.03328
2.03328
2.03358
2.03414
2.03489
2.03568
2.03638
2.01713
2.01679
2.01642
2.01607
2.0158
2.01566
2.01566
2.0158
2.01607
2.01642
2.01679
2.01713
2.00749
2.00734
2.00718
2.00702
2.0069
2.00684
2.00684
2.0069
2.00702
2.00718
2.00734
2.00749
2.0031
2.00304
2.00297
2.00291
2.00286
2.00283
2.00283
2.00286
2.00291
2.00297
2.00304
2.0031
2.00115
2.00113
2.0011
2.00108
2.00106
2.00105
2.00105
2.00106
2.00108
2.0011
2.00113
2.00115
2.00024
2.00023
2.00023
2.00022
2.00022
2.00022
2.00022
2.00022
2.00022
2.00023
2.00023
2.00024
1.99963
1.99963
1.99964
1.99965
1.99966
1.99966
1.99966
1.99966
1.99965
1.99964
1.99963
1.99963
1.99809
1.99813
1.99817
1.99821
1.99823
1.99825
1.99825
1.99823
1.99821
1.99817
1.99813
1.99809
1.99555
1.99564
1.99575
1.99584
1.99592
1.99596
1.99596
1.99592
1.99584
1.99575
1.99564
1.99555
1.97662
1.97703
1.9775
1.97794
1.97828
1.97845
1.97845
1.97828
1.97794
1.9775
1.97703
1.97662
1.9795
1.97988
1.98032
1.98074
1.98105
1.98122
1.98122
1.98105
1.98074
1.98032
1.97988
1.9795
2.71582
2.71526
2.7102
2.70434
2.70026
2.69894
2.70093
2.70637
2.71492
2.72603
2.737
2.74586
2.29109
2.28069
2.27083
2.26154
2.25446
2.24998
2.24842
2.24966
2.25324
2.25838
2.26369
2.26769
2.16071
2.15429
2.14847
2.14294
2.13866
2.13581
2.13458
2.13491
2.13654
2.13907
2.14183
2.14403
2.08536
2.08186
2.07872
2.07571
2.07332
2.07163
2.07075
2.07064
2.07121
2.07227
2.07351
2.07455
2.04246
2.04071
2.03913
2.03761
2.03638
2.03549
2.03497
2.03482
2.03501
2.03544
2.03599
2.03646
2.02026
2.01942
2.01866
2.01793
2.01733
2.01688
2.01661
2.01651
2.01656
2.01674
2.01697
2.01718
2.00896
2.00859
2.00825
2.00792
2.00765
2.00744
2.00731
2.00726
2.00727
2.00734
2.00744
2.00752
2.00374
2.00358
2.00344
2.0033
2.00318
2.0031
2.00304
2.00301
2.00302
2.00304
2.00308
2.00311
2.00139
2.00133
2.00128
2.00123
2.00119
2.00115
2.00113
2.00112
2.00112
2.00113
2.00114
2.00115
2.00029
2.00028
2.00027
2.00026
2.00025
2.00024
2.00024
2.00023
2.00023
2.00024
2.00024
2.00024
1.99955
1.99957
1.99959
1.99961
1.99962
1.99963
1.99964
1.99964
1.99964
1.99964
1.99963
1.99963
1.99777
1.99786
1.99794
1.99801
1.99807
1.99812
1.99815
1.99816
1.99815
1.99813
1.99811
1.99809
1.99468
1.99491
1.99512
1.99533
1.99549
1.99562
1.9957
1.99572
1.99571
1.99566
1.9956
1.99554
1.97332
1.97438
1.9753
1.97619
1.97688
1.97738
1.97764
1.97768
1.97753
1.97723
1.97688
1.97658
1.97637
1.97734
1.97821
1.97904
1.9797
1.98017
1.98042
1.98047
1.98033
1.98005
1.97973
1.97946
)
;
    }
    outlet
    {
        type            fixedValue;
        value           uniform 1;
    }
}


// ************************************************************************* //
